0 0 23 0 0 0 688 42 0 2 0 1 1 1236 0 0 65 0 5 0 11 0 70 0 0 14 0 1 1007 306 0 0 2 9 0 0 0 0 0 0 0 0 0 0 0 0 0 0 0 0 0 0 0 0 0 0 0 1 0 0 0 0 0 0 0 0 0 0
0 0 2 0 0 0 2 1 27 0 2 1 132 7 2 3 0 0 0 1 1 283 1 175 376 8 1621 5 1 0 2 0 0 3 0 178 3 0 0 0 0 0 2 0 1 0 6 0 0 6 0 0 0 0 0 22 3 1 3 11 180 1 0 0 0 0 0 0
23 2 0 0 0 6 171 195 0 9 0 0 0 238 1 0 364 0 34 0 75 0 1916 3 0 1999 2827 37 4 76 0 0 0 5 0 16 106 0 0 0 0 0 0 0 0 0 0 0 0 3 16 0 4 0 1 3 20 0 0 30 372 0 0 0 0 0 0 1
0 0 0 0 6 32 2 16 105 417 0 1029 10 13 22 0 0 0 0 3010 0 0 0 515 0 0 1 1506 19 0 0 0 1 25 0 0 0 74 0 0 0 0 68 1 0 22 0 0 2 0 0 0 0 10 0 0 0 92 0 0 0 5 0 0 0 0 0 0
0 0 0 6 0 266 0 0 31 0 9 40 162 1 1001 0 0 0 0 0 1 0 0 9 0 0 0 5 2 0 0 103 0 153 0 0 0 0 1 0 0 0 0 0 0 1 0 0 1 0 0 0 0 0 0 0 0 0 0 0 0 0 0 0 0 0 0 0
0 0 6 32 266 0 418 2843 63 1567 24 3706 75 50 907 0 0 1 2 42 0 1 2 16 1 1 0 410 24 0 1 81 1 181 0 0 0 1 0 4 0 0 6 2 0 0 2 0 2 0 0 0 0 1 0 0 0 13 0 0 0 8 1 0 0 0 0 3
688 2 171 2 0 418 0 354 4 2016 0 17 6 1446 11 0 2 0 1 3 10 0 128 6 0 10 33 4960 125 2060 0 1 13 71 0 0 0 0 0 0 0 0 2 0 0 0 0 0 0 0 0 0 0 0 0 2 0 0 0 0 0 0 0 0 0 0 0 0
42 1 195 16 0 2843 354 0 11 499 1 216 26 2544 58 0 71 5 3 21 6 1 161 14 0 38 2 55 36 26 0 275 0 27 0 0 0 0 0 0 0 0 1 0 0 1 0 0 0 0 0 0 0 0 0 0 0 18 0 0 0 2 0 0 0 0 0 0
0 27 0 105 31 63 4 11 0 33 6 271 57 5 273 0 0 1 1 137 0 455 1 1507 49 5 152 70 9 0 0 5 0 28 0 0 0 17 0 2 0 0 151 30 0 9 0 2 1 1 1 0 0 14 0 1 0 51 1 0 1 24 8 1 0 0 2 4
2 0 9 417 0 1567 2016 499 33 0 0 807 25 378 38 0 0 0 0 392 0 0 8 49 0 1 0 1442 163 2 0 2 0 186 0 0 0 0 0 4 0 0 67 0 0 38 0 0 2 0 0 0 0 1 0 0 0 117 0 0 0 0 0 0 0 0 0 1
0 2 0 0 9 24 0 1 6 0 0 12 606 25 18 0 29 1490 973 1 0 4 1 0 38 881 8 1 320 2 55 228 3 789 0 1 0 0 0 0 0 0 0 0 12 0 86 0 0 0 0 0 0 0 0 0 0 0 2 0 15 0 0 0 13 0 0 0
1 1 0 1029 40 3706 17 216 271 807 12 0 48 98 601 0 0 0 4 1214 0 0 0 612 2 0 4 137 119 0 0 11 0 133 0 0 0 32 0 76 0 0 27 73 0 456 1 0 8 0 0 0 0 16 0 0 0 13 0 0 0 27 1 0 0 0 0 2
1 132 0 10 162 75 6 26 57 25 606 48 0 22 112 0 1 11 11 6 2 98 0 27 1019 56 613 12 46 0 432 251 1 589 0 22 0 1 1 1 0 2 8 1 54 6 694 0 6 0 0 0 0 3 0 6 0 1 169 31 245 1 3 0 43 0 0 31
1236 7 238 13 1 50 1446 2544 5 378 25 98 22 0 29 0 176 4 8 13 39 1 363 10 0 76 6 64 1442 485 0 91 2 34 0 0 0 0 0 0 0 0 1 0 0 0 0 0 0 0 0 0 0 0 0 1 0 6 1 0 0 2 0 0 0 0 0 0
0 2 1 22 1001 907 11 58 273 38 18 601 112 29 0 0 0 2 5 24 18 13 20 135 1 5 4 56 43 6 4 19 0 249 0 0 0 4 0 6 0 0 6 3 0 6 1 0 3 0 0 0 0 6 0 0 0 28 2 0 0 13 2 0 0 0 0 3
0 3 0 0 0 0 0 0 0 0 0 0 0 0 0 0 0 0 0 0 354 1286 880 548 0 0 757 102 0 0 0 0 0 1 0 0 1 0 0 0 0 0 0 0 0 0 0 0 0 326 0 0 0 0 25 37 162 20 0 0 10 16 0 3 0 0 0 3
65 0 364 0 0 0 2 71 0 0 29 0 1 176 0 0 0 13 1810 0 10 0 755 1 0 802 260 1 115 31 0 0 8 1415 0 6 24 0 0 0 0 0 0 0 0 0 0 0 0 0 2 0 1 0 0 1 6 0 0 11 70 0 0 0 0 0 0 2
0 0 0 0 0 1 0 5 1 0 1490 0 11 4 2 0 13 0 419 0 0 0 0 0 0 639 0 0 35 0 0 2 1 44 0 0 0 0 0 0 0 0 0 0 1 0 3 0 0 0 0 0 0 0 0 0 0 0 0 2 0 0 0 0 3 0 0 0
5 0 34 0 0 2 1 3 1 0 973 4 11 8 5 0 1810 419 0 0 1 0 11 0 0 848 50 0 45 4 0 0 4 862 0 0 0 0 0 0 0 0 0 0 0 0 0 0 0 0 0 0 0 0 0 1 0 0 0 10 12 0 0 0 2 0 0 0
0 1 0 3010 0 42 3 21 137 392 1 1214 6 13 24 0 0 0 0 0 0 1 0 250 0 0 0 132 20 0 0 0 1 16 0 0 0 10 0 7 0 0 55 0 0 25 0 0 2 0 0 0 0 24 0 1 0 131 0 0 0 10 0 0 0 0 0 0
11 1 75 0 1 0 10 6 0 0 0 0 2 39 18 354 10 0 1 0 0 75 5590 0 0 5 29 2081 70 2671 0 0 8 999 1 0 0 0 0 0 0 0 0 0 0 0 0 0 0 68 0 0 0 0 43 60 5 131 0 0 0 32 9 20 0 0 3 35
0 283 0 0 0 1 0 1 455 0 4 0 98 1 13 1286 0 0 0 1 75 0 28 1164 97 0 293 52 0 0 0 0 0 1 2 7 1 0 0 0 3 1 20 0 0 0 1 0 0 126 1 0 0 0 10 201 23 82 0 1 19 39 2 2 0 0 2 3
70 1 1916 0 0 2 128 161 1 8 1 0 0 363 20 880 755 0 11 0 5590 28 0 25 0 55 3106 308 229 403 0 1 7 1741 0 3 15 0 0 0 0 0 1 0 0 0 0 0 0 350 2 0 0 0 33 20 153 15 0 0 138 5 1 10 0 0 0 3
0 175 3 515 9 16 6 14 1507 49 0 612 27 10 135 548 1 0 0 250 0 1164 25 0 63 1 503 2027 20 2 0 0 0 29 0 5 1 66 0 5 0 0 32 32 0 8 0 1 4 15 0 0 0 21 5 49 4 209 0 0 5 58 23 15 0 0 2 45
0 376 0 0 0 1 0 0 49 0 38 2 1019 0 1 0 0 0 0 0 0 97 0 63 0 4 825 0 0 0 9 1 0 0 0 75 0 0 1 0 0 0 1 0 30 0 171 0 0 0 0 0 0 0 0 4 0 0 211 13 74 0 0 0 11 0 0 1
14 8 1999 0 0 1 10 38 5 1 881 0 56 76 5 0 802 639 848 0 5 0 55 1 4 0 3276 5 72 8 272 5 0 73 0 16 2 0 0 0 0 0 1 0 7 0 104 0 0 0 13 2 14 0 0 3 0 0 7 276 419 0 0 0 49 0 0 0
0 1621 2827 1 0 0 33 2 152 0 8 4 613 6 4 757 260 0 50 0 29 293 3106 503 825 3276 0 390 18 4 116 1 1 447 0 188 111 0 0 0 0 0 1 0 2 0 101 0 0 495 18 1 11 0 4 120 561 5 61 266 2351 5 0 0 27 0 0 8
1 5 37 1506 5 410 4960 55 70 1442 1 137 12 64 56 102 1 0 0 132 2081 52 308 2027 0 5 390 0 106 864 0 0 28 113 2 1 1 1 0 7 1 0 50 0 0 7 0 0 4 8 0 0 0 1 6 35 0 243 0 0 2 54 30 23 0 0 1 42
1007 1 4 19 2 24 125 36 9 163 320 119 46 1442 43 0 115 35 45 20 70 0 229 20 0 72 18 106 0 1589 8 41 1135 934 1 2 0 0 0 0 0 0 2 0 0 0 3 0 2 0 0 0 0 0 0 0 0 12 0 0 0 9 3 2 0 0 1 5
306 0 76 0 0 0 2060 26 0 2 2 0 0 485 6 0 31 0 4 0 2671 0 403 2 0 8 4 864 1589 0 0 0 317 596 3 0 0 0 0 0 0 0 0 0 0 0 0 0 0 1 0 0 0 0 2 2 0 13 0 0 1 11 2 1 0 0 0 2
0 2 0 0 0 1 0 0 0 0 55 0 432 0 4 0 0 0 0 0 0 0 0 0 9 272 116 0 8 0 0 0 1 3 0 2 0 0 0 0 0 0 0 0 7 0 122 0 0 0 0 0 0 0 0 0 0 0 4 20 69 0 0 0 35 0 0 0
0 0 0 0 103 81 1 275 5 2 228 11 251 91 19 0 0 2 0 0 0 0 1 0 1 5 1 0 41 0 0 0 0 243 0 0 0 0 0 0 0 0 0 0 0 0 0 0 0 0 0 0 0 0 0 0 0 0 0 0 0 0 0 0 0 0 0 0
2 0 0 1 0 1 13 0 0 0 3 0 1 2 0 0 8 1 4 1 8 0 7 0 0 0 1 28 1135 317 1 0 0 424 0 0 0 0 0 0 0 0 0 0 0 0 0 0 0 0 0 0 0 0 0 0 0 4 1 0 0 1 0 0 0 0 0 0
9 3 5 25 153 181 71 27 28 186 789 133 589 34 249 1 1415 44 862 16 999 1 1741 29 0 73 447 113 934 596 3 243 424 0 0 6 10 0 0 1 0 0 2 0 0 1 5 0 1 3 0 0 0 1 4 2 5 22 2 7 50 17 6 4 0 0 1 4
0 0 0 0 0 0 0 0 0 0 0 0 0 0 0 0 0 0 0 0 1 2 0 0 0 0 0 2 1 3 0 0 0 0 0 0 0 2 0 4 273 50 1 6 2 2 0 1046 1 0 3 0 2 0 1 0 0 5 0 5 0 15 993 512 0 0 0 14
0 178 16 0 0 0 0 0 0 0 1 0 22 0 0 0 6 0 0 0 0 7 3 5 75 16 188 1 2 0 2 0 0 6 0 0 1 0 1 0 0 1 37 0 0 1 61 2 4 2 1 0 0 0 0 424 1 54 500 6 1555 1 0 0 0 0 0 1
0 3 106 0 0 0 0 0 0 0 0 0 0 0 0 1 24 0 0 0 0 1 15 1 0 2 111 1 0 0 0 0 0 10 0 1 0 0 0 17 326 98 1 4 0 0 0 60 0 0 217 0 9 0 43 0 2406 7 0 654 2636 187 1 13 0 0 0 6
0 0 0 74 0 1 0 0 17 0 0 32 1 0 4 0 0 0 0 10 0 0 0 66 0 0 0 1 0 0 0 0 0 0 2 0 0 0 9 19 0 9 209 734 0 1352 0 12 21 0 0 0 0 2413 1 0 0 539 0 0 0 1473 27 0 0 0 0 34
0 0 0 0 1 0 0 0 0 0 0 0 1 0 0 0 0 0 0 0 0 0 0 0 1 0 0 0 0 0 0 0 0 0 0 1 0 9 0 227 1 33 82 1 2 31 9 1 947 0 0 0 0 1 0 2 0 25 0 0 0 8 1 0 0 231 0 54
0 0 0 0 0 4 0 0 2 4 0 76 1 0 6 0 0 0 0 7 0 0 0 5 0 0 0 7 0 0 0 0 0 1 4 0 17 19 227 0 225 2839 52 2990 2 2620 0 34 301 0 1 0 0 10 5 1 3 28 0 1 3 497 34 3 0 29 0 32
0 0 0 0 0 0 0 0 0 0 0 0 0 0 0 0 0 0 0 0 0 3 0 0 0 0 0 1 0 0 0 0 0 0 273 0 326 0 1 225 0 668 4 1460 1 18 0 2131 1 2 205 0 20 0 135 1 305 27 0 119 29 4662 55 2434 0 0 2 41
0 0 0 0 0 0 0 0 0 0 0 0 2 0 0 0 0 0 0 0 0 1 0 0 0 0 0 0 0 0 0 0 0 0 50 1 98 9 33 2839 668 0 30 1263 13 148 15 3237 75 0 4 2 0 8 18 3 18 9 1 15 1 74 57 34 2 173 0 34
0 2 0 68 0 6 2 1 151 67 0 27 8 1 6 0 0 0 0 55 0 20 1 32 1 1 1 50 2 0 0 0 0 2 1 37 1 209 82 52 4 30 0 129 11 809 12 21 330 0 0 1 2 143 0 298 0 1537 46 3 156 141 24 4 0 3 1 32
0 0 0 1 0 2 0 0 30 0 0 73 1 0 3 0 0 0 0 0 0 0 0 32 0 0 0 0 0 0 0 0 0 0 6 0 4 734 1 2990 1460 1263 129 0 0 1672 0 213 22 0 0 0 0 791 5 0 5 66 0 0 0 2315 267 1 0 0 0 308
0 1 0 0 0 0 0 0 0 0 12 0 54 0 0 0 0 1 0 0 0 0 0 0 30 7 2 0 0 0 7 0 0 0 2 0 0 0 2 2 1 13 11 0 0 20 865 64 8 0 21 1352 76 4 4 1 2 7 26 848 3 3 440 14 78 42 0 1129
0 0 0 22 1 0 0 1 9 38 0 456 6 0 6 0 0 0 0 25 0 0 0 8 0 0 0 7 0 0 0 0 0 1 2 1 0 1352 31 2620 18 148 809 1672 20 0 1 127 548 1 0 0 0 2402 0 0 0 238 1 1 0 174 93 0 0 0 0 151
0 6 0 0 0 2 0 0 0 0 86 1 694 0 1 0 0 3 0 0 0 1 0 0 171 104 101 0 3 0 122 0 0 5 0 61 0 0 9 0 0 15 12 0 865 1 0 20 6 0 0 0 0 0 0 45 0 4 894 17 1105 0 184 0 305 149 0 585
0 0 0 0 0 0 0 0 2 0 0 0 0 0 0 0 0 0 0 0 0 0 0 1 0 0 0 0 0 0 0 0 0 0 1046 2 60 12 1 34 2131 3237 21 213 64 127 20 0 15 0 20 6 4 20 10 0 19 8 0 40 5 66 1887 255 1 0 1 86
0 0 0 2 1 2 0 0 1 2 0 8 6 0 3 0 0 0 0 2 0 0 0 4 0 0 0 4 2 0 0 0 0 1 1 4 0 21 947 301 1 75 330 22 8 548 6 15 0 0 0 0 0 7 4 20 0 100 3 1 15 39 12 3 0 16 0 27
0 6 3 0 0 0 0 0 1 0 0 0 0 0 0 326 0 0 0 0 68 126 350 15 0 0 495 8 0 1 0 0 0 3 0 2 0 0 0 0 2 0 0 0 0 1 0 0 0 0 1 0 0 1 618 1247 560 1216 0 2 1237 354 0 2 0 0 0 4
0 0 16 0 0 0 0 0 1 0 0 0 0 0 0 0 2 0 0 0 0 1 2 0 0 13 18 0 0 0 0 0 0 0 3 1 217 0 0 1 205 4 0 0 21 0 0 20 0 1 0 20 789 0 69 4 1926 2 0 277 427 24 6 231 0 0 0 848
0 0 0 0 0 0 0 0 0 0 0 0 0 0 0 0 0 0 0 0 0 0 0 0 0 2 1 0 0 0 0 0 0 0 0 0 0 0 0 0 0 2 1 0 1352 0 0 6 0 0 20 0 467 0 3 1 6 2 0 357 6 0 4 8 0 0 0 202
0 0 4 0 0 0 0 0 0 0 0 0 0 0 0 0 1 0 0 0 0 0 0 0 0 14 11 0 0 0 0 0 0 0 2 0 9 0 0 0 20 0 2 0 76 0 0 4 0 0 789 467 0 0 20 0 22 0 0 1088 73 2 13 81 0 0 0 675
0 0 0 10 0 1 0 0 14 1 0 16 3 0 6 0 0 0 0 24 0 0 0 21 0 0 0 1 0 0 0 0 0 1 0 0 0 2413 1 10 0 8 143 791 4 2402 0 20 7 1 0 0 0 0 0 0 0 97 1 0 0 293 14 0 0 0 0 28
0 0 1 0 0 0 0 0 0 0 0 0 0 0 0 25 0 0 0 0 43 10 33 5 0 0 4 6 0 2 0 0 0 4 1 0 43 1 0 5 135 18 0 5 4 0 0 10 4 618 69 3 20 0 0 3 5652 29 0 5 51 1903 2 2196 0 0 2 793
0 22 3 0 0 0 2 0 1 0 0 0 6 1 0 37 1 0 1 1 60 201 20 49 4 3 120 35 0 2 0 0 0 2 0 424 0 0 2 1 1 3 298 0 1 0 45 0 20 1247 4 1 0 0 3 0 2 1590 127 2 929 51 5 19 0 0 2 16
0 3 20 0 0 0 0 0 0 0 0 0 0 0 0 162 6 0 0 0 5 23 153 4 0 0 561 0 0 0 0 0 0 5 0 1 2406 0 0 3 305 18 0 5 2 0 0 19 0 560 1926 6 22 0 5652 2 0 28 0 243 1602 371 6 201 0 0 0 792
1 1 0 92 0 13 0 18 51 117 0 13 1 6 28 20 0 0 0 131 131 82 15 209 0 0 5 243 12 13 0 0 4 22 5 54 7 539 25 28 27 9 1537 66 7 238 4 8 100 1216 2 2 0 97 29 1590 28 0 26 4 425 1829 44 11 0 1 12 49
0 3 0 0 0 0 0 0 1 0 2 0 169 1 2 0 0 0 0 0 0 0 0 0 211 7 61 0 0 0 4 0 1 2 0 500 0 0 0 0 0 1 46 0 26 1 894 0 3 0 0 0 0 1 0 127 0 26 0 4 1077 0 7 0 0 2 0 36
0 11 30 0 0 0 0 0 0 0 0 0 31 0 0 0 11 2 10 0 0 1 0 0 13 276 266 0 0 0 20 0 0 7 5 6 654 0 0 1 119 15 3 0 848 1 17 40 1 2 277 357 1088 0 5 2 243 4 4 0 2537 15 16 25 301 0 0 79
0 180 372 0 0 0 0 0 1 0 15 0 245 0 0 10 70 0 12 0 0 19 138 5 74 419 2351 2 0 1 69 0 0 50 0 1555 2636 0 0 3 29 1 156 0 3 0 1105 5 15 1237 427 6 73 0 51 929 1602 425 1077 2537 0 228 1 16 79 0 0 198
0 1 0 5 0 8 0 2 24 0 0 27 1 2 13 16 0 0 0 10 32 39 5 58 0 0 5 54 9 11 0 0 1 17 15 1 187 1473 8 497 4662 74 141 2315 3 174 0 66 39 354 24 0 2 293 1903 51 371 1829 0 15 228 0 239 712 0 0 32 193
0 0 0 0 0 1 0 0 8 0 0 1 3 0 2 0 0 0 0 0 9 2 1 23 0 0 0 30 3 2 0 0 0 6 993 0 1 27 1 34 55 57 24 267 440 93 184 1887 12 0 6 4 13 14 2 5 6 44 7 16 1 239 0 910 13 118 554 1232
0 0 0 0 0 0 0 0 1 0 0 0 0 0 0 3 0 0 0 0 20 2 10 15 0 0 0 23 2 1 0 0 0 4 512 0 13 0 0 3 2434 34 4 1 14 0 0 255 3 2 231 8 81 0 2196 19 201 11 0 25 16 712 910 0 0 0 220 1525
0 0 0 0 0 0 0 0 0 0 13 0 43 0 0 0 0 3 2 0 0 0 0 0 11 49 27 0 0 0 35 0 0 0 0 0 0 0 0 0 0 2 0 0 78 0 305 1 0 0 0 0 0 0 0 0 0 0 0 301 79 0 13 0 0 1 0 11
0 0 0 0 0 0 0 0 0 0 0 0 0 0 0 0 0 0 0 0 0 0 0 0 0 0 0 0 0 0 0 0 0 0 0 0 0 0 231 29 0 173 3 0 42 0 149 0 16 0 0 0 0 0 0 0 0 1 2 0 0 0 118 0 1 0 0 408
0 0 0 0 0 0 0 0 2 0 0 0 0 0 0 0 0 0 0 0 3 2 0 2 0 0 0 1 1 0 0 0 0 1 0 0 0 0 0 0 2 0 1 0 0 0 0 1 0 0 0 0 0 0 2 2 0 12 0 0 0 32 554 220 0 0 0 295
0 0 1 0 0 3 0 0 4 1 0 2 31 0 3 3 2 0 0 0 35 3 3 45 1 0 8 42 5 2 0 0 0 4 14 1 6 34 54 32 41 34 32 308 1129 151 585 86 27 4 848 202 675 28 793 16 792 49 36 79 198 193 1232 1525 11 408 295 0
