0 0 37 5 0 8 520 87 1 20 2 0 0 1342 0 0 22 1 4 2 4 0 26 0 0 29 4 3 1221 160 0 0 0 9 0 0 0 0 0 0 0 0 0 0 0 0 0 0 0 1 0 0 0 0 0 0 0 1 0 0 0 0 0 0 0 0 0 0
0 0 0 0 1 2 1 1 48 0 1 0 66 1 3 0 2 0 0 0 0 194 0 43 422 4 1521 2 0 0 0 0 0 10 0 168 0 0 0 0 0 1 0 0 0 0 8 0 0 0 2 0 2 0 0 12 0 2 7 17 153 0 0 0 1 0 0 1
37 0 0 0 0 8 305 162 0 4 0 0 0 134 0 1 1021 0 6 0 235 0 2061 9 0 3209 2421 146 7 69 0 0 0 79 0 0 77 0 0 0 0 0 0 0 0 0 0 0 0 0 5 0 0 0 1 0 12 0 0 3 234 0 0 0 0 0 0 2
5 0 0 0 9 47 7 25 114 1211 0 954 1 34 38 0 0 0 0 3232 0 0 0 806 0 0 0 1089 30 0 0 0 0 64 0 0 0 384 0 19 1 0 43 10 0 78 0 0 9 0 0 0 0 131 0 1 0 219 0 0 0 76 0 0 0 0 0 1
0 1 0 9 0 154 1 1 206 4 45 71 3 0 911 0 0 0 0 3 4 9 8 35 0 0 2 12 4 0 0 375 1 553 0 0 0 0 12 13 0 0 3 0 0 8 0 0 18 0 0 0 0 0 0 0 1 3 0 0 1 0 0 0 0 0 0 0
8 2 8 47 154 0 446 1603 176 2019 10 4424 2 41 593 0 2 1 1 58 1 0 2 55 0 4 4 132 31 2 0 34 0 68 0 0 0 15 9 13 1 16 13 9 0 159 0 0 40 0 0 0 0 33 0 0 0 23 1 0 0 10 9 0 0 0 1 11
520 1 305 7 1 446 0 533 13 1714 7 29 0 1028 7 0 13 1 1 1 218 0 193 18 1 16 23 4811 64 1161 0 0 0 59 0 0 0 0 0 0 0 0 5 0 0 3 0 0 0 0 0 0 0 1 0 0 0 8 0 0 0 6 0 0 0 0 0 0
87 1 162 25 1 1603 533 0 27 831 7 269 1 3156 34 0 127 2 20 29 15 0 149 9 0 152 11 28 42 109 0 532 0 83 0 0 0 0 0 1 0 0 0 2 0 9 0 0 1 0 0 0 0 0 0 0 0 0 0 0 0 0 0 0 0 0 0 2
1 48 0 114 206 176 13 27 0 29 19 235 37 10 471 0 0 0 1 64 0 481 0 1835 178 6 241 69 23 0 0 6 1 17 0 5 0 21 1 4 1 2 188 16 1 26 2 9 10 1 0 0 0 21 0 4 0 58 5 0 8 48 7 0 0 0 1 4
20 0 4 1211 4 2019 1714 831 29 0 13 1108 1 616 12 0 2 4 3 564 0 0 2 46 0 6 1 1396 98 1 0 1 0 122 0 0 0 5 1 6 2 0 9 6 0 12 0 0 10 0 0 0 0 24 0 0 0 196 0 0 0 23 1 0 0 0 1 2
2 1 0 0 45 10 7 7 19 13 0 24 491 20 3 0 3 2054 230 1 0 2 0 1 70 703 24 8 151 0 43 109 0 1009 0 0 0 0 0 0 0 0 0 0 23 0 106 0 0 0 0 0 0 0 0 0 0 0 28 2 9 0 0 0 12 0 0 0
0 0 0 954 71 4424 29 269 235 1108 24 0 0 99 810 0 0 5 5 1771 1 0 0 613 2 11 2 109 61 0 1 3 0 89 0 0 0 295 5 56 1 6 45 35 1 455 0 3 33 0 0 0 0 69 0 1 0 70 2 0 1 63 2 0 0 0 0 5
0 66 0 1 3 2 0 1 37 1 491 0 0 0 9 0 0 0 0 0 0 32 0 4 532 102 515 3 5 0 177 8 0 361 0 0 0 0 1 0 0 0 0 0 29 0 586 0 1 0 0 0 1 0 0 0 0 0 48 9 34 0 0 0 33 0 0 1
1342 1 134 34 0 41 1028 3156 10 616 20 99 0 0 9 0 164 6 19 28 10 0 181 21 1 90 12 146 1112 438 0 40 25 81 0 0 0 0 0 2 0 0 2 0 0 2 0 0 4 2 0 0 0 0 0 0 0 2 0 0 1 0 0 0 0 0 0 1
0 3 0 38 911 593 7 34 471 12 3 810 9 9 0 2 0 0 0 6 14 24 14 204 9 0 64 90 17 0 0 7 0 60 0 0 0 13 10 8 0 15 6 13 0 45 2 6 22 4 0 0 0 12 0 1 3 9 0 0 7 2 5 0 0 0 0 12
0 0 1 0 0 0 0 0 0 0 0 0 0 0 2 0 0 0 1 0 244 683 1146 388 0 0 1171 23 0 1 0 0 0 2 0 0 0 0 0 0 0 0 1 0 0 0 0 0 0 517 0 0 0 0 7 82 101 17 0 0 403 1 0 0 0 0 0 0
22 2 1021 0 0 2 13 127 0 2 3 0 0 164 0 0 0 16 1250 0 20 0 952 1 0 896 661 4 85 139 0 0 15 1362 0 0 21 0 0 0 0 0 0 0 0 0 0 0 0 0 4 0 4 0 0 0 3 0 0 7 103 0 0 0 0 0 0 1
1 0 0 0 0 1 1 2 0 4 2054 5 0 6 0 0 16 0 1021 0 0 0 5 0 0 627 14 0 18 1 0 0 0 67 0 1 0 0 0 0 0 0 0 0 0 0 2 0 0 0 0 0 1 0 0 0 0 0 1 7 13 0 0 0 1 0 0 0
4 0 6 0 0 1 1 20 1 3 230 5 0 19 0 1 1250 1021 0 0 2 0 21 2 0 1153 112 3 38 14 0 1 6 811 0 1 3 0 0 0 0 0 0 0 0 0 0 0 0 0 1 0 3 0 0 0 0 0 0 10 24 0 0 0 0 0 0 2
2 0 0 3232 3 58 1 29 64 564 1 1771 0 28 6 0 0 0 0 0 0 0 0 103 0 0 0 103 14 0 0 1 0 29 0 0 0 41 0 27 8 1 29 61 0 56 0 0 12 0 0 0 0 120 0 0 0 150 0 0 0 131 0 0 0 0 0 1
4 0 235 0 4 1 218 15 0 0 0 1 0 10 14 244 20 0 2 0 0 5 6233 17 0 4 185 1687 36 3099 0 0 16 1278 0 0 1 0 0 0 0 0 1 0 0 0 0 0 0 95 0 0 0 0 20 12 33 22 0 0 15 3 0 3 0 0 0 0
0 194 0 0 9 0 0 0 481 0 2 0 32 0 24 683 0 0 0 0 5 0 0 681 154 1 885 6 0 0 0 0 0 6 0 12 1 0 0 0 0 0 25 0 0 0 12 0 1 116 0 0 1 0 1 352 4 58 2 0 113 4 0 0 0 0 0 0
26 0 2061 0 8 2 193 149 0 2 0 0 0 181 14 1146 952 5 21 0 6233 0 0 56 0 108 2792 203 82 572 0 0 5 2080 0 0 22 0 0 0 0 0 0 0 0 0 0 0 1 126 1 0 0 0 3 18 271 4 0 1 588 1 0 0 0 0 0 9
0 43 9 806 35 55 18 9 1835 46 1 613 4 21 204 388 1 0 2 103 17 681 56 0 61 2 637 1494 55 8 0 0 6 84 0 1 0 52 0 7 5 0 87 87 0 43 0 2 12 165 0 0 0 86 20 40 35 408 1 0 20 174 17 1 0 0 2 62
0 422 0 0 0 0 1 0 178 0 70 2 532 1 9 0 0 0 0 0 0 154 0 61 0 2 603 0 0 0 2 1 0 64 0 7 0 0 1 0 0 0 2 0 49 0 321 0 0 0 0 0 0 0 0 0 0 0 376 20 168 0 0 0 15 3 0 2
29 4 3209 0 0 4 16 152 6 6 703 11 102 90 0 0 896 627 1153 0 4 1 108 2 2 0 3167 1 83 15 120 4 2 234 0 15 27 0 0 0 0 0 1 0 4 0 124 0 0 0 10 0 18 0 0 0 0 0 15 255 548 0 0 0 117 0 0 7
4 1521 2421 0 2 4 23 11 241 1 24 2 515 12 64 1171 661 14 112 0 185 885 2792 637 603 3167 0 293 26 6 52 0 1 653 0 287 248 0 0 0 0 0 6 0 3 0 218 0 0 75 26 1 22 0 4 157 284 10 78 407 5253 1 0 0 96 0 0 58
3 2 146 1089 12 132 4811 28 69 1396 8 109 3 146 90 23 4 0 3 103 1687 6 203 1494 0 1 293 0 296 1109 0 1 25 409 1 0 0 17 0 8 1 1 42 16 0 24 0 3 8 75 0 0 0 58 24 12 31 287 0 0 8 88 4 1 0 0 2 26
1221 0 7 30 4 31 64 42 23 98 151 61 5 1112 17 0 85 18 38 14 36 0 82 55 0 83 26 296 0 1104 2 87 820 843 0 0 0 1 0 3 1 1 9 0 0 0 0 0 3 1 0 0 0 0 0 0 1 18 0 1 2 2 0 0 0 0 0 2
160 0 69 0 0 2 1161 109 0 1 0 0 0 438 0 1 139 1 14 0 3099 0 572 8 0 15 6 1109 1104 0 0 0 327 987 0 0 0 0 0 0 0 0 1 0 0 0 0 0 0 1 0 0 0 0 0 0 0 2 0 0 2 1 0 0 0 0 0 0
0 0 0 0 0 0 0 0 0 0 43 1 177 0 0 0 0 0 0 0 0 0 0 0 2 120 52 0 2 0 0 0 0 3 0 0 0 0 0 0 0 0 0 0 3 0 92 0 0 0 0 0 0 0 0 0 0 0 0 5 12 0 0 0 33 0 0 0
0 0 0 0 375 34 0 532 6 1 109 3 8 40 7 0 0 0 1 1 0 0 0 0 1 4 0 1 87 0 0 0 0 298 0 0 0 0 0 0 0 0 0 0 0 0 0 0 0 0 0 0 0 0 0 0 0 0 0 0 0 0 0 0 0 0 0 0
0 0 0 0 1 0 0 0 1 0 0 0 0 25 0 0 15 0 6 0 16 0 5 6 0 2 1 25 820 327 0 0 0 385 0 0 0 0 0 0 0 0 1 0 0 0 0 0 0 0 0 0 0 0 1 0 0 2 0 0 0 1 0 0 0 0 0 0
9 10 79 64 553 68 59 83 17 122 1009 89 361 81 60 2 1362 67 811 29 1278 6 2080 84 64 234 653 409 843 987 3 298 385 0 1 2 15 2 4 4 5 3 14 1 0 9 6 1 15 8 0 0 0 6 1 5 29 103 16 23 200 16 4 1 4 3 1 11
0 0 0 0 0 0 0 0 0 0 0 0 0 0 0 0 0 0 0 0 0 0 0 0 0 0 0 1 0 0 0 0 0 1 0 0 4 1 0 1 199 5 2 6 2 2 0 562 0 0 15 5 31 1 1 0 2 4 0 26 1 14 1356 504 0 0 3 5
0 168 0 0 0 0 0 0 5 0 0 0 0 0 0 0 0 1 1 0 0 12 0 1 7 15 287 0 0 0 0 0 0 2 0 0 1 0 1 0 0 0 73 0 0 2 82 0 24 0 2 0 1 2 0 297 0 154 538 3 1387 0 0 0 1 0 0 1
0 0 77 0 0 0 0 0 0 0 0 0 0 0 0 0 21 0 3 0 1 1 22 0 0 27 248 0 0 0 0 0 0 15 4 1 0 0 0 23 238 212 2 5 0 0 0 139 0 10 568 0 13 0 61 0 1915 1 0 1689 2510 19 3 20 0 0 0 29
0 0 0 384 0 15 0 0 21 5 0 295 0 0 13 0 0 0 0 41 0 0 0 52 0 0 0 17 1 0 0 0 0 2 1 0 0 0 5 11 3 11 78 930 0 762 0 9 14 0 0 0 0 1657 0 0 0 443 0 0 1 2156 22 0 0 0 0 18
0 0 0 0 12 9 0 0 1 1 0 5 1 0 10 0 0 0 0 0 0 0 0 0 1 0 0 0 0 0 0 0 0 4 0 1 0 5 0 318 0 3 200 3 42 52 42 0 898 1 0 0 0 1 0 24 2 12 12 1 1 4 0 0 1 39 0 473
0 0 0 19 13 13 0 1 4 6 0 56 0 2 8 0 0 0 0 27 0 0 0 7 0 0 0 8 3 0 0 0 0 4 1 0 23 11 318 0 179 1787 129 2218 3 3302 1 42 601 0 0 4 6 28 8 2 5 246 0 6 1 209 18 0 0 0 0 27
0 0 0 1 0 1 0 0 1 2 0 1 0 0 0 0 0 0 0 8 0 0 0 5 0 0 0 1 1 0 0 0 0 5 199 0 238 3 0 179 0 866 5 1520 1 10 0 1580 2 3 117 6 35 1 343 0 365 78 0 76 13 4414 46 2047 0 0 3 35
0 1 0 0 0 16 0 0 2 0 0 6 0 0 15 0 0 0 0 1 0 0 0 0 0 0 0 1 1 0 0 0 0 3 5 0 212 11 3 1787 866 0 96 407 12 223 5 1734 54 0 34 3 7 21 27 0 64 24 0 97 4 48 46 6 2 184 1 31
0 0 0 43 3 13 5 0 188 9 0 45 0 2 6 1 0 0 0 29 1 25 0 87 2 1 6 42 9 1 0 0 1 14 2 73 2 78 200 129 5 96 0 21 13 417 59 56 555 0 2 2 22 82 0 407 0 1960 143 11 93 156 59 0 0 10 1 55
0 0 0 10 0 9 0 2 16 6 0 35 0 0 13 0 0 0 0 61 0 0 0 87 0 0 0 16 0 0 0 0 0 1 6 0 5 930 3 2218 1520 407 21 0 4 1382 2 114 16 0 0 0 0 2518 2 0 2 181 0 1 0 2232 180 1 0 1 0 136
0 0 0 0 0 0 0 0 1 0 23 1 29 0 0 0 0 0 0 0 0 0 0 0 49 4 3 0 0 0 3 0 0 0 2 0 0 0 42 3 1 12 13 4 0 30 744 24 1 0 7 2305 374 4 0 0 2 3 17 590 4 3 175 4 14 221 3 1092
0 0 0 78 8 159 3 9 26 12 0 455 0 2 45 0 0 0 0 56 0 0 0 43 0 0 0 24 0 0 0 0 0 9 2 2 0 762 52 3302 10 223 417 1382 30 0 2 127 723 0 1 5 10 1590 0 0 0 640 0 11 0 307 149 0 0 5 1 174
0 8 0 0 0 0 0 0 2 0 106 0 586 0 2 0 0 2 0 0 0 12 0 0 321 124 218 0 0 0 92 0 0 6 0 82 0 0 42 1 0 5 59 2 744 2 0 0 2 0 0 0 0 0 0 22 0 15 893 17 429 2 6 0 408 54 0 124
0 0 0 0 0 0 0 0 9 0 0 3 0 0 6 0 0 0 0 0 0 0 0 2 0 0 0 3 0 0 0 0 0 1 562 0 139 9 0 42 1580 1734 56 114 24 127 0 0 29 0 145 4 53 31 4 0 32 32 0 196 13 122 1446 295 3 62 0 26
0 0 0 9 18 40 0 1 10 10 0 33 1 4 22 0 0 0 0 12 0 1 1 12 0 0 0 8 3 0 0 0 0 15 0 24 0 14 898 601 2 54 555 16 1 723 2 29 0 7 0 0 0 3 9 35 18 151 16 1 16 52 14 0 0 13 0 22
1 0 0 0 0 0 0 0 1 0 0 0 0 2 4 517 0 0 0 0 95 116 126 165 0 0 75 75 1 1 0 0 0 8 0 0 10 0 1 0 3 0 0 0 0 0 0 0 7 0 1 0 0 0 97 885 977 705 0 3 2291 124 1 2 0 0 1 5
0 2 5 0 0 0 0 0 0 0 0 0 0 0 0 0 4 0 1 0 0 0 1 0 0 10 26 0 0 0 0 0 0 0 15 2 568 0 0 0 117 34 2 0 7 1 0 145 0 1 0 16 1496 0 24 0 1130 2 0 797 379 1 41 214 0 0 0 1064
0 0 0 0 0 0 0 0 0 0 0 0 0 0 0 0 0 0 0 0 0 0 0 0 0 0 1 0 0 0 0 0 0 0 5 0 0 0 0 4 6 3 2 0 2305 5 0 4 0 0 16 0 718 0 0 0 1 2 0 197 0 0 21 9 0 2 1 89
0 2 0 0 0 0 0 0 0 0 0 0 1 0 0 0 4 1 3 0 0 1 0 0 0 18 22 0 0 0 0 0 0 0 31 1 13 0 0 6 35 7 22 0 374 10 0 53 0 0 1496 718 0 1 3 1 11 16 0 977 56 2 136 142 0 1 20 735
0 0 0 131 0 33 1 0 21 24 0 69 0 0 12 0 0 0 0 120 0 0 0 86 0 0 0 58 0 0 0 0 0 6 1 2 0 1657 1 28 1 21 82 2518 4 1590 0 31 3 0 0 0 1 0 0 0 0 111 0 0 0 714 49 0 0 1 0 37
0 0 1 0 0 0 0 0 0 0 0 0 0 0 0 7 0 0 0 0 20 1 3 20 0 0 4 24 0 0 0 0 1 1 1 0 61 0 0 8 343 27 0 2 0 0 0 4 9 97 24 0 3 0 0 0 5805 26 0 3 118 1150 14 3033 0 0 3 674
0 12 0 1 0 0 0 0 4 0 0 1 0 0 1 82 0 0 0 0 12 352 18 40 0 0 157 12 0 0 0 0 0 5 0 297 0 0 24 2 0 0 407 0 0 0 22 0 35 885 0 0 1 0 0 0 3 785 63 3 703 4 0 0 0 0 0 1
0 0 12 0 1 0 0 0 0 0 0 0 0 0 3 101 3 0 0 0 33 4 271 35 0 0 284 31 1 0 0 0 0 29 2 0 1915 0 2 5 365 64 0 2 2 0 0 32 18 977 1130 1 11 0 5805 3 0 7 0 189 2891 74 16 577 0 0 1 1325
1 2 0 219 3 23 8 0 58 196 0 70 0 2 9 17 0 0 0 150 22 58 4 408 0 0 10 287 18 2 0 0 2 103 4 154 1 443 12 246 78 24 1960 181 3 640 15 32 151 705 2 2 16 111 26 785 7 0 126 1 350 2792 147 7 0 0 13 81
0 7 0 0 0 1 0 0 5 0 28 2 48 0 0 0 0 1 0 0 0 2 0 1 376 15 78 0 0 0 0 0 0 16 0 538 0 0 12 0 0 0 143 0 17 0 893 0 16 0 0 0 0 0 0 63 0 126 0 11 1024 1 1 0 2 8 0 81
0 17 3 0 0 0 0 0 0 0 2 0 9 0 0 0 7 7 10 0 0 0 1 0 20 255 407 0 1 0 5 0 0 23 26 3 1689 0 1 6 76 97 11 1 590 11 17 196 1 3 797 197 977 0 3 3 189 1 11 0 2561 2 65 51 72 24 0 129
0 153 234 0 1 0 0 0 8 0 9 1 34 1 7 403 103 13 24 0 15 113 588 20 168 548 5253 8 2 2 12 0 0 200 1 1387 2510 1 1 1 13 4 93 0 4 0 429 13 16 2291 379 0 56 0 118 703 2891 350 1024 2561 0 52 3 2 31 0 0 156
0 0 0 76 0 10 6 0 48 23 0 63 0 0 2 1 0 0 0 131 3 4 1 174 0 0 1 88 2 1 0 0 1 16 14 0 19 2156 4 209 4414 48 156 2232 3 307 2 122 52 124 1 0 2 714 1150 4 74 2792 1 2 52 0 363 874 0 3 44 286
0 0 0 0 0 9 0 0 7 1 0 2 0 0 5 0 0 0 0 0 0 0 0 17 0 0 0 4 0 0 0 0 0 4 1356 0 3 22 0 18 46 46 59 180 175 149 6 1446 14 1 41 21 136 49 14 0 16 147 1 65 3 363 0 1058 5 87 476 867
0 0 0 0 0 0 0 0 0 0 0 0 0 0 0 0 0 0 0 0 3 0 0 1 0 0 0 1 0 0 0 0 0 1 504 0 20 0 0 0 2047 6 0 1 4 0 0 295 0 2 214 9 142 0 3033 0 577 7 0 51 2 874 1058 0 0 0 236 853
0 1 0 0 0 0 0 0 0 0 12 0 33 0 0 0 0 1 0 0 0 0 0 0 15 117 96 0 0 0 33 0 0 4 0 1 0 0 1 0 0 2 0 0 14 0 408 3 0 0 0 0 0 0 0 0 0 0 2 72 31 0 5 0 0 10 0 11
0 0 0 0 0 0 0 0 0 0 0 0 0 0 0 0 0 0 0 0 0 0 0 0 3 0 0 0 0 0 0 0 0 3 0 0 0 0 39 0 0 184 10 1 221 5 54 62 13 0 0 2 1 1 0 0 0 0 8 24 0 3 87 0 10 0 0 521
0 0 0 0 0 1 0 0 1 1 0 0 0 0 0 0 0 0 0 0 0 0 0 2 0 0 0 2 0 0 0 0 0 1 3 0 0 0 0 0 3 1 1 0 3 1 0 0 0 1 0 1 20 0 3 0 1 13 0 0 0 44 476 236 0 0 0 371
0 1 2 1 0 11 0 2 4 2 0 5 1 1 12 0 1 0 2 1 0 0 9 62 2 7 58 26 2 0 0 0 0 11 5 1 29 18 473 27 35 31 55 136 1092 174 124 26 22 5 1064 89 735 37 674 1 1325 81 81 129 156 286 867 853 11 521 371 0
