0 1 28 0 0 1 375 40 0 0 5 0 0 1013 1 0 133 2 26 0 3 0 39 1 0 38 2 11 1491 416 0 0 11 14 0 0 0 0 0 0 0 0 0 0 0 0 0 0 0 1 0 0 0 0 3 0 0 4 0 0 0 3 0 0 0 0 0 0
1 0 2 1 3 1 2 2 14 0 7 1 90 1 2 7 4 3 2 0 1 385 5 72 487 19 2120 1 14 0 4 18 0 17 0 203 5 0 0 0 0 0 6 0 1 0 37 0 1 4 1 0 0 0 0 26 2 9 38 22 297 0 0 0 3 0 0 2
28 2 0 0 0 86 315 219 2 11 1 0 0 119 0 0 837 1 54 0 104 0 2413 0 2 2180 2868 103 12 23 0 0 0 118 0 6 124 0 0 0 0 0 0 0 0 0 0 0 0 4 5 0 1 0 0 4 82 0 0 46 411 0 0 0 0 0 0 2
0 1 0 0 20 12 0 1 227 1282 0 1740 0 0 94 0 0 0 0 2222 0 0 0 741 0 0 1 2066 5 0 0 0 0 16 0 0 0 10 0 4 0 0 63 0 0 27 0 0 9 0 0 0 0 2 0 6 0 223 0 0 0 83 0 0 0 0 1 0
0 3 0 20 0 370 3 2 113 8 21 57 210 0 816 0 0 0 0 5 3 10 3 73 9 0 0 37 19 0 0 282 0 251 0 0 0 0 1 3 0 0 0 2 0 14 9 0 13 0 0 0 0 1 0 1 0 2 6 0 1 0 0 0 1 0 0 0
1 1 86 12 370 0 342 2977 47 3273 11 2338 26 67 1097 0 17 3 1 12 1 0 62 16 0 16 0 586 81 7 0 83 0 57 0 0 0 1 0 13 0 0 3 0 0 19 0 1 4 0 0 0 0 0 1 2 0 32 1 0 0 10 0 1 0 0 0 2
375 2 315 0 3 342 0 786 6 1914 6 8 14 1175 34 0 46 0 1 0 13 0 205 36 0 10 1 4951 206 1411 0 1 5 69 0 0 0 0 0 0 0 0 2 0 0 0 0 0 0 0 0 0 0 0 1 0 0 4 0 0 0 0 0 0 0 0 0 1
40 2 219 1 2 2977 786 0 31 1322 19 131 17 3254 93 0 187 2 13 7 1 0 186 11 1 36 1 55 52 50 0 172 1 69 0 0 0 0 0 0 0 0 0 0 0 4 0 0 0 0 0 0 0 0 0 0 0 2 0 0 0 1 0 0 0 0 0 0
0 14 2 227 113 47 6 31 0 87 17 476 96 16 374 0 1 0 4 55 9 402 3 2061 74 5 244 254 43 7 2 47 2 28 0 1 0 32 11 6 2 3 232 51 2 21 2 1 27 7 0 0 0 4 6 55 1 235 2 0 7 160 3 3 0 1 0 12
0 0 11 1282 8 3273 1914 1322 87 0 6 1439 76 666 89 0 0 0 0 964 0 0 4 48 0 0 0 3511 168 1 0 3 1 261 0 0 0 0 0 2 0 0 43 0 0 16 0 0 11 0 0 0 0 0 0 4 0 145 0 0 0 0 0 0 0 0 0 0
5 7 1 0 21 11 6 19 17 6 0 8 531 13 11 0 31 1555 380 0 1 5 6 0 70 1017 57 4 487 8 55 109 11 1320 0 7 0 0 0 0 0 0 0 0 16 0 169 0 0 0 0 4 2 0 0 1 0 0 20 53 91 0 0 0 32 3 0 2
0 1 0 1740 57 2338 8 131 476 1439 8 0 69 15 871 0 0 0 0 2187 0 1 0 619 1 1 0 522 62 0 0 7 0 108 0 0 0 72 3 53 1 2 53 29 0 433 0 0 49 0 0 0 0 29 0 1 0 68 0 0 0 125 1 0 0 0 0 1
0 90 0 0 210 26 14 17 96 76 531 69 0 6 82 0 0 56 14 12 2 78 6 16 989 114 730 36 139 0 224 242 0 670 0 26 0 1 19 11 0 3 4 1 46 7 948 1 11 0 0 1 0 0 0 9 0 14 223 73 202 2 4 0 50 20 0 300
1013 1 119 0 0 67 1175 3254 16 666 13 15 6 0 9 0 301 0 26 0 5 0 127 3 1 64 1 33 2892 271 0 134 2 75 0 0 0 0 0 0 0 0 0 0 0 0 1 0 0 0 0 0 0 0 0 3 0 1 0 0 0 0 0 0 0 0 0 1
1 2 0 94 816 1097 34 93 374 89 11 871 82 9 0 0 0 0 0 34 11 35 2 155 0 1 6 183 32 0 0 112 0 32 0 0 0 31 19 6 0 1 7 29 0 86 4 2 18 0 0 0 0 15 0 0 0 59 0 0 0 93 0 0 0 0 0 5
0 7 0 0 0 0 0 0 0 0 0 0 0 0 0 0 0 0 1 0 450 482 966 541 0 0 586 306 0 0 0 0 0 17 0 1 4 0 0 0 0 0 4 0 0 0 0 0 0 590 0 0 0 0 15 117 138 156 0 0 458 20 1 2 0 0 0 5
133 4 837 0 0 17 46 187 1 0 31 0 0 301 0 0 0 26 1392 0 35 1 1651 1 1 1203 223 21 311 278 0 0 10 1330 0 1 12 0 0 0 0 0 0 0 0 0 0 0 0 0 2 0 0 0 0 0 7 0 0 7 77 0 0 0 0 0 0 0
2 3 1 0 0 3 0 2 0 0 1555 0 56 0 0 0 26 0 1294 0 0 0 1 0 0 385 10 0 28 2 0 1 8 223 0 0 0 0 0 0 0 0 0 0 1 0 6 0 0 0 0 1 0 0 0 0 0 0 2 9 11 0 0 0 2 0 0 0
26 2 54 0 0 1 1 13 4 0 380 0 14 26 0 1 1392 1294 0 0 11 0 20 3 2 2064 142 3 109 23 3 0 10 749 0 5 7 0 0 0 0 0 0 0 0 0 12 0 1 0 2 1 0 0 0 0 0 0 0 23 75 0 0 0 1 0 0 0
0 0 0 2222 5 12 0 7 55 964 0 2187 12 0 34 0 0 0 0 0 0 0 0 134 0 0 0 773 11 0 0 0 1 23 0 0 0 1 0 1 2 0 36 1 0 17 0 0 9 0 0 0 0 0 1 2 0 196 0 0 0 29 0 0 0 0 0 5
3 1 104 0 3 1 13 1 9 0 1 0 2 5 11 450 35 0 11 0 0 0 6785 14 0 7 30 2484 74 3027 0 0 16 1119 0 0 0 0 0 0 0 0 0 0 0 0 1 0 0 71 0 0 0 0 14 5 14 48 0 0 6 8 9 8 0 0 1 5
0 385 0 0 10 0 0 0 402 0 5 1 78 0 35 482 1 0 0 0 0 0 4 1067 167 11 728 3 3 0 3 0 0 4 0 27 2 0 0 0 0 0 19 0 3 0 15 0 1 39 0 0 0 0 2 217 3 68 12 1 125 2 0 0 0 0 0 2
39 5 2413 0 3 62 205 186 3 4 6 0 6 127 2 966 1651 1 20 0 6785 4 0 42 0 230 2361 495 18 405 0 0 2 1470 0 0 127 0 0 0 0 0 0 0 0 0 1 0 0 296 1 0 0 0 5 21 425 15 0 3 581 4 0 0 0 0 0 4
1 72 0 741 73 16 36 11 2061 48 0 619 16 3 155 541 1 0 3 134 14 1067 42 0 26 8 531 1411 49 5 0 2 6 43 0 4 0 16 1 5 4 0 125 36 0 18 0 1 8 119 0 0 0 2 63 150 6 959 3 0 38 356 21 5 0 0 2 66
0 487 2 0 9 0 0 1 74 0 70 1 989 1 0 0 1 0 2 0 0 167 0 26 0 14 949 0 19 0 8 33 0 8 0 12 0 0 1 0 0 0 3 0 6 0 149 0 0 0 0 1 0 0 0 4 0 1 157 37 133 0 1 0 11 1 0 8
38 19 2180 0 0 16 10 36 5 0 1017 1 114 64 1 0 1203 385 2064 0 7 11 230 8 14 0 4323 1 61 13 194 7 12 203 0 29 40 0 0 0 0 0 0 0 15 0 249 0 0 1 12 10 7 0 0 3 6 0 44 725 975 0 0 0 97 0 0 11
2 2120 2868 1 0 0 1 1 244 0 57 0 730 1 6 586 223 10 142 0 30 728 2361 531 949 4323 0 274 10 1 154 3 7 356 0 203 342 0 0 0 0 0 10 0 9 0 265 0 0 147 29 7 8 0 7 112 346 15 169 584 6350 2 0 0 51 1 0 33
11 1 103 2066 37 586 4951 55 254 3511 4 522 36 33 183 306 21 0 3 773 2484 3 495 1411 0 1 274 0 297 1421 0 2 32 563 1 1 0 0 0 2 2 0 127 1 0 43 0 2 16 23 0 0 0 0 43 28 7 514 0 0 5 56 11 4 0 0 1 31
1491 14 12 5 19 81 206 52 43 168 487 62 139 2892 32 0 311 28 109 11 74 3 18 49 19 61 10 297 0 1426 1 141 1109 1385 0 2 0 0 1 1 0 0 2 0 3 0 23 0 0 0 0 0 0 0 3 2 0 4 5 0 0 4 2 0 1 2 0 6
416 0 23 0 0 7 1411 50 7 1 8 0 0 271 0 0 278 2 23 0 3027 0 405 5 0 13 1 1421 1426 0 0 0 110 431 0 0 0 0 0 0 0 0 0 0 0 0 0 0 0 9 0 0 0 0 3 0 2 6 0 0 0 3 0 3 0 0 0 1
0 4 0 0 0 0 0 0 2 0 55 0 224 0 0 0 0 0 3 0 0 3 0 0 8 194 154 0 1 0 0 1 0 3 0 3 0 0 0 0 0 0 0 0 2 0 93 0 0 0 0 2 0 0 0 0 0 0 7 18 64 0 0 0 29 0 0 0
0 18 0 0 282 83 1 172 47 3 109 7 242 134 112 0 0 1 0 0 0 0 0 2 33 7 3 2 141 0 1 0 0 199 0 0 0 0 0 0 0 1 1 0 9 0 19 0 0 0 0 0 0 0 0 0 0 0 13 1 0 0 0 0 0 1 0 1
11 0 0 0 0 0 5 1 2 1 11 0 0 2 0 0 10 8 10 1 16 0 2 6 0 12 7 32 1109 110 0 0 0 358 0 0 0 0 0 0 0 0 0 0 0 1 0 0 0 0 0 0 0 0 2 0 0 3 0 0 0 1 1 0 0 0 0 0
14 17 118 16 251 57 69 69 28 261 1320 108 670 75 32 17 1330 223 749 23 1119 4 1470 43 8 203 356 563 1385 431 3 199 358 0 0 19 9 0 0 2 1 0 3 0 1 9 15 2 3 6 0 0 0 0 17 0 8 83 10 40 185 25 0 1 2 3 1 4
0 0 0 0 0 0 0 0 0 0 0 0 0 0 0 0 0 0 0 0 0 0 0 0 0 0 0 1 0 0 0 0 0 0 0 0 24 2 0 10 1158 58 3 7 3 2 2 1418 0 0 47 2 22 0 1 0 12 8 0 34 29 14 922 445 0 0 4 38
0 203 6 0 0 0 0 0 1 0 7 0 26 0 0 1 1 0 5 0 0 27 0 4 12 29 203 1 2 0 3 0 0 19 0 0 3 0 2 3 0 1 16 0 0 1 68 1 2 17 3 0 0 0 0 468 3 31 269 4 1389 0 3 0 2 0 0 5
0 5 124 0 0 0 0 0 0 0 0 0 0 0 0 4 12 0 7 0 0 2 127 0 0 40 342 0 0 0 0 0 0 9 24 3 0 0 0 23 217 41 1 0 0 3 0 35 1 91 810 4 37 0 87 1 2820 15 0 1843 2910 31 3 22 0 0 0 48
0 0 0 10 0 1 0 0 32 0 0 72 1 0 31 0 0 0 0 1 0 0 0 16 0 0 0 0 0 0 0 0 0 0 2 0 0 0 8 19 0 13 28 3352 1 1064 0 24 20 0 0 0 0 1257 0 0 0 1402 0 0 0 1363 27 0 0 0 0 115
0 0 0 0 1 0 0 0 11 0 0 3 19 0 19 0 0 0 0 0 0 0 0 1 1 0 0 0 1 0 0 0 0 0 0 2 0 8 0 211 1 50 92 11 50 24 104 1 663 0 0 0 0 5 0 14 0 59 0 0 1 23 2 0 0 111 0 273
0 0 0 4 3 13 0 0 6 2 0 53 11 0 6 0 0 0 0 1 0 0 0 5 0 0 0 2 1 0 0 0 0 2 10 3 23 19 211 0 443 2777 56 1783 29 1832 32 94 586 0 19 4 1 3 1 8 31 107 1 18 1 290 44 3 5 63 0 96
0 0 0 0 0 0 0 0 2 0 0 1 0 0 0 0 0 0 0 2 0 0 0 4 0 0 0 2 0 0 0 0 0 1 1158 0 217 0 1 443 0 762 5 1578 28 100 0 2976 24 0 125 1 13 0 511 0 876 233 0 34 4 4519 159 2148 0 0 1 117
0 0 0 0 0 0 0 0 3 0 0 2 3 0 1 0 0 0 0 0 0 0 0 0 0 0 0 0 0 0 0 1 0 0 58 1 41 13 50 2777 762 0 15 524 4 47 2 2800 83 0 28 0 1 10 1 2 59 21 0 17 1 45 15 13 0 57 0 27
0 6 0 63 0 3 2 0 232 43 0 53 4 0 7 4 0 0 0 36 0 19 0 125 3 0 10 127 2 0 0 1 0 3 3 16 1 28 92 56 5 15 0 27 9 149 61 10 422 0 0 2 1 42 1 448 0 1938 79 3 224 181 36 2 0 15 1 47
0 0 0 0 2 0 0 0 51 0 0 29 1 0 29 0 0 0 0 1 0 0 0 36 0 0 0 1 0 0 0 0 0 0 7 0 0 3352 11 1783 1578 524 27 0 9 1477 0 293 32 0 0 0 0 317 0 0 0 427 0 0 0 4284 91 0 0 1 2 348
0 1 0 0 0 0 0 0 2 0 16 0 46 0 0 0 0 1 0 0 0 3 0 0 6 15 9 0 3 0 2 9 0 1 3 0 0 1 50 29 28 4 9 9 0 41 651 9 15 4 4 1257 298 2 44 3 27 18 8 777 8 3 659 19 208 268 15 1406
0 0 0 27 14 19 0 4 21 16 0 433 7 0 86 0 0 0 0 17 0 0 0 18 0 0 0 43 0 0 0 0 1 9 2 1 3 1064 24 1832 100 47 149 1477 41 0 2 97 395 0 0 11 0 2067 0 1 0 1841 0 6 1 847 65 0 0 2 0 102
0 37 0 0 9 0 0 0 2 0 169 0 948 1 4 0 0 6 12 0 1 15 1 0 149 249 265 0 23 0 93 19 0 15 2 68 0 0 104 32 0 2 61 0 651 2 0 4 27 0 0 0 0 0 0 91 0 11 656 50 992 0 88 0 491 236 0 727
0 0 0 0 0 1 0 0 1 0 0 0 1 0 2 0 0 0 0 0 0 0 0 1 0 0 0 2 0 0 0 0 0 2 1418 1 35 24 1 94 2976 2800 10 293 9 97 4 0 29 0 49 4 4 12 9 0 99 59 0 21 2 100 1040 135 2 4 27 98
0 1 0 9 13 4 0 0 27 11 0 49 11 0 18 0 0 0 1 9 0 1 0 8 0 0 0 16 0 0 0 0 0 3 0 2 1 20 663 586 24 83 422 32 15 395 27 29 0 1 0 8 0 6 6 36 5 145 0 4 21 71 28 0 2 34 0 70
1 4 4 0 0 0 0 0 7 0 0 0 0 0 0 590 0 0 0 0 71 39 296 119 0 1 147 23 0 9 0 0 0 6 0 17 91 0 0 0 0 0 0 0 4 0 0 0 1 0 11 0 2 0 144 289 886 334 0 9 1988 1 2 1 0 0 0 96
0 1 5 0 0 0 0 0 0 0 0 0 0 0 0 0 2 0 2 0 0 0 1 0 0 12 29 0 0 0 0 0 0 0 47 3 810 0 0 19 125 28 0 0 4 0 0 49 0 11 0 5 1264 0 18 1 1568 0 0 1062 191 0 15 296 0 0 0 1002
0 0 0 0 0 0 0 0 0 0 4 0 1 0 0 0 0 1 1 0 0 0 0 0 1 10 7 0 0 0 2 0 0 0 2 0 4 0 0 4 1 0 2 0 1257 11 0 4 8 0 5 0 628 0 4 2 10 13 0 600 8 0 32 9 0 6 5 233
0 0 1 0 0 0 0 0 0 0 2 0 0 0 0 0 0 0 0 0 0 0 0 0 0 7 8 0 0 0 0 0 0 0 22 0 37 0 0 1 13 1 1 0 298 0 0 4 0 2 1264 628 0 0 15 1 47 1 0 1111 36 0 109 157 0 0 8 859
0 0 0 2 1 0 0 0 4 0 0 29 0 0 15 0 0 0 0 0 0 0 0 2 0 0 0 0 0 0 0 0 0 0 0 0 0 1257 5 3 0 10 42 317 2 2067 0 12 6 0 0 0 0 0 0 0 0 356 0 0 0 155 7 0 0 0 0 26
3 0 0 0 0 1 1 0 6 0 0 0 0 0 0 15 0 0 0 1 14 2 5 63 0 0 7 43 3 3 0 0 2 17 1 0 87 0 0 1 511 1 1 0 44 0 0 9 6 144 18 4 15 0 0 0 6313 40 0 11 49 1029 61 4366 0 0 26 1606
0 26 4 6 1 2 0 0 55 4 1 1 9 3 0 117 0 0 0 2 5 217 21 150 4 3 112 28 2 0 0 0 0 0 0 468 1 0 14 8 0 2 448 0 3 1 91 0 36 289 1 2 1 0 0 0 4 1224 161 5 1339 2 1 2 0 2 0 6
0 2 82 0 0 0 0 0 1 0 0 0 0 0 0 138 7 0 0 0 14 3 425 6 0 6 346 7 0 2 0 0 0 8 12 3 2820 0 0 31 876 59 0 0 27 0 0 99 5 886 1568 10 47 0 6313 4 0 3 0 312 1474 20 3 527 0 0 1 995
4 9 0 223 2 32 4 2 235 145 0 68 14 1 59 156 0 0 0 196 48 68 15 959 1 0 15 514 4 6 0 0 3 83 8 31 15 1402 59 107 233 21 1938 427 18 1841 11 59 145 334 0 13 1 356 40 1224 3 0 24 4 345 4124 121 3 0 2 7 139
0 38 0 0 6 1 0 0 2 0 20 0 223 0 0 0 0 2 0 0 0 12 0 3 157 44 169 0 5 0 7 13 0 10 0 269 0 0 0 1 0 0 79 0 8 0 656 0 0 0 0 0 0 0 0 161 0 24 0 6 819 0 1 1 2 3 0 46
0 22 46 0 0 0 0 0 0 0 53 0 73 0 0 0 7 9 23 0 0 1 3 0 37 725 584 0 0 0 18 1 0 40 34 4 1843 0 0 18 34 17 3 0 777 6 50 21 4 9 1062 600 1111 0 11 5 312 4 6 0 3727 1 25 52 249 4 1 149
0 297 411 0 1 0 0 0 7 0 91 0 202 0 0 458 77 11 75 0 6 125 581 38 133 975 6350 5 0 0 64 0 0 185 29 1389 2910 0 1 1 4 1 224 0 8 1 992 2 21 1988 191 8 36 0 49 1339 1474 345 819 3727 0 29 35 47 520 1 6 195
3 0 0 83 0 10 0 1 160 0 0 125 2 0 93 20 0 0 0 29 8 2 4 356 0 0 2 56 4 3 0 0 1 25 14 0 31 1363 23 290 4519 45 181 4284 3 847 0 100 71 1 0 0 0 155 1029 2 20 4124 0 1 29 0 205 265 0 0 12 292
0 0 0 0 0 0 0 0 3 0 0 1 4 0 0 1 0 0 0 0 9 0 0 21 1 0 0 11 2 0 0 0 1 0 922 3 3 27 2 44 159 15 36 91 659 65 88 1040 28 2 15 32 109 7 61 1 3 121 1 25 35 205 0 1372 6 53 1196 1909
0 0 0 0 0 1 0 0 3 0 0 0 0 0 0 2 0 0 0 0 8 0 0 5 0 0 0 4 0 3 0 0 0 1 445 0 22 0 0 3 2148 13 2 0 19 0 0 135 0 1 296 9 157 0 4366 2 527 3 1 52 47 265 1372 0 0 0 216 480
0 3 0 0 1 0 0 0 0 0 32 0 50 0 0 0 0 2 1 0 0 0 0 0 11 97 51 0 1 0 29 0 0 2 0 2 0 0 0 5 0 0 0 0 208 0 491 2 2 0 0 0 0 0 0 0 0 0 2 249 520 0 6 0 0 9 0 27
0 0 0 0 0 0 0 0 1 0 3 0 20 0 0 0 0 0 0 0 0 0 0 0 1 0 1 0 2 0 0 1 0 3 0 0 0 0 111 63 0 57 15 1 268 2 236 4 34 0 0 6 0 0 0 2 0 2 3 4 1 0 53 0 9 0 0 244
0 0 0 1 0 0 0 0 0 0 0 0 0 0 0 0 0 0 0 0 1 0 0 2 0 0 0 1 0 0 0 0 0 1 4 0 0 0 0 0 1 0 1 2 15 0 0 27 0 0 0 5 8 0 26 0 1 7 0 1 6 12 1196 216 0 0 0 431
0 2 2 0 0 2 1 0 12 0 2 1 300 1 5 5 0 0 0 5 5 2 4 66 8 11 33 31 6 1 0 1 0 4 38 5 48 115 273 96 117 27 47 348 1406 102 727 98 70 96 1002 233 859 26 1606 6 995 139 46 149 195 292 1909 480 27 244 431 0
