0 1 1 0 0 1 312 22 0 12 0 0 0 1444 0 0 78 5 18 0 0 0 6 3 0 7 2 10 1127 569 0 0 1 10 0 0 0 0 0 0 0 0 0 0 0 0 0 0 0 0 0 0 0 0 0 0 0 2 0 0 0 2 0 0 0 0 0 1
1 0 0 1 1 0 0 0 17 0 0 2 47 1 2 0 3 2 0 0 0 319 0 78 688 8 1593 0 4 0 0 0 0 8 0 171 11 1 2 0 1 0 0 0 0 0 13 0 0 0 0 0 0 0 0 10 0 0 2 19 214 0 0 0 0 1 0 1
1 0 0 0 0 6 310 116 0 60 0 0 0 19 2 0 1233 9 8 0 156 1 3284 3 0 3090 3536 160 8 147 0 0 4 184 0 2 162 0 0 0 1 0 0 0 0 0 0 1 0 2 8 0 0 0 0 1 17 0 0 23 235 0 0 0 0 0 0 5
0 1 0 0 12 53 2 1 78 619 0 996 0 3 9 0 0 0 0 2519 0 0 0 316 2 0 3 2167 7 1 0 1 0 7 0 0 0 302 0 9 2 0 6 29 1 39 0 0 4 0 0 0 0 153 0 0 0 71 0 0 0 69 0 0 0 0 0 0
0 1 0 12 0 308 4 2 90 3 49 85 35 0 621 0 0 0 0 2 5 15 8 46 1 0 0 36 1 0 0 296 0 332 0 0 1 0 6 1 0 0 1 0 2 4 0 0 2 0 0 0 0 0 1 0 0 2 1 0 0 0 0 0 0 0 0 0
1 0 6 53 308 0 430 1321 120 3695 36 2213 38 43 1209 0 4 4 4 32 1 4 2 32 3 24 2 485 88 1 0 113 2 78 0 0 0 15 2 14 0 35 16 21 42 22 0 3 12 0 0 0 0 14 0 0 0 12 0 2 2 31 2 1 0 4 0 10
312 0 310 2 4 430 0 572 7 4350 4 13 4 1327 10 0 63 1 1 3 70 0 133 192 0 47 4 5521 373 1504 0 2 11 103 0 0 0 2 0 6 0 0 2 4 2 4 0 0 0 0 0 0 0 4 0 2 0 12 0 0 1 8 0 0 0 0 0 2
22 0 116 1 2 1321 572 0 12 1268 28 77 12 1967 17 0 327 5 11 2 8 0 30 2 2 126 4 13 28 165 1 448 0 41 0 0 0 0 0 7 0 10 3 0 13 1 0 1 0 0 0 0 0 0 0 0 0 2 0 0 1 3 0 0 0 1 0 0
0 17 0 78 90 120 7 12 0 51 4 319 81 4 146 0 0 1 2 66 0 472 0 2614 193 23 268 241 8 0 4 3 1 31 0 2 0 24 2 3 2 1 253 21 1 16 0 0 2 1 0 0 2 8 0 7 1 171 11 0 5 64 2 0 0 0 0 4
12 0 60 619 3 3695 4350 1268 51 0 17 1541 13 509 31 0 15 1 1 275 5 0 13 33 0 18 3 1318 452 4 0 2 3 229 0 0 0 6 0 41 0 0 43 12 1 54 0 0 9 0 0 0 0 16 0 1 0 69 0 0 1 18 0 0 0 0 0 6
0 0 0 0 49 36 4 28 4 17 0 34 495 38 8 0 15 1158 305 1 0 0 1 7 12 608 32 3 313 4 17 250 0 1317 0 5 0 0 4 1 0 4 0 0 32 0 130 0 0 0 0 0 1 0 0 2 0 1 5 51 29 0 0 0 14 4 0 0
0 2 0 996 85 2213 13 77 319 1541 34 0 12 24 797 0 2 9 7 1729 0 0 0 280 3 33 10 890 54 0 0 3 0 95 0 0 0 54 0 9 0 1 17 22 7 653 0 0 15 0 0 0 0 49 0 1 0 45 0 0 0 45 0 0 0 0 0 1
0 47 0 0 35 38 4 12 81 13 495 12 0 9 31 0 0 1 0 1 0 34 0 30 437 70 599 7 18 0 216 72 0 363 0 6 0 1 4 1 0 3 5 0 74 0 551 0 7 0 0 1 0 1 0 9 0 0 43 44 77 3 0 0 50 15 0 4
1444 1 19 3 0 43 1327 1967 4 509 38 24 9 0 3 0 158 8 20 2 2 0 14 1 0 64 4 37 1870 559 1 22 0 48 0 1 0 0 0 2 0 7 2 0 4 0 0 0 1 0 0 0 0 0 0 0 0 5 0 0 0 1 1 0 0 0 0 1
0 2 2 9 621 1209 10 17 146 31 8 797 31 3 0 3 0 1 0 16 35 10 13 112 3 4 30 93 10 0 0 20 1 41 0 0 0 9 2 2 0 1 6 14 10 29 3 0 5 1 0 0 0 7 0 1 0 6 0 0 1 14 0 0 0 0 0 1
0 0 0 0 0 0 0 0 0 0 0 0 0 0 3 0 0 0 0 0 507 548 1637 632 0 0 769 184 0 0 0 0 0 3 0 1 0 0 0 0 0 0 1 0 0 0 0 0 0 547 0 0 0 0 12 25 274 47 0 0 139 4 1 0 0 0 0 1
78 3 1233 0 0 4 63 327 0 15 15 2 0 158 0 0 0 29 783 0 21 1 1409 0 0 869 605 12 191 294 0 0 0 1007 0 0 28 0 0 0 0 0 0 0 0 0 0 0 0 0 4 0 1 0 0 0 2 0 0 31 60 0 0 0 0 0 0 0
5 2 9 0 0 4 1 5 1 1 1158 9 1 8 1 0 29 0 372 0 0 0 0 0 0 576 7 0 30 1 0 0 1 76 0 2 0 0 0 0 0 0 0 0 1 0 5 0 0 0 0 0 0 0 0 0 0 0 1 45 38 0 0 0 1 0 0 0
18 0 8 0 0 4 1 11 2 1 305 7 0 20 0 0 783 372 0 1 2 1 5 3 0 1255 106 0 70 15 0 1 6 617 0 1 0 0 0 0 0 0 0 0 0 0 1 0 0 0 0 0 0 0 0 0 0 0 0 22 38 0 0 0 1 0 0 3
0 0 0 2519 2 32 3 2 66 275 1 1729 1 2 16 0 0 0 1 0 0 0 0 193 0 0 0 677 5 0 0 0 0 10 0 0 0 60 0 19 0 0 6 31 0 23 0 0 3 0 0 0 0 37 0 0 0 31 0 0 0 121 0 0 0 0 0 0
0 0 156 0 5 1 70 8 0 5 0 0 0 2 35 507 21 0 2 0 0 9 7186 74 0 5 18 2083 10 2669 0 0 14 1286 3 0 0 0 0 0 0 0 5 0 0 0 0 0 0 89 0 0 0 0 9 0 12 49 0 0 4 18 2 5 0 0 0 1
0 319 1 0 15 4 0 0 472 0 0 0 34 0 10 548 1 0 1 0 9 0 18 913 114 7 739 15 3 0 1 5 0 4 0 16 2 2 0 0 0 0 23 0 1 0 3 0 0 115 0 0 0 0 2 285 16 134 3 0 114 8 0 0 0 0 0 0
6 0 3284 0 8 2 133 30 0 13 1 0 0 14 13 1637 1409 0 5 0 7186 18 0 131 0 133 2040 870 20 524 0 0 4 1506 0 1 43 0 0 0 1 0 0 0 1 0 0 0 1 347 2 0 0 0 6 5 495 9 0 1 381 2 0 2 0 0 0 0
3 78 3 316 46 32 192 2 2614 33 7 280 30 1 112 632 0 0 3 193 74 913 131 0 102 19 651 1729 155 10 0 11 45 107 1 9 0 107 2 6 3 2 145 70 1 27 0 1 8 203 0 0 0 41 23 48 24 933 4 0 28 384 11 3 0 0 1 52
0 688 0 2 1 3 0 2 193 0 12 3 437 0 3 0 0 0 0 0 0 114 0 102 0 11 726 0 3 0 5 2 0 14 0 35 0 0 8 0 0 0 4 0 35 0 159 0 0 0 0 0 0 0 0 7 0 1 167 36 140 0 0 0 6 10 0 11
7 8 3090 0 0 24 47 126 23 18 608 33 70 64 4 0 869 576 1255 0 5 7 133 19 11 0 2715 7 87 31 275 4 1 166 0 18 30 0 0 0 0 0 0 0 4 0 128 0 0 0 6 4 5 0 0 3 0 0 16 440 562 0 0 0 51 0 0 8
2 1593 3536 3 0 2 4 4 268 3 32 10 599 4 30 769 605 7 106 0 18 739 2040 651 726 2715 0 197 42 4 150 1 0 838 0 223 338 0 0 0 1 0 10 0 3 0 118 0 1 260 37 0 13 0 0 68 306 20 31 332 3778 1 0 0 22 0 0 22
10 0 160 2167 36 485 5521 13 241 1318 3 890 7 37 93 184 12 0 0 677 2083 15 870 1729 0 7 197 0 434 2303 0 6 142 559 0 0 0 79 0 37 3 0 70 42 3 71 0 4 11 73 0 0 0 101 6 7 9 522 0 0 8 305 6 11 0 0 1 31
1127 4 8 7 1 88 373 28 8 452 313 54 18 1870 10 0 191 30 70 5 10 3 20 155 3 87 42 434 0 1801 3 142 813 907 0 0 2 0 0 5 1 8 3 0 13 0 7 1 0 0 0 0 0 0 1 0 0 8 1 5 24 8 1 0 0 0 0 7
569 0 147 1 0 1 1504 165 0 4 4 0 0 559 0 0 294 1 15 0 2669 0 524 10 0 31 4 2303 1801 0 0 0 563 583 0 0 0 0 0 0 0 0 0 0 0 0 0 0 0 3 0 0 0 0 0 0 0 1 0 0 1 8 0 0 0 0 0 0
0 0 0 0 0 0 0 1 4 0 17 0 216 1 0 0 0 0 0 0 0 1 0 0 5 275 150 0 3 0 0 2 0 1 0 0 0 0 1 0 0 0 0 0 2 0 107 0 0 0 0 2 0 0 0 1 0 0 1 22 20 0 0 0 10 0 0 0
0 0 0 1 296 113 2 448 3 2 250 3 72 22 20 0 0 0 1 0 0 5 0 11 2 4 1 6 142 0 2 0 0 323 0 1 0 0 0 0 0 3 0 0 4 0 7 0 0 0 0 0 0 0 0 0 0 0 0 2 0 0 0 0 0 1 0 1
1 0 4 0 0 2 11 0 1 3 0 0 0 0 1 0 0 1 6 0 14 0 4 45 0 1 0 142 813 563 0 0 0 431 0 0 0 0 0 0 0 0 0 0 0 0 0 0 0 0 0 0 0 0 0 0 0 4 0 0 0 3 0 0 0 0 0 0
10 8 184 7 332 78 103 41 31 229 1317 95 363 48 41 3 1007 76 617 10 1286 4 1506 107 14 166 838 559 907 583 1 323 431 0 0 12 28 0 0 6 0 13 8 0 25 2 11 0 2 7 2 0 5 0 7 1 3 23 8 40 215 26 4 1 2 3 0 4
0 0 0 0 0 0 0 0 0 0 0 0 0 0 0 0 0 0 0 0 3 0 0 1 0 0 0 0 0 0 0 0 0 0 0 0 0 0 0 2 354 24 0 2 1 1 0 1536 0 0 3 1 4 0 0 0 0 1 0 4 0 9 1207 506 0 0 3 18
0 171 2 0 0 0 0 0 2 0 5 0 6 1 0 1 0 2 1 0 0 16 1 9 35 18 223 0 0 0 0 1 0 12 0 0 7 0 1 0 0 1 51 0 2 1 40 1 2 0 0 0 0 0 0 315 0 58 547 8 2001 0 0 0 0 0 0 2
0 11 162 0 1 0 0 0 0 0 0 0 0 0 0 0 28 0 0 0 0 2 43 0 0 30 338 0 2 0 0 0 0 28 0 7 0 0 0 14 356 79 0 29 0 0 0 36 1 0 500 0 12 0 11 0 1901 1 0 2143 3328 77 0 4 0 0 2 44
0 1 0 302 0 15 2 0 24 6 0 54 1 0 9 0 0 0 0 60 0 2 0 107 0 0 0 79 0 0 0 0 0 0 0 0 0 0 16 11 0 3 46 821 1 888 0 5 28 0 0 0 0 4125 0 0 0 286 0 0 0 1523 11 0 0 0 0 11
0 2 0 0 6 2 0 0 2 0 4 0 4 0 2 0 0 0 0 0 0 0 0 2 8 0 0 0 0 0 1 0 0 0 0 1 0 16 0 221 0 106 118 2 123 56 30 0 1059 0 0 0 0 7 0 11 5 109 18 1 0 20 0 0 2 269 0 279
0 0 0 9 1 14 6 7 3 41 1 9 1 2 2 0 0 0 0 19 0 0 0 6 0 0 0 37 5 0 0 0 0 6 2 0 14 11 221 0 458 2220 53 2806 52 2760 1 23 571 0 1 2 2 11 0 3 2 36 0 2 2 254 47 0 1 17 2 59
0 1 1 2 0 0 0 0 2 0 0 0 0 0 0 0 0 0 0 0 0 0 1 3 0 0 1 3 1 0 0 0 0 0 354 0 356 0 0 458 0 639 1 2792 17 5 1 1176 5 1 245 2 46 0 41 0 393 69 0 199 43 4878 174 1214 0 0 5 111
0 0 0 0 0 35 0 10 1 0 4 1 3 7 1 0 0 0 0 0 0 0 0 2 0 0 0 0 8 0 0 3 0 13 24 1 79 3 106 2220 639 0 37 594 109 285 2 1973 108 0 16 4 5 7 0 0 9 15 1 58 5 43 25 49 2 327 0 63
0 0 0 6 1 16 2 3 253 43 0 17 5 2 6 1 0 0 0 6 5 23 0 145 4 0 10 70 3 0 0 0 0 8 0 51 0 46 118 53 1 37 0 21 7 193 57 10 191 2 0 1 5 32 0 501 0 2656 157 1 410 114 9 0 0 2 0 19
0 0 0 29 0 21 4 0 21 12 0 22 0 0 14 0 0 0 0 31 0 0 0 70 0 0 0 42 0 0 0 0 0 0 2 0 29 821 2 2806 2792 594 21 0 47 2029 2 174 24 0 4 0 6 620 0 0 5 98 0 10 0 1378 273 0 0 0 3 254
0 0 0 1 2 42 2 13 1 1 32 7 74 4 10 0 0 1 0 0 0 1 1 1 35 4 3 3 13 0 2 4 0 25 1 2 0 1 123 52 17 109 7 47 0 121 704 64 53 0 29 1536 309 12 2 0 5 7 99 680 9 13 209 37 109 446 0 1664
0 0 0 39 4 22 4 1 16 54 0 653 0 0 29 0 0 0 0 23 0 0 0 27 0 0 0 71 0 0 0 0 0 2 1 1 0 888 56 2760 5 285 193 2029 121 0 0 92 401 0 0 9 13 2443 1 0 0 445 0 16 3 882 87 0 0 2 0 245
0 13 0 0 0 0 0 0 0 0 130 0 551 0 3 0 0 5 1 0 0 3 0 0 159 128 118 0 7 0 107 7 0 11 0 40 0 0 30 1 1 2 57 2 704 0 0 6 17 0 0 0 0 0 0 11 0 9 655 71 649 2 15 0 216 87 0 81
0 0 1 0 0 3 0 1 0 0 0 0 0 0 0 0 0 0 0 0 0 0 0 1 0 0 0 4 1 0 0 0 0 0 1536 1 36 5 0 23 1176 1973 10 174 64 92 6 0 11 0 23 1 5 8 0 0 6 7 0 44 7 34 1368 249 3 25 0 129
0 0 0 4 2 12 0 0 2 9 0 15 7 1 5 0 0 0 0 3 0 0 1 8 0 0 1 11 0 0 0 0 0 2 0 2 1 28 1059 571 5 108 191 24 53 401 17 11 0 0 0 3 2 16 10 12 10 376 4 14 35 107 15 0 0 47 0 19
0 0 2 0 0 0 0 0 1 0 0 0 0 0 1 547 0 0 0 0 89 115 347 203 0 0 260 73 0 3 0 0 0 7 0 0 0 0 0 0 1 0 2 0 0 0 0 0 0 0 0 0 0 0 874 638 882 1206 0 0 1026 402 1 0 0 0 0 0
0 0 8 0 0 0 0 0 0 0 0 0 0 0 0 0 4 0 0 0 0 0 2 0 0 6 37 0 0 0 0 0 0 2 3 0 500 0 0 1 245 16 0 4 29 0 0 23 0 0 0 10 1056 0 24 2 1340 0 0 619 392 27 2 116 0 0 1 909
0 0 0 0 0 0 0 0 0 0 0 0 1 0 0 0 0 0 0 0 0 0 0 0 0 4 0 0 0 0 2 0 0 0 1 0 0 0 0 2 2 4 1 0 1536 9 0 1 3 0 10 0 1299 0 0 0 0 0 0 224 1 0 8 11 0 1 0 60
0 0 0 0 0 0 0 0 2 0 1 0 0 0 0 0 1 0 0 0 0 0 0 0 0 5 13 0 0 0 0 0 0 5 4 0 12 0 0 2 46 5 5 6 309 13 0 5 2 0 1056 1299 0 1 9 0 10 3 0 1377 83 6 12 136 0 3 0 683
0 0 0 153 0 14 4 0 8 16 0 49 1 0 7 0 0 0 0 37 0 0 0 41 0 0 0 101 0 0 0 0 0 0 0 0 0 4125 7 11 0 7 32 620 12 2443 0 8 16 0 0 0 1 0 0 0 0 70 0 0 0 676 13 0 0 0 0 32
0 0 0 0 1 0 0 0 0 0 0 0 0 0 0 12 0 0 0 0 9 2 6 23 0 0 0 6 1 0 0 0 0 7 0 0 11 0 0 0 41 0 0 0 2 1 0 0 10 874 24 0 9 0 0 0 6106 65 0 0 9 2073 7 1619 0 0 1 1265
0 10 1 0 0 0 2 0 7 1 2 1 9 0 1 25 0 0 0 0 0 285 5 48 7 3 68 7 0 0 1 0 0 1 0 315 0 0 11 3 0 0 501 0 0 0 11 0 12 638 2 0 0 0 0 0 0 956 91 0 931 0 0 0 0 0 0 0
0 0 17 0 0 0 0 0 1 0 0 0 0 0 0 274 2 0 0 0 12 16 495 24 0 0 306 9 0 0 0 0 0 3 0 0 1901 0 5 2 393 9 0 5 5 0 0 6 10 882 1340 0 10 0 6106 0 0 20 0 288 2263 611 14 115 0 0 7 1038
2 0 0 71 2 12 12 2 171 69 1 45 0 5 6 47 0 0 0 31 49 134 9 933 1 0 20 522 8 1 0 0 4 23 1 58 1 286 109 36 69 15 2656 98 7 445 9 7 376 1206 0 0 3 70 65 956 20 0 30 0 464 2034 97 0 0 0 18 83
0 2 0 0 1 0 0 0 11 0 5 0 43 0 0 0 0 1 0 0 0 3 0 4 167 16 31 0 1 0 1 0 0 8 0 547 0 0 18 0 0 1 157 0 99 0 655 0 4 0 0 0 0 0 0 91 0 30 0 2 1025 0 0 0 1 11 0 25
0 19 23 0 0 2 0 0 0 0 51 0 44 0 0 0 31 45 22 0 0 0 1 0 36 440 332 0 5 0 22 2 0 40 4 8 2143 0 1 2 199 58 1 10 680 16 71 44 14 0 619 224 1377 0 0 0 288 0 2 0 2596 10 10 39 263 13 0 92
0 214 235 0 0 2 1 1 5 1 29 0 77 0 1 139 60 38 38 0 4 114 381 28 140 562 3778 8 24 1 20 0 0 215 0 2001 3328 0 0 2 43 5 410 0 9 3 649 7 35 1026 392 1 83 0 9 931 2263 464 1025 2596 0 69 4 11 20 1 0 411
2 0 0 69 0 31 8 3 64 18 0 45 3 1 14 4 0 0 0 121 18 8 2 384 0 0 1 305 8 8 0 0 3 26 9 0 77 1523 20 254 4878 43 114 1378 13 882 2 34 107 402 27 0 6 676 2073 0 611 2034 0 10 69 0 277 1398 0 1 26 361
0 0 0 0 0 2 0 0 2 0 0 0 0 1 0 1 0 0 0 0 2 0 0 11 0 0 0 6 1 0 0 0 0 4 1207 0 0 11 0 47 174 25 9 273 209 87 15 1368 15 1 2 8 12 13 7 0 14 97 0 10 4 277 0 734 3 119 784 1499
0 0 0 0 0 1 0 0 0 0 0 0 0 0 0 0 0 0 0 0 5 0 2 3 0 0 0 11 0 0 0 0 0 1 506 0 4 0 0 0 1214 49 0 0 37 0 0 249 0 0 116 11 136 0 1619 0 115 0 0 39 11 1398 734 0 0 0 188 786
0 0 0 0 0 0 0 0 0 0 14 0 50 0 0 0 0 1 1 0 0 0 0 0 6 51 22 0 0 0 10 0 0 2 0 0 0 0 2 1 0 2 0 0 109 0 216 3 0 0 0 0 0 0 0 0 0 0 1 263 20 0 3 0 0 11 0 5
0 1 0 0 0 4 0 1 0 0 4 0 15 0 0 0 0 0 0 0 0 0 0 0 10 0 0 0 0 0 0 1 0 3 0 0 0 0 269 17 0 327 2 0 446 2 87 25 47 0 0 1 3 0 0 0 0 0 11 13 1 1 119 0 11 0 0 590
0 0 0 0 0 0 0 0 0 0 0 0 0 0 0 0 0 0 0 0 0 0 0 1 0 0 0 1 0 0 0 0 0 0 3 0 2 0 0 2 5 0 0 3 0 0 0 0 0 0 1 0 0 0 1 0 7 18 0 0 0 26 784 188 0 0 0 390
1 1 5 0 0 10 2 0 4 6 0 1 4 1 1 1 0 0 3 0 1 0 0 52 11 8 22 31 7 0 0 1 0 4 18 2 44 11 279 59 111 63 19 254 1664 245 81 129 19 0 909 60 683 32 1265 0 1038 83 25 92 411 361 1499 786 5 590 390 0
