0 0 45 0 0 24 231 155 2 22 11 1 1 1764 0 0 36 4 31 0 1 0 19 10 0 88 3 24 681 447 0 0 13 21 0 0 0 0 0 0 0 0 0 0 0 0 0 0 0 0 0 0 0 0 0 0 0 6 1 0 1 5 0 0 0 0 0 2
0 0 0 0 0 0 2 0 43 0 2 0 47 0 1 11 3 0 0 0 0 363 0 70 377 3 1053 3 1 0 0 1 0 0 0 210 2 0 0 0 0 0 0 0 5 0 26 0 0 1 4 0 0 0 1 8 0 1 46 12 172 0 0 0 5 0 0 1
45 0 0 0 0 19 384 159 1 20 0 1 3 116 1 0 521 0 5 0 49 1 1732 4 0 1774 3855 30 19 15 1 1 0 25 0 3 80 0 0 0 0 0 0 0 0 0 0 0 0 0 16 0 3 0 0 0 3 0 2 36 226 0 0 0 0 0 0 10
0 0 0 0 34 17 4 5 124 907 1 562 6 3 55 0 0 0 0 3052 0 0 1 408 0 0 0 1354 2 0 0 0 0 21 1 0 0 184 2 1 3 1 40 27 0 34 0 0 4 0 0 0 0 36 0 0 0 151 0 0 0 37 0 0 0 0 0 1
0 0 0 34 0 455 9 2 73 20 19 103 92 0 999 1 0 0 0 16 1 2 1 88 0 0 1 41 0 0 0 52 0 283 0 0 0 0 0 3 0 0 2 1 1 3 0 0 6 0 0 0 0 0 0 0 0 2 0 0 1 0 0 0 0 0 0 0
24 0 19 17 455 0 299 2459 51 3486 18 3109 49 74 1129 0 2 3 1 34 0 0 8 17 1 7 1 102 30 9 0 138 1 34 0 0 0 0 0 26 0 0 3 1 0 43 0 0 5 0 0 0 0 0 0 0 0 7 0 0 0 4 0 0 0 0 0 1
231 2 384 4 9 299 0 260 6 1754 34 18 10 1521 15 0 23 2 12 1 83 0 664 98 0 102 105 4314 175 2414 0 0 10 81 1 0 0 0 0 1 0 0 6 0 0 3 1 0 0 0 0 0 0 0 0 2 0 21 0 0 0 11 1 0 0 0 0 4
155 0 159 5 2 2459 260 0 14 615 21 124 19 3159 47 0 51 0 21 13 6 0 71 2 1 167 11 41 71 166 0 85 0 41 0 0 0 0 0 0 0 0 0 0 0 0 0 0 0 0 0 0 0 0 0 0 0 1 0 0 0 1 0 0 0 0 0 0
2 43 1 124 73 51 6 14 0 69 2 258 37 4 278 7 2 0 0 112 2 512 1 2819 133 2 174 128 26 0 0 5 2 9 1 2 0 25 2 4 1 0 175 45 2 23 4 2 2 4 0 0 0 14 0 17 0 149 2 0 2 121 14 0 0 1 1 6
22 0 20 907 20 3486 1754 615 69 0 14 2556 47 352 76 0 0 0 0 440 1 0 21 12 0 10 1 2168 89 6 0 2 1 186 0 0 0 0 0 0 0 1 32 0 0 47 0 0 0 0 0 0 0 0 0 0 0 111 0 0 0 2 0 0 0 0 0 0
11 2 0 1 19 18 34 21 2 14 0 38 750 57 2 0 45 719 508 5 10 1 4 2 8 744 14 2 178 5 6 225 2 1193 0 0 1 0 0 0 0 0 0 0 15 0 65 0 0 0 0 0 0 0 0 1 0 0 3 3 4 0 0 0 9 0 0 0
1 0 1 562 103 3109 18 124 258 2556 38 0 45 13 635 0 0 3 0 1410 0 0 0 434 1 2 0 208 46 0 0 1 0 99 0 0 0 56 2 123 0 2 35 66 0 233 0 0 13 0 0 0 0 39 0 0 0 52 0 0 0 61 0 0 0 0 0 0
1 47 3 6 92 49 10 19 37 47 750 45 0 21 32 0 0 7 4 7 1 56 5 13 1649 136 386 24 31 1 197 143 0 416 0 14 1 2 13 4 0 1 9 6 329 14 583 7 10 0 0 0 0 4 0 16 1 11 196 16 74 8 1 1 42 14 0 25
1764 0 116 3 0 74 1521 3159 4 352 57 13 21 0 10 0 61 10 35 7 5 1 91 18 1 127 5 48 1483 504 0 78 10 71 0 0 0 0 0 0 0 0 0 0 0 0 0 0 0 0 0 0 0 0 0 2 0 2 0 0 0 0 0 0 0 0 0 2
0 1 1 55 999 1129 15 47 278 76 2 635 32 10 0 0 0 2 0 52 16 3 2 195 1 0 7 106 20 0 0 6 1 8 0 0 0 15 3 2 0 0 7 15 2 13 6 0 8 0 0 0 0 23 0 0 0 18 0 0 0 31 1 0 0 0 0 2
0 11 0 0 1 0 0 0 7 0 0 0 0 0 0 0 3 0 0 0 482 850 965 686 3 0 1649 298 0 0 0 0 0 0 0 2 4 0 0 0 0 0 0 0 0 0 0 0 0 517 0 0 0 0 15 48 222 28 0 1 461 11 0 0 0 0 0 1
36 3 521 0 0 2 23 51 2 0 45 0 0 61 0 3 0 4 893 0 46 1 1476 2 0 879 631 5 141 116 0 0 3 1333 0 3 21 0 0 0 0 0 0 0 0 0 0 0 0 0 3 0 1 0 0 0 0 0 1 15 75 0 0 0 0 0 0 1
4 0 0 0 0 3 2 0 0 0 719 3 7 10 2 0 4 0 404 0 0 0 0 0 0 249 0 0 14 4 0 0 1 68 0 0 0 0 0 0 0 0 0 0 0 0 0 0 0 0 0 0 0 0 0 0 0 0 0 1 1 0 0 0 0 0 0 0
31 0 5 0 0 1 12 21 0 0 508 0 4 35 0 0 893 404 0 0 19 0 38 0 0 2696 19 3 126 22 0 0 5 538 0 1 0 0 0 0 0 0 0 0 0 0 0 0 0 0 0 0 0 0 0 0 0 0 1 8 27 0 0 0 0 0 0 0
0 0 0 3052 16 34 1 13 112 440 5 1410 7 7 52 0 0 0 0 0 0 0 0 111 0 0 0 312 3 0 0 0 0 23 0 0 0 3 0 2 0 0 32 0 0 25 0 0 2 0 0 0 0 7 0 1 0 81 0 0 0 13 0 0 0 0 0 0
1 0 49 0 1 0 83 6 2 1 10 0 1 5 16 482 46 0 19 0 0 5 7483 4 0 5 65 1208 37 1936 0 1 5 1167 0 1 0 0 0 0 0 0 0 0 0 0 0 0 1 131 0 0 0 0 6 9 20 13 0 0 3 10 0 0 0 0 0 2
0 363 1 0 2 0 0 0 512 0 1 0 56 1 3 850 1 0 0 0 5 0 5 939 148 1 985 17 1 0 0 0 0 1 0 12 4 1 0 0 0 0 18 0 3 0 46 1 0 63 3 0 0 0 0 167 2 26 8 2 80 5 1 0 1 0 0 1
19 0 1732 1 1 8 664 71 1 21 4 0 5 91 2 965 1476 0 38 0 7483 5 0 9 0 332 2457 366 12 209 0 0 0 1096 0 3 68 0 0 0 0 0 1 0 0 0 0 0 3 399 1 0 0 0 3 10 543 1 0 0 949 2 0 0 0 0 0 0
10 70 4 408 88 17 98 2 2819 12 2 434 13 18 195 686 2 0 0 111 4 939 9 0 118 0 585 1803 104 1 0 1 8 33 3 2 0 22 0 6 7 3 93 37 1 36 0 5 4 70 0 0 0 21 1 43 9 782 5 0 11 284 9 2 0 0 7 72
0 377 0 0 0 1 0 1 133 0 8 1 1649 1 1 3 0 0 0 0 0 148 0 118 0 5 815 0 1 0 4 0 0 2 0 27 0 0 0 0 0 0 4 0 63 0 233 1 0 0 0 0 0 0 0 11 0 1 277 9 167 0 0 0 18 0 0 2
88 3 1774 0 0 7 102 167 2 10 744 2 136 127 0 0 879 249 2696 0 5 1 332 0 5 0 2944 5 87 18 244 1 13 277 0 10 23 0 0 0 0 0 0 0 12 0 78 0 0 0 6 4 10 0 1 0 1 0 9 311 498 0 0 0 61 0 0 6
3 1053 3855 0 1 1 105 11 174 1 14 0 386 5 7 1649 631 0 19 0 65 985 2457 585 815 2944 0 576 6 5 197 0 1 544 0 420 260 0 0 0 0 0 4 0 10 0 167 0 0 19 71 0 34 0 0 57 52 4 137 506 3924 0 0 0 69 0 0 51
24 3 30 1354 41 102 4314 41 128 2168 2 208 24 48 106 298 5 0 3 312 1208 17 366 1803 0 5 576 0 220 1625 0 0 21 315 2 0 1 3 0 0 3 0 63 1 1 41 2 0 1 102 2 0 0 2 7 18 6 493 0 0 11 104 11 1 0 0 5 25
681 1 19 2 0 30 175 71 26 89 178 46 31 1483 20 0 141 14 126 3 37 1 12 104 1 87 6 220 0 1511 0 31 1293 1699 0 0 0 0 0 0 0 0 17 0 1 0 0 0 2 15 0 0 0 0 3 1 1 52 0 0 0 21 2 1 0 0 3 8
447 0 15 0 0 9 2414 166 0 6 5 0 1 504 0 0 116 4 22 0 1936 0 209 1 0 18 5 1625 1511 0 0 0 107 462 1 0 0 0 0 0 0 0 0 0 0 0 0 0 0 5 0 0 0 0 5 1 0 14 0 0 0 5 0 0 0 0 0 2
0 0 1 0 0 0 0 0 0 0 6 0 197 0 0 0 0 0 0 0 0 0 0 0 4 244 197 0 0 0 0 0 0 0 0 0 0 0 0 0 0 0 0 0 9 0 48 0 0 0 0 0 0 0 0 0 0 0 5 26 17 0 0 0 19 0 0 0
0 1 1 0 52 138 0 85 5 2 225 1 143 78 6 0 0 0 0 0 1 0 0 1 0 1 0 0 31 0 0 0 2 350 0 0 0 0 0 0 0 0 1 0 0 0 0 0 0 0 0 0 0 0 0 0 0 0 0 0 0 0 0 0 0 0 0 0
13 0 0 0 0 1 10 0 2 1 2 0 0 10 1 0 3 1 5 0 5 0 0 8 0 13 1 21 1293 107 0 2 0 546 0 0 0 0 0 0 0 0 0 0 0 0 0 0 0 1 0 0 0 0 2 0 0 8 0 0 0 3 0 0 0 0 1 1
21 0 25 21 283 34 81 41 9 186 1193 99 416 71 8 0 1333 68 538 23 1167 1 1096 33 2 277 544 315 1699 462 0 350 546 0 0 1 4 0 0 0 1 0 1 0 0 0 0 0 1 5 1 0 0 0 2 0 0 64 0 3 31 36 2 5 0 0 1 3
0 0 0 1 0 0 1 0 1 0 0 0 0 0 0 0 0 0 0 0 0 0 0 3 0 0 0 2 0 1 0 0 0 0 0 0 20 5 0 7 549 168 0 32 13 19 0 2209 1 0 7 1 5 6 0 0 1 4 0 47 0 54 605 398 0 0 0 14
0 210 3 0 0 0 0 0 2 0 0 0 14 0 0 2 3 0 1 0 1 12 3 2 27 10 420 0 0 0 0 0 0 1 0 0 1 1 0 0 0 0 56 0 2 1 16 0 0 27 5 0 1 0 0 515 0 114 450 7 2191 2 0 0 1 0 0 1
0 2 80 0 0 0 0 0 0 0 1 0 1 0 0 4 21 0 0 0 0 4 68 0 0 23 260 1 0 0 0 0 0 4 20 1 0 0 0 15 513 88 0 5 0 0 1 59 1 1 1557 0 9 0 23 0 1372 3 0 1072 3379 168 0 43 0 0 0 19
0 0 0 184 0 0 0 0 25 0 0 56 2 0 15 0 0 0 0 3 0 1 0 22 0 0 0 3 0 0 0 0 0 0 5 1 0 0 31 46 0 17 102 1547 3 607 0 7 38 0 0 0 0 1961 0 0 0 412 1 0 0 685 16 0 0 0 0 62
0 0 0 2 0 0 0 0 2 0 0 2 13 0 3 0 0 0 0 0 0 0 0 0 0 0 0 0 0 0 0 0 0 0 0 0 0 31 0 385 0 9 139 8 67 158 36 2 782 0 0 0 1 8 0 8 0 103 1 1 1 66 0 0 0 82 0 167
0 0 0 1 3 26 1 0 4 0 0 123 4 0 2 0 0 0 0 2 0 0 0 6 0 0 0 0 0 0 0 0 0 0 7 0 15 46 385 0 299 1977 46 3201 35 3931 3 85 811 0 1 6 1 45 0 1 2 34 0 3 0 417 25 12 0 0 1 37
0 0 0 3 0 0 0 0 1 0 0 0 0 0 0 0 0 0 0 0 0 0 0 7 0 0 0 3 0 0 0 0 0 1 549 0 513 0 0 299 0 466 4 1842 12 15 0 3123 10 0 43 6 38 2 25 0 219 26 0 160 11 4630 192 1364 0 0 2 80
0 0 0 1 0 0 0 0 0 1 0 2 1 0 0 0 0 0 0 0 0 0 0 3 0 0 0 0 0 0 0 0 0 0 168 0 88 17 9 1977 466 0 13 931 45 198 3 3613 48 0 9 0 0 14 0 0 6 13 0 53 0 89 73 251 0 1 1 26
0 0 0 40 2 3 6 0 175 32 0 35 9 0 7 0 0 0 0 32 0 18 1 93 4 0 4 63 17 0 0 1 0 1 0 56 0 102 139 46 4 13 0 82 23 395 15 27 204 0 0 2 8 68 2 437 0 2199 67 0 159 282 37 0 0 9 3 36
0 0 0 27 1 1 0 0 45 0 0 66 6 0 15 0 0 0 0 0 0 0 0 37 0 0 0 1 0 0 0 0 0 0 32 0 5 1547 8 3201 1842 931 82 0 23 2168 0 499 39 0 0 0 0 1808 0 0 0 68 0 0 0 2499 76 3 0 1 0 213
0 5 0 0 1 0 0 0 2 0 15 0 329 0 2 0 0 0 0 0 0 3 0 1 63 12 10 1 1 0 9 0 0 0 13 2 0 3 67 35 12 45 23 23 0 109 651 129 24 0 17 1078 167 10 5 5 2 23 46 363 8 28 431 42 33 334 1 1836
0 0 0 34 3 43 3 0 23 47 0 233 14 0 13 0 0 0 0 25 0 0 0 36 0 0 0 41 0 0 0 0 0 0 19 1 0 607 158 3931 15 198 395 2168 109 0 1 107 604 0 0 2 1 1844 0 4 0 409 5 13 2 542 83 1 0 3 0 199
0 26 0 0 0 0 1 0 4 0 65 0 583 0 6 0 0 0 0 0 0 46 0 0 233 78 167 2 0 0 48 0 0 0 0 16 1 0 36 3 0 3 15 0 651 1 0 10 8 0 0 0 0 0 0 13 1 9 574 21 760 2 16 0 334 101 0 85
0 0 0 0 0 0 0 0 2 0 0 0 7 0 0 0 0 0 0 0 0 1 0 5 1 0 0 0 0 0 0 0 0 0 2209 0 59 7 2 85 3123 3613 27 499 129 107 10 0 24 0 8 4 5 21 0 0 6 24 0 57 0 127 2247 601 2 0 11 91
0 0 0 4 6 5 0 0 2 0 0 13 10 0 8 0 0 0 0 2 1 0 3 4 0 0 0 1 2 0 0 0 0 1 1 0 1 38 782 811 10 48 204 39 24 604 8 24 0 3 0 0 0 19 34 9 29 161 1 0 0 129 2 2 0 36 0 13
0 1 0 0 0 0 0 0 4 0 0 0 0 0 0 517 0 0 0 0 131 63 399 70 0 0 19 102 15 5 0 0 1 5 0 27 1 0 0 0 0 0 0 0 0 0 0 0 3 0 1 0 0 0 1068 624 1123 978 0 0 539 154 1 0 0 0 0 2
0 4 16 0 0 0 0 0 0 0 0 0 0 0 0 0 3 0 0 0 0 3 1 0 0 6 71 2 0 0 0 0 0 1 7 5 1557 0 0 1 43 9 0 0 17 0 0 8 0 1 0 22 514 0 59 1 1823 0 0 675 480 73 0 177 0 0 0 982
0 0 0 0 0 0 0 0 0 0 0 0 0 0 0 0 0 0 0 0 0 0 0 0 0 4 0 0 0 0 0 0 0 0 1 0 0 0 0 6 6 0 2 0 1078 2 0 4 0 0 22 0 828 0 2 1 4 1 1 816 4 2 4 27 0 1 0 94
0 0 3 0 0 0 0 0 0 0 0 0 0 0 0 0 1 0 0 0 0 0 0 0 0 10 34 0 0 0 0 0 0 0 5 1 9 0 1 1 38 0 8 0 167 1 0 5 0 0 514 828 0 0 11 1 20 3 0 1328 82 15 15 212 0 0 0 799
0 0 0 36 0 0 0 0 14 0 0 39 4 0 23 0 0 0 0 7 0 0 0 21 0 0 0 2 0 0 0 0 0 0 6 0 0 1961 8 45 2 14 68 1808 10 1844 0 21 19 0 0 0 0 0 0 0 0 210 0 0 0 361 18 0 0 1 0 69
0 1 0 0 0 0 0 0 0 0 0 0 0 0 0 15 0 0 0 0 6 0 3 1 0 1 0 7 3 5 0 0 2 2 0 0 23 0 0 0 25 0 2 0 5 0 0 0 34 1068 59 2 11 0 0 1 5318 73 0 7 48 2404 52 2099 0 0 12 794
0 8 0 0 0 0 2 0 17 0 1 0 16 2 0 48 0 0 0 1 9 167 10 43 11 0 57 18 1 1 0 0 0 0 0 515 0 0 8 1 0 0 437 0 5 4 13 0 9 624 1 1 1 0 1 0 38 886 104 1 617 4 0 0 0 1 0 1
0 0 3 0 0 0 0 0 0 0 0 0 1 0 0 222 0 0 0 0 20 2 543 9 0 1 52 6 1 0 0 0 0 0 1 0 1372 0 0 2 219 6 0 0 2 0 1 6 29 1123 1823 4 20 0 5318 38 0 39 0 81 1794 662 7 235 0 0 18 932
6 1 0 151 2 7 21 1 149 111 0 52 11 2 18 28 0 0 0 81 13 26 1 782 1 0 4 493 52 14 0 0 8 64 4 114 3 412 103 34 26 13 2199 68 23 409 9 24 161 978 0 1 3 210 73 886 39 0 104 5 342 2506 124 4 0 5 3 67
1 46 2 0 0 0 0 0 2 0 3 0 196 0 0 0 1 0 1 0 0 8 0 5 277 9 137 0 0 0 5 0 0 0 0 450 0 1 1 0 0 0 67 0 46 5 574 0 1 0 0 1 0 0 0 104 0 104 0 2 1085 0 1 0 4 1 0 2
0 12 36 0 0 0 0 0 0 0 3 0 16 0 0 1 15 1 8 0 0 2 0 0 9 311 506 0 0 0 26 0 0 3 47 7 1072 0 1 3 160 53 0 0 363 13 21 57 0 0 675 816 1328 0 7 1 81 5 2 0 1893 31 5 161 202 4 3 228
1 172 226 0 1 0 0 0 2 0 4 0 74 0 0 461 75 1 27 0 3 80 949 11 167 498 3924 11 0 0 17 0 0 31 0 2191 3379 0 1 0 11 0 159 0 8 2 760 0 0 539 480 4 82 0 48 617 1794 342 1085 1893 0 264 0 4 323 0 0 168
5 0 0 37 0 4 11 1 121 2 0 61 8 0 31 11 0 0 0 13 10 5 2 284 0 0 0 104 21 5 0 0 3 36 54 2 168 685 66 417 4630 89 282 2499 28 542 2 127 129 154 73 2 15 361 2404 4 662 2506 0 31 264 0 440 925 0 0 9 440
0 0 0 0 0 0 1 0 14 0 0 0 1 0 1 0 0 0 0 0 0 1 0 9 0 0 0 11 2 0 0 0 0 2 605 0 0 16 0 25 192 73 37 76 431 83 16 2247 2 1 0 4 15 18 52 0 7 124 1 5 0 440 0 1207 2 140 1335 1632
0 0 0 0 0 0 0 0 0 0 0 0 1 0 0 0 0 0 0 0 0 0 0 2 0 0 0 1 1 0 0 0 0 5 398 0 43 0 0 12 1364 251 0 3 42 1 0 601 2 0 177 27 212 0 2099 0 235 4 0 161 4 925 1207 0 0 0 216 868
0 5 0 0 0 0 0 0 0 0 9 0 42 0 0 0 0 0 0 0 0 1 0 0 18 61 69 0 0 0 19 0 0 0 0 1 0 0 0 0 0 0 0 0 33 0 334 2 0 0 0 0 0 0 0 0 0 0 4 202 323 0 2 0 0 2 0 5
0 0 0 0 0 0 0 0 1 0 0 0 14 0 0 0 0 0 0 0 0 0 0 0 0 0 0 0 0 0 0 0 0 0 0 0 0 0 82 0 0 1 9 1 334 3 101 0 36 0 0 1 0 1 0 1 0 5 1 4 0 0 140 0 2 0 0 421
0 0 0 0 0 0 0 0 1 0 0 0 0 0 0 0 0 0 0 0 0 0 0 7 0 0 0 5 3 0 0 0 1 1 0 0 0 0 0 1 2 1 3 0 1 0 0 11 0 0 0 0 0 0 12 0 18 3 0 3 0 9 1335 216 0 0 0 429
2 1 10 1 0 1 4 0 6 0 0 0 25 2 2 1 1 0 0 0 2 1 0 72 2 6 51 25 8 2 0 0 1 3 14 1 19 62 167 37 80 26 36 213 1836 199 85 91 13 2 982 94 799 69 794 1 932 67 2 228 168 440 1632 868 5 421 429 0
