0 0 16 2 0 6 389 103 0 10 6 0 2 1304 0 0 76 10 25 0 0 1 31 0 0 16 14 2 1152 280 0 0 8 16 0 0 0 1 0 0 0 2 0 0 0 0 0 1 0 0 0 0 0 0 1 0 0 2 0 0 0 2 0 0 0 0 0 0
0 0 3 0 0 0 0 0 13 0 0 1 23 0 3 1 2 0 1 0 1 312 0 71 386 6 1923 0 0 0 2 0 1 2 0 338 0 0 0 0 0 0 3 0 1 0 17 0 0 2 0 0 0 0 0 47 1 2 13 26 241 0 0 2 4 0 0 1
16 3 0 0 0 3 333 94 1 6 0 0 0 53 2 0 1675 0 35 0 13 1 1422 10 0 1692 3024 84 7 52 0 0 0 162 0 5 51 0 0 0 0 0 2 0 0 0 0 0 0 8 9 0 8 0 0 6 11 8 0 58 204 1 0 2 0 0 0 5
2 0 0 0 8 68 5 11 133 849 0 506 6 2 51 0 0 0 0 1719 0 2 0 414 0 0 4 1311 1 0 0 0 0 2 0 0 0 83 0 9 1 1 20 15 0 33 0 0 12 0 0 0 0 15 0 0 0 57 0 0 0 78 0 0 0 0 0 2
0 0 0 8 0 214 1 9 61 3 0 30 149 0 932 0 0 0 0 2 0 5 0 7 1 0 0 5 0 0 0 248 0 108 0 0 0 0 0 0 0 0 1 0 0 1 0 0 1 0 0 0 0 1 0 0 0 0 0 0 0 0 0 0 0 0 0 1
6 0 3 68 214 0 81 1167 56 1932 45 3364 60 65 489 0 4 6 9 123 0 0 3 47 3 8 0 52 37 1 0 26 0 37 0 0 0 8 0 24 3 7 6 11 0 43 0 0 9 0 0 0 0 9 0 0 0 26 0 0 0 37 2 0 0 0 0 24
389 0 333 5 1 81 0 350 4 1975 1 18 8 1494 12 0 41 0 4 0 154 1 372 65 0 6 39 4429 190 1215 0 1 21 81 0 0 0 3 0 5 0 0 2 9 0 1 0 0 0 0 0 0 0 2 0 0 0 2 0 0 0 10 0 0 0 0 0 1
103 0 94 11 9 1167 350 0 32 544 18 108 117 2304 34 0 99 8 13 7 3 0 81 44 1 15 7 24 19 38 0 229 0 7 0 0 0 0 0 27 4 7 8 0 0 2 0 0 1 0 0 0 0 0 0 0 0 25 0 0 0 26 0 0 0 1 1 26
0 13 1 133 61 56 4 32 0 31 10 226 20 3 436 0 0 2 4 99 0 258 1 1054 91 6 151 119 10 0 0 2 1 39 1 3 0 15 0 12 1 1 175 18 1 102 1 2 5 0 0 0 0 6 0 7 0 53 0 0 2 45 1 1 0 0 1 8
10 0 6 849 3 1932 1975 544 31 0 16 1092 41 701 42 0 0 3 4 486 0 1 3 14 0 3 0 1084 154 3 0 1 6 125 0 0 0 22 0 30 3 0 25 11 0 31 1 0 5 0 0 0 0 7 0 1 0 117 0 0 0 55 1 0 0 0 0 8
6 0 0 0 0 45 1 18 10 16 0 23 669 71 0 0 21 1163 804 3 1 1 3 1 74 708 82 4 299 4 35 167 1 1111 0 6 0 0 1 0 0 0 0 0 60 0 167 0 0 0 0 0 0 0 0 7 0 0 11 13 16 0 1 0 44 2 0 0
0 1 0 506 30 3364 18 108 226 1092 23 0 36 55 740 0 0 6 3 1139 0 0 0 263 3 3 2 92 28 0 0 2 2 61 0 0 0 35 2 40 1 1 15 45 0 724 1 0 25 0 0 0 0 28 0 0 0 50 0 0 0 53 0 0 0 0 1 9
2 23 0 6 149 60 8 117 20 41 669 36 0 43 73 0 0 23 10 7 4 17 1 16 722 46 636 22 78 0 276 357 0 420 0 19 0 3 16 16 2 2 5 12 139 13 522 1 28 0 0 0 0 6 0 19 0 3 151 7 20 4 1 0 46 6 0 250
1304 0 53 2 0 65 1494 2304 3 701 71 55 43 0 3 0 192 14 30 1 2 0 91 2 0 33 10 14 838 449 1 7 4 83 1 0 0 0 0 1 0 1 2 0 0 0 0 1 0 0 0 0 0 0 1 0 0 1 0 0 0 2 0 1 0 0 0 2
0 3 2 51 932 489 12 34 436 42 0 740 73 3 0 0 0 1 0 39 4 24 2 140 3 1 17 81 7 0 0 21 4 43 0 0 0 15 1 13 1 0 11 13 0 31 1 0 7 0 0 0 0 9 0 0 0 24 0 0 0 24 1 2 0 0 0 8
0 1 0 0 0 0 0 0 0 0 0 0 0 0 0 0 0 0 0 0 247 801 1006 644 0 1 1384 59 0 0 0 0 0 2 0 3 3 0 0 0 0 0 1 0 0 1 0 0 1 841 0 0 0 0 8 59 182 87 0 0 216 16 0 1 0 0 0 0
76 2 1675 0 0 4 41 99 0 0 21 0 0 192 0 0 0 7 1544 0 17 0 1307 0 0 812 372 7 104 296 0 0 5 1240 0 1 13 0 0 0 0 0 0 0 0 0 0 0 0 0 3 0 4 0 0 1 2 0 0 35 53 0 0 0 0 0 0 2
10 0 0 0 0 6 0 8 2 3 1163 6 23 14 1 0 7 0 681 0 0 0 0 0 0 528 1 0 19 0 0 5 1 46 0 0 0 0 0 0 0 0 0 0 3 0 5 0 0 0 0 0 0 0 0 0 0 0 0 4 0 0 0 0 6 0 0 0
25 1 35 0 0 9 4 13 4 4 804 3 10 30 0 0 1544 681 0 0 11 0 26 3 0 1522 142 5 82 39 0 0 6 1053 0 1 0 0 0 0 0 0 0 0 0 0 0 0 0 0 3 0 1 0 0 0 0 0 0 20 32 0 0 0 0 0 0 0
0 0 0 1719 2 123 0 7 99 486 3 1139 7 1 39 0 0 0 0 0 0 1 0 47 1 0 0 394 3 0 0 0 0 5 0 0 0 66 0 17 5 0 24 44 0 29 0 0 9 0 0 0 0 18 0 0 0 73 0 0 0 116 0 0 0 0 0 1
0 1 13 0 0 0 154 3 0 0 1 0 4 2 4 247 17 0 11 0 0 5 5525 4 0 3 54 1493 16 1025 0 0 36 742 3 0 4 0 0 0 0 0 1 0 0 0 0 0 3 124 0 0 0 0 24 3 42 115 0 0 3 43 1 7 0 0 1 8
1 312 1 2 5 0 1 0 258 1 1 0 17 0 24 801 0 0 0 1 5 0 1 738 168 5 784 14 0 0 1 0 0 1 0 18 1 0 0 0 1 0 18 0 1 0 3 1 2 64 0 0 0 0 1 231 3 76 14 4 152 9 0 0 0 0 1 0
31 0 1422 0 0 3 372 81 1 3 3 0 1 91 2 1006 1307 0 26 0 5525 1 0 28 7 39 3381 454 24 607 0 0 3 1584 0 0 55 0 0 0 0 0 0 0 0 0 0 0 0 454 6 0 0 0 5 9 522 33 0 1 334 13 0 2 0 0 0 1
0 71 10 414 7 47 65 44 1054 14 1 263 16 2 140 644 0 0 3 47 4 738 28 0 79 3 1073 1427 12 1 1 0 5 36 10 8 4 22 0 37 7 11 93 54 0 53 0 6 21 114 0 0 0 11 8 30 17 635 3 0 63 215 12 13 0 0 3 51
0 386 0 0 1 3 0 1 91 0 74 3 722 0 3 0 0 0 0 1 0 168 7 79 0 8 1021 2 2 0 14 1 0 4 0 44 0 0 5 0 0 0 10 1 25 3 145 0 3 1 0 1 0 0 0 16 0 5 297 23 127 0 1 0 21 6 0 41
16 6 1692 0 0 8 6 15 6 3 708 3 46 33 1 1 812 528 1522 0 3 5 39 3 8 0 2834 2 41 22 159 2 4 179 0 32 9 0 0 0 0 0 0 0 25 0 182 0 0 0 6 3 13 0 0 4 0 0 19 388 509 0 0 0 153 0 0 5
14 1923 3024 4 0 0 39 7 151 0 82 2 636 10 17 1384 372 1 142 0 54 784 3381 1073 1021 2834 0 328 21 4 156 0 2 582 0 425 199 0 0 0 0 0 9 0 6 0 177 0 1 235 48 2 29 0 2 101 238 99 102 614 4717 11 0 1 114 0 0 42
2 0 84 1311 5 52 4429 24 119 1084 4 92 22 14 81 59 7 0 5 394 1493 14 454 1427 2 2 328 0 70 2093 0 1 42 149 1 1 1 67 0 27 4 5 56 11 0 41 0 2 12 31 0 0 0 19 10 5 7 267 0 0 10 150 10 14 0 0 0 13
1152 0 7 1 0 37 190 19 10 154 299 28 78 838 7 0 104 19 82 3 16 0 24 12 2 41 21 70 0 924 1 58 1021 1023 0 0 0 0 0 1 0 1 0 0 0 0 0 1 1 0 0 0 0 0 1 0 0 6 0 0 1 3 0 2 0 0 0 10
280 0 52 0 0 1 1215 38 0 3 4 0 0 449 0 0 296 0 39 0 1025 0 607 1 0 22 4 2093 924 0 0 0 214 762 0 0 0 0 0 0 0 0 0 0 0 0 0 0 0 4 0 0 0 0 5 0 2 10 0 0 0 8 1 2 0 0 0 0
0 2 0 0 0 0 0 0 0 0 35 0 276 1 0 0 0 0 0 0 0 1 0 1 14 159 156 0 1 0 0 0 0 1 0 3 0 0 0 0 0 0 0 0 10 0 158 0 0 0 0 1 0 0 0 1 0 0 20 10 17 0 0 0 45 0 0 0
0 0 0 0 248 26 1 229 2 1 167 2 357 7 21 0 0 5 0 0 0 0 0 0 1 2 0 1 58 0 0 0 0 157 0 0 0 0 0 0 0 0 0 0 0 0 0 0 0 0 0 0 0 0 0 0 0 0 0 0 0 0 0 0 0 0 0 3
8 1 0 0 0 0 21 0 1 6 1 2 0 4 4 0 5 1 6 0 36 0 3 5 0 4 2 42 1021 214 0 0 0 633 0 0 0 0 0 0 0 0 0 0 0 0 0 0 0 0 0 0 0 0 0 0 0 1 0 0 0 2 0 0 0 0 0 1
16 2 162 2 108 37 81 7 39 125 1111 61 420 83 43 2 1240 46 1053 5 742 1 1584 36 4 179 582 149 1023 762 1 157 633 0 0 5 6 2 0 20 6 1 3 2 0 1 5 0 0 3 1 0 0 0 3 2 3 18 2 31 70 19 2 2 0 1 2 9
0 0 0 0 0 0 0 0 1 0 0 0 0 1 0 0 0 0 0 0 3 0 0 10 0 0 0 1 0 0 0 0 0 0 0 0 7 0 0 2 1143 11 2 7 5 1 0 573 0 0 13 1 28 2 0 0 2 1 0 32 0 9 949 208 0 0 5 6
0 338 5 0 0 0 0 0 3 0 6 0 19 0 0 3 1 0 1 0 0 18 0 8 44 32 425 1 0 0 3 0 0 5 0 0 2 0 0 0 3 1 39 0 3 0 38 0 4 0 1 0 0 0 0 303 0 100 479 11 1690 0 0 1 0 0 0 17
0 0 51 0 0 0 0 0 0 0 0 0 0 0 0 3 13 0 0 0 4 1 55 4 0 9 199 1 0 0 0 0 0 6 7 2 0 0 0 13 377 84 0 1 0 0 0 64 1 0 344 0 11 0 3 1 2891 2 0 1494 2158 91 2 5 0 0 0 5
1 0 0 83 0 8 3 0 15 22 0 35 3 0 15 0 0 0 0 66 0 0 0 22 0 0 0 67 0 0 0 0 0 2 0 0 0 0 7 19 5 1 86 1389 0 484 0 2 44 0 0 0 0 2964 0 2 0 286 2 0 3 1814 8 0 0 0 0 12
0 0 0 0 0 0 0 0 0 0 1 2 16 0 1 0 0 0 0 0 0 0 0 0 5 0 0 0 0 0 0 0 0 0 0 0 0 7 0 301 6 7 68 8 21 17 32 0 841 0 0 1 0 5 4 2 5 17 5 1 0 20 1 0 0 74 0 182
0 0 0 9 0 24 5 27 12 30 0 40 16 1 13 0 0 0 0 17 0 0 0 37 0 0 0 27 1 0 0 0 0 20 2 0 13 19 301 0 213 1385 39 2962 54 2814 0 94 586 0 3 10 2 62 0 0 1 15 0 13 6 102 63 2 0 23 3 90
0 0 0 1 0 3 0 4 1 3 0 1 2 0 1 0 0 0 0 5 0 1 0 7 0 0 0 4 0 0 0 0 0 6 1143 3 377 5 6 213 0 477 10 1468 29 6 0 1606 22 0 356 1 60 3 41 0 330 58 0 143 28 3960 318 2190 0 1 20 124
2 0 0 1 0 7 0 7 1 0 0 1 2 1 0 0 0 0 0 0 0 0 0 11 0 0 0 5 1 0 0 0 0 1 11 1 84 1 7 1385 477 0 18 218 11 38 1 1493 16 0 23 7 4 5 1 0 15 5 0 38 4 10 17 4 0 70 0 51
0 3 2 20 1 6 2 8 175 25 0 15 5 2 11 1 0 0 0 24 1 18 0 93 10 0 9 56 0 0 0 0 0 3 2 39 0 86 68 39 10 18 0 50 15 247 22 13 519 1 0 2 4 19 0 175 0 915 65 4 130 131 11 1 0 8 3 53
0 0 0 15 0 11 9 0 18 11 0 45 12 0 13 0 0 0 0 44 0 0 0 54 1 0 0 11 0 0 0 0 0 2 7 0 1 1389 8 2962 1468 218 50 0 14 1464 0 281 31 0 1 1 0 1462 0 0 3 52 0 0 0 567 164 2 0 2 1 238
0 1 0 0 0 0 0 0 1 0 60 0 139 0 0 0 0 3 0 0 0 1 0 0 25 25 6 0 0 0 10 0 0 0 5 3 0 0 21 54 29 11 15 14 0 35 874 31 6 0 24 995 482 6 2 2 1 5 170 576 9 10 271 26 53 237 2 1211
0 0 0 33 1 43 1 2 102 31 0 724 13 0 31 1 0 0 0 29 0 0 0 53 3 0 0 41 0 0 0 0 0 1 1 0 0 484 17 2814 6 38 247 1464 35 0 0 35 485 0 0 4 1 1962 0 2 0 286 0 3 1 247 62 0 0 2 1 116
0 17 0 0 0 0 0 0 1 1 167 1 522 0 1 0 0 5 0 0 0 3 0 0 145 182 177 0 0 0 158 0 0 5 0 38 0 0 32 0 0 1 22 0 874 0 0 0 3 0 0 0 0 0 0 21 0 18 648 11 397 0 24 0 234 118 0 212
1 0 0 0 0 0 0 0 2 0 0 0 1 1 0 0 0 0 0 0 0 1 0 6 0 0 0 2 1 0 0 0 0 0 573 0 64 2 0 94 1606 1493 13 281 31 35 0 0 9 0 53 8 23 4 2 0 18 3 0 41 5 13 979 53 2 10 0 56
0 0 0 12 1 9 0 1 5 5 0 25 28 0 7 1 0 0 0 9 3 2 0 21 3 0 1 12 1 0 0 0 0 0 0 4 1 44 841 586 22 16 519 31 6 485 3 9 0 1 0 2 0 26 8 20 5 84 7 1 5 123 6 0 0 19 0 83
0 2 8 0 0 0 0 0 0 0 0 0 0 0 0 841 0 0 0 0 124 64 454 114 1 0 235 31 0 4 0 0 0 3 0 0 0 0 0 0 0 0 1 0 0 0 0 0 1 0 0 0 0 0 672 1020 1148 864 0 1 953 285 0 0 0 0 0 0
0 0 9 0 0 0 0 0 0 0 0 0 0 0 0 0 3 0 3 0 0 0 6 0 0 6 48 0 0 0 0 0 0 1 13 1 344 0 0 3 356 23 0 1 24 0 0 53 0 0 0 32 1778 0 29 0 1688 1 0 205 299 53 0 179 0 0 0 1126
0 0 0 0 0 0 0 0 0 0 0 0 0 0 0 0 0 0 0 0 0 0 0 0 1 3 2 0 0 0 1 0 0 0 1 0 0 0 1 10 1 7 2 1 995 4 0 8 2 0 32 0 767 0 1 1 1 1 0 254 4 0 16 21 0 21 6 99
0 0 8 0 0 0 0 0 0 0 0 0 0 0 0 0 4 0 1 0 0 0 0 0 0 13 29 0 0 0 0 0 0 0 28 0 11 0 0 2 60 4 4 0 482 1 0 23 0 0 1778 767 0 0 22 0 23 0 0 1545 49 5 20 115 0 0 4 803
0 0 0 15 1 9 2 0 6 7 0 28 6 0 9 0 0 0 0 18 0 0 0 11 0 0 0 19 0 0 0 0 0 0 2 0 0 2964 5 62 3 5 19 1462 6 1962 0 4 26 0 0 0 0 0 0 0 0 42 0 0 0 195 11 1 0 0 0 26
1 0 0 0 0 0 0 0 0 0 0 0 0 1 0 8 0 0 0 0 24 1 5 8 0 0 2 10 1 5 0 0 0 3 0 0 3 0 4 0 41 1 0 0 2 0 0 2 8 672 29 1 22 0 0 1 5083 28 0 2 17 1922 13 1786 0 0 13 862
0 47 6 0 0 0 0 0 7 1 7 0 19 0 0 59 1 0 0 0 3 231 9 30 16 4 101 5 0 0 1 0 0 2 0 303 1 2 2 0 0 0 175 0 2 2 21 0 20 1020 0 1 0 0 1 0 0 760 130 1 833 15 1 0 0 0 0 16
0 1 11 0 0 0 0 0 0 0 0 0 0 0 0 182 2 0 0 0 42 3 522 17 0 0 238 7 0 2 0 0 0 3 2 0 2891 0 5 1 330 15 0 3 1 0 0 18 5 1148 1688 1 23 0 5083 0 0 19 0 148 2945 780 3 402 0 0 2 898
2 2 8 57 0 26 2 25 53 117 0 50 3 1 24 87 0 0 0 73 115 76 33 635 5 0 99 267 6 10 0 0 1 18 1 100 2 286 17 15 58 5 915 52 5 286 18 3 84 864 1 1 0 42 28 760 19 0 84 4 823 1623 9 0 0 0 7 26
0 13 0 0 0 0 0 0 0 0 11 0 151 0 0 0 0 0 0 0 0 14 0 3 297 19 102 0 0 0 20 0 0 2 0 479 0 2 5 0 0 0 65 0 170 0 648 0 7 0 0 0 0 0 0 130 0 84 0 6 905 0 6 0 4 20 0 213
0 26 58 0 0 0 0 0 0 0 13 0 7 0 0 0 35 4 20 0 0 4 1 0 23 388 614 0 0 0 10 0 0 31 32 11 1494 0 1 13 143 38 4 0 576 3 11 41 1 1 205 254 1545 0 2 1 148 4 6 0 2734 8 14 41 371 18 3 103
0 241 204 0 0 0 0 0 2 0 16 0 20 0 0 216 53 0 32 0 3 152 334 63 127 509 4717 10 1 0 17 0 0 70 0 1690 2158 3 0 6 28 4 130 0 9 1 397 5 5 953 299 4 49 0 17 833 2945 823 905 2734 0 314 6 13 130 4 4 246
2 0 1 78 0 37 10 26 45 55 0 53 4 2 24 16 0 0 0 116 43 9 13 215 0 0 11 150 3 8 0 0 2 19 9 0 91 1814 20 102 3960 10 131 567 10 247 0 13 123 285 53 0 5 195 1922 15 780 1623 0 8 314 0 87 1714 0 0 15 184
0 0 0 0 0 2 0 0 1 1 1 0 1 0 1 0 0 0 0 0 1 0 0 12 1 0 0 10 0 1 0 0 0 2 949 0 2 8 1 63 318 17 11 164 271 62 24 979 6 0 0 16 20 11 13 1 3 9 6 14 6 87 0 579 2 149 630 983
0 2 2 0 0 0 0 0 1 0 0 0 0 1 2 1 0 0 0 0 7 0 2 13 0 0 1 14 2 2 0 0 0 2 208 1 5 0 0 2 2190 4 1 2 26 0 0 53 0 0 179 21 115 1 1786 0 402 0 0 41 13 1714 579 0 0 0 258 996
0 4 0 0 0 0 0 0 0 0 44 0 46 0 0 0 0 6 0 0 0 0 0 0 21 153 114 0 0 0 45 0 0 0 0 0 0 0 0 0 0 0 0 0 53 0 234 2 0 0 0 0 0 0 0 0 0 0 4 371 130 0 2 0 0 2 0 14
0 0 0 0 0 0 0 1 0 0 2 0 6 0 0 0 0 0 0 0 0 0 0 0 6 0 0 0 0 0 0 0 0 1 0 0 0 0 74 23 1 70 8 2 237 2 118 10 19 0 0 21 0 0 0 0 0 0 20 18 4 0 149 0 2 0 0 417
0 0 0 0 0 0 0 1 1 0 0 1 0 0 0 0 0 0 0 0 1 1 0 3 0 0 0 0 0 0 0 0 0 2 5 0 0 0 0 3 20 0 3 1 2 1 0 0 0 0 0 6 4 0 13 0 2 7 0 3 4 15 630 258 0 0 0 576
0 1 5 2 1 24 1 26 8 8 0 9 250 2 8 0 2 0 0 1 8 0 1 51 41 5 42 13 10 0 0 3 1 9 6 17 5 12 182 90 124 51 53 238 1211 116 212 56 83 0 1126 99 803 26 862 16 898 26 213 103 246 184 983 996 14 417 576 0
