0 3 150 0 0 28 1071 157 0 32 9 12 2 1114 2 0 61 4 15 3 9 0 58 2 0 57 15 28 950 229 1 0 1 11 0 1 0 0 0 0 0 0 0 0 0 0 0 0 0 0 0 0 0 0 0 0 0 5 0 0 0 2 0 0 0 0 0 1
3 0 3 0 0 0 0 0 29 0 4 0 93 2 6 96 11 0 1 0 0 423 3 154 412 12 1488 3 4 1 0 1 2 10 0 162 2 0 0 0 0 0 3 0 2 0 14 0 0 4 0 0 1 0 0 24 3 5 18 13 177 0 0 0 0 2 0 0
150 3 0 0 2 18 114 200 0 1 0 0 1 307 1 6 1253 0 67 0 269 0 3213 4 0 1832 3749 43 42 70 0 0 0 59 0 24 162 0 0 0 0 0 0 0 0 0 0 0 0 3 7 0 2 0 0 9 52 1 0 13 419 0 0 7 0 0 0 2
0 0 0 0 10 46 4 10 100 287 1 449 5 3 76 0 0 0 0 1888 0 0 0 621 0 0 0 1002 9 0 0 1 0 1 0 0 0 119 0 5 0 0 23 2 0 79 0 1 4 0 0 0 0 113 0 0 0 115 0 0 0 1 0 0 0 0 0 0
0 0 2 10 0 150 3 9 105 9 25 45 265 4 1168 2 1 1 1 7 9 8 44 48 2 0 2 18 6 1 0 119 0 197 0 0 0 0 2 3 0 0 3 0 0 12 0 0 7 0 0 0 0 3 0 1 0 7 2 0 0 0 0 1 0 0 0 0
28 0 18 46 150 0 114 2643 54 2325 43 3141 41 150 1446 0 1 2 5 25 1 0 7 29 2 8 5 78 64 2 0 19 1 26 0 0 0 5 3 29 0 1 5 10 2 54 0 0 3 0 0 0 0 11 0 0 0 19 0 0 0 8 0 0 0 1 0 8
1071 0 114 4 3 114 0 425 2 2194 11 15 15 1329 15 0 14 0 2 1 29 0 85 72 1 14 10 5230 280 1371 0 4 9 81 0 0 0 1 0 0 0 0 3 1 0 1 1 0 0 0 0 0 0 1 0 0 0 7 0 0 0 2 0 0 0 0 0 2
157 0 200 10 9 2643 425 0 16 573 15 324 22 2185 95 0 28 3 3 7 5 0 62 13 0 26 3 88 62 16 0 75 1 33 0 0 0 1 1 0 0 0 1 0 0 1 0 0 0 0 0 0 0 1 0 0 0 8 0 0 0 0 0 0 0 0 0 1
0 29 0 100 105 54 2 16 0 20 13 199 42 11 429 3 0 0 1 50 0 381 0 1876 101 3 168 26 7 0 0 37 1 13 0 2 0 21 0 3 1 0 161 12 2 14 4 0 3 1 0 0 0 7 3 9 0 105 4 0 1 27 1 0 0 1 0 3
32 0 1 287 9 2325 2194 573 20 0 20 1208 68 436 46 0 0 0 0 952 0 0 1 96 3 2 0 1444 237 1 0 2 5 91 0 0 0 1 0 5 0 0 15 0 0 59 0 0 4 0 0 0 0 50 0 0 0 158 0 0 0 4 0 0 0 0 0 1
9 4 0 1 25 43 11 15 13 20 0 50 520 71 11 0 44 1693 534 1 6 7 8 4 45 866 67 15 296 7 40 155 2 1164 0 1 0 0 0 0 0 1 2 0 79 0 245 0 1 0 0 0 0 0 0 1 0 0 36 10 70 0 2 0 17 12 0 13
12 0 0 449 45 3141 15 324 199 1208 50 0 52 76 754 0 0 1 1 1203 0 0 0 473 1 1 4 48 115 0 0 9 1 48 0 0 0 16 5 86 0 0 13 34 0 184 0 0 42 0 0 0 0 66 0 0 0 21 0 0 0 3 0 0 0 0 0 4
2 93 1 5 265 41 15 22 42 68 520 52 0 29 96 3 0 27 6 8 12 59 10 37 1096 47 903 46 59 3 124 210 1 607 0 13 0 0 3 2 0 6 5 0 126 6 936 0 5 1 0 0 0 0 0 3 0 4 101 16 105 1 1 0 21 19 0 114
1114 2 307 3 4 150 1329 2185 11 436 71 76 29 0 41 0 142 3 25 10 13 0 120 8 2 90 15 78 1786 135 0 100 2 50 0 0 0 0 0 0 0 2 0 0 1 0 0 0 0 0 0 0 0 0 0 0 0 5 3 0 0 0 0 0 0 0 0 7
2 6 1 76 1168 1446 15 95 429 46 11 754 96 41 0 2 0 1 1 32 3 47 8 205 10 2 19 69 14 1 0 74 0 27 0 0 0 13 2 11 0 1 18 21 0 39 6 0 17 1 0 0 0 8 1 0 0 35 0 0 1 14 1 1 0 0 1 12
0 96 6 0 2 0 0 0 3 0 0 0 3 0 2 0 8 0 1 0 512 590 728 736 3 9 2392 357 0 0 0 0 0 23 0 6 8 0 0 0 0 0 5 0 0 0 1 0 0 1259 0 0 0 0 22 84 282 97 0 1 828 44 1 6 0 0 1 7
61 11 1253 0 1 1 14 28 0 0 44 0 0 142 0 8 0 8 1466 0 124 1 1606 0 1 752 520 16 249 243 0 1 18 1488 0 7 29 0 0 0 0 0 0 0 0 0 0 0 0 0 3 0 0 0 0 2 1 0 0 5 59 0 0 0 0 0 0 0
4 0 0 0 1 2 0 3 0 0 1693 1 27 3 1 0 8 0 896 0 0 0 2 0 0 1249 9 0 31 1 1 3 0 50 0 0 0 0 0 0 0 0 0 0 1 0 8 0 0 0 0 0 0 0 0 0 0 0 1 7 9 0 0 0 1 0 0 0
15 1 67 0 1 5 2 3 1 0 534 1 6 25 1 1 1466 896 0 0 39 0 101 1 2 1508 137 5 135 39 0 3 9 762 0 5 1 0 0 0 0 0 0 0 0 0 0 0 0 0 1 0 0 0 0 0 0 0 3 9 40 0 0 0 0 0 0 0
3 0 0 1888 7 25 1 7 50 952 1 1203 8 10 32 0 0 0 0 0 0 0 0 167 1 0 0 62 9 0 0 0 0 2 0 0 0 35 0 6 0 0 10 39 0 53 0 0 3 0 0 0 0 76 0 0 0 68 0 0 0 10 0 0 0 0 0 3
9 0 269 0 9 1 29 5 0 0 6 0 12 13 3 512 124 0 39 0 0 2 7730 14 0 39 72 1985 32 3137 0 1 23 1312 0 0 0 0 0 0 0 0 1 0 0 0 0 0 0 63 0 0 0 0 4 3 5 12 0 0 9 3 0 1 0 0 0 0
0 423 0 0 8 0 0 0 381 0 7 0 59 0 47 590 1 0 0 0 2 0 1 803 228 1 683 14 1 0 2 0 0 5 0 13 2 0 0 1 0 0 92 0 0 0 9 0 0 73 1 0 0 2 2 229 4 139 1 1 60 6 1 0 0 0 1 2
58 3 3213 0 44 7 85 62 0 1 8 0 10 120 8 728 1606 2 101 0 7730 1 0 20 2 161 3039 385 40 337 0 2 8 1403 0 2 7 0 2 0 0 0 1 0 0 0 4 0 0 356 1 0 0 0 10 9 276 10 0 0 440 1 1 2 0 0 0 3
2 154 4 621 48 29 72 13 1876 96 4 473 37 8 205 736 0 0 1 167 14 803 20 0 127 6 643 1655 56 4 0 3 6 62 1 7 0 103 0 22 2 3 194 144 0 42 0 2 16 228 0 0 0 97 35 39 16 865 0 0 31 215 7 7 0 0 5 35
0 412 0 0 2 2 1 0 101 3 45 1 1096 2 10 3 1 0 2 1 0 228 2 127 0 9 1230 3 1 0 9 3 1 3 0 50 0 2 5 0 0 1 20 1 42 1 173 1 2 6 0 0 0 0 0 18 7 16 377 27 106 1 0 0 3 7 0 59
57 12 1832 0 0 8 14 26 3 2 866 1 47 90 2 9 752 1249 1508 0 39 1 161 6 9 0 3729 6 80 25 107 4 5 241 0 65 96 0 0 0 0 0 0 0 28 0 180 0 0 0 16 9 9 0 0 0 0 0 74 389 902 0 0 0 47 0 0 12
15 1488 3749 0 2 5 10 3 168 0 67 4 903 15 19 2392 520 9 137 0 72 683 3039 643 1230 3729 0 305 43 9 361 2 7 616 0 437 241 0 0 0 0 0 10 0 17 0 205 0 1 125 28 2 17 0 3 222 278 14 204 406 4613 4 0 1 23 0 0 22
28 3 43 1002 18 78 5230 88 26 1444 15 48 46 78 69 357 16 0 5 62 1985 14 385 1655 3 6 305 0 271 1486 0 6 89 695 1 0 0 1 0 6 1 0 33 4 0 19 0 0 5 71 0 0 0 25 24 11 9 272 0 0 23 44 9 7 0 0 11 27
950 4 42 9 6 64 280 62 7 237 296 115 59 1786 14 0 249 31 135 9 32 1 40 56 1 80 43 271 0 1087 0 44 1070 1331 1 1 0 0 0 1 0 1 2 0 0 0 2 0 0 1 0 0 0 0 3 0 0 29 2 1 3 2 0 0 0 3 0 7
229 1 70 0 1 2 1371 16 0 1 7 0 3 135 1 0 243 1 39 0 3137 0 337 4 0 25 9 1486 1087 0 0 0 359 811 0 0 0 0 0 0 0 0 0 0 0 0 0 0 0 2 0 0 0 0 0 0 2 5 0 0 2 6 0 0 0 0 0 0
1 0 0 0 0 0 0 0 0 0 40 0 124 0 0 0 0 1 0 0 0 2 0 0 9 107 361 0 0 0 0 0 0 2 0 0 0 0 0 0 0 0 0 0 6 0 65 0 0 0 0 1 0 0 0 0 0 0 9 10 40 0 0 0 7 0 0 0
0 1 0 1 119 19 4 75 37 2 155 9 210 100 74 0 1 3 3 0 1 0 2 3 3 4 2 6 44 0 0 0 0 251 0 0 0 0 0 2 0 0 0 0 1 0 0 0 0 0 0 0 0 0 0 0 0 0 0 0 0 0 1 0 0 3 0 6
1 2 0 0 0 1 9 1 1 5 2 1 1 2 0 0 18 0 9 0 23 0 8 6 1 5 7 89 1070 359 0 0 0 461 0 0 0 0 0 0 0 0 0 0 0 0 0 0 0 0 0 0 0 0 1 0 0 2 0 0 0 0 2 0 0 0 0 0
11 10 59 1 197 26 81 33 13 91 1164 48 607 50 27 23 1488 50 762 2 1312 5 1403 62 3 241 616 695 1331 811 2 251 461 0 2 9 18 0 0 1 0 0 7 0 1 0 3 0 4 7 4 0 0 0 9 0 3 32 1 16 99 14 4 2 1 0 2 3
0 0 0 0 0 0 0 0 0 0 0 0 0 0 0 0 0 0 0 0 0 0 0 1 0 0 0 1 1 0 0 0 0 2 0 0 38 0 0 3 451 69 0 6 9 2 0 1125 0 0 17 2 28 0 1 0 3 10 0 54 3 11 783 503 0 1 4 19
1 162 24 0 0 0 0 0 2 0 1 0 13 0 0 6 7 0 5 0 0 13 2 7 50 65 437 0 1 0 0 0 0 9 0 0 0 0 0 0 1 0 56 0 0 0 81 1 7 90 0 0 2 0 5 619 4 154 420 16 2149 2 0 4 0 4 0 6
0 2 162 0 0 0 0 0 0 0 0 0 0 0 0 8 29 0 1 0 0 2 7 0 0 96 241 0 0 0 0 0 0 18 38 0 0 0 0 0 333 90 0 0 0 0 0 216 0 0 277 0 24 0 105 0 2223 0 0 1278 3819 17 1 97 0 0 0 12
0 0 0 119 0 5 1 1 21 1 0 16 0 0 13 0 0 0 0 35 0 0 0 103 2 0 0 1 0 0 0 0 0 0 0 0 0 0 6 63 0 10 97 1136 2 609 0 6 29 0 0 0 0 2513 0 0 0 298 0 0 0 805 16 0 0 0 3 14
0 0 0 0 2 3 0 1 0 0 0 5 3 0 2 0 0 0 0 0 0 0 2 0 5 0 0 0 0 0 0 0 0 0 0 0 0 6 0 203 4 15 132 5 3 77 12 0 1020 2 0 0 0 10 5 16 4 74 5 0 1 11 1 0 0 88 0 176
0 0 0 5 3 29 0 0 3 5 0 86 2 0 11 0 0 0 0 6 0 1 0 22 0 0 0 6 1 0 0 2 0 1 3 0 0 63 203 0 197 1868 87 2164 15 2968 1 75 744 0 0 2 0 52 0 1 1 106 0 0 1 411 66 3 0 20 1 48
0 0 0 0 0 0 0 0 1 0 0 0 0 0 0 0 0 0 0 0 0 0 0 2 0 0 0 1 0 0 0 0 0 0 451 1 333 0 4 197 0 527 1 1070 17 2 1 2177 10 1 148 0 52 1 188 1 271 167 0 116 27 3777 146 2372 0 2 10 122
0 0 0 0 0 1 0 0 0 0 1 0 6 2 1 0 0 0 0 0 0 0 0 3 1 0 0 0 1 0 0 0 0 0 69 0 90 10 15 1868 527 0 16 739 22 146 3 2341 63 0 8 0 1 8 6 1 29 17 1 8 6 80 58 13 0 144 3 78
0 3 0 23 3 5 3 1 161 15 2 13 5 0 18 5 0 0 0 10 1 92 1 194 20 0 10 33 2 0 0 0 0 7 0 56 0 97 132 87 1 16 0 38 22 232 63 2 430 0 0 1 2 78 0 498 0 1673 96 3 194 86 4 0 0 24 0 31
0 0 0 2 0 10 1 0 12 0 0 34 0 0 21 0 0 0 0 39 0 0 0 144 1 0 0 4 0 0 0 0 0 0 6 0 0 1136 5 2164 1070 739 38 0 31 1242 2 221 35 0 0 0 0 1114 0 1 0 85 0 0 0 1914 198 0 0 9 0 227
0 2 0 0 0 2 0 0 2 0 79 0 126 1 0 0 0 1 0 0 0 0 0 0 42 28 17 0 0 0 6 1 0 1 9 0 0 2 3 15 17 22 22 31 0 118 329 34 6 4 11 1693 638 31 34 0 10 31 89 626 15 22 342 19 40 218 4 1320
0 0 0 79 12 54 1 1 14 59 0 184 6 0 39 0 0 0 0 53 0 0 0 42 1 0 0 19 0 0 0 0 0 0 2 0 0 609 77 2968 2 146 232 1242 118 0 1 94 707 0 0 8 2 2281 0 0 0 334 0 4 0 175 134 0 0 27 0 162
0 14 0 0 0 0 1 0 4 0 245 0 936 0 6 1 0 8 0 0 0 9 4 0 173 180 205 0 2 0 65 0 0 3 0 81 0 0 12 1 1 3 63 2 329 1 0 0 7 0 0 2 0 1 0 32 0 20 1274 37 1088 3 19 1 483 111 0 240
0 0 0 1 0 0 0 0 0 0 0 0 0 0 0 0 0 0 0 0 0 0 0 2 1 0 0 0 0 0 0 0 0 0 1125 1 216 6 0 75 2177 2341 2 221 34 94 0 0 6 0 25 1 17 7 5 0 50 31 0 44 5 71 1146 294 0 20 2 74
0 0 0 4 7 3 0 0 3 4 1 42 5 0 17 0 0 0 0 3 0 0 0 16 2 0 1 5 0 0 0 0 0 4 0 7 0 29 1020 744 10 63 430 35 6 707 7 6 0 2 0 0 0 23 9 53 1 265 6 0 18 58 4 0 0 29 0 30
0 4 3 0 0 0 0 0 1 0 0 0 1 0 1 1259 0 0 0 0 63 73 356 228 6 0 125 71 1 2 0 0 0 7 0 90 0 0 2 0 1 0 0 0 4 0 0 0 2 0 1 0 0 0 647 901 1585 329 1 2 2807 328 7 4 0 0 2 22
0 0 7 0 0 0 0 0 0 0 0 0 0 0 0 0 3 0 1 0 0 1 1 0 0 16 28 0 0 0 0 0 0 4 17 0 277 0 0 0 148 8 0 0 11 0 0 25 0 1 0 1 1255 0 91 1 1089 0 0 702 149 16 18 359 0 0 2 1128
0 0 0 0 0 0 0 0 0 0 0 0 0 0 0 0 0 0 0 0 0 0 0 0 0 9 2 0 0 0 1 0 0 0 2 0 0 0 0 2 0 0 1 0 1693 8 2 1 0 0 1 0 233 3 2 0 2 3 1 464 9 0 5 10 0 0 1 133
0 1 2 0 0 0 0 0 0 0 0 0 0 0 0 0 0 0 0 0 0 0 0 0 0 9 17 0 0 0 0 0 0 0 28 2 24 0 0 0 52 1 2 0 638 2 0 17 0 0 1255 233 0 4 48 4 60 0 0 1595 47 5 47 190 0 0 6 862
0 0 0 113 3 11 1 1 7 50 0 66 0 0 8 0 0 0 0 76 0 2 0 97 0 0 0 25 0 0 0 0 0 0 0 0 0 2513 10 52 1 8 78 1114 31 2281 1 7 23 0 0 3 4 0 0 0 0 86 0 0 0 99 17 0 0 5 1 19
0 0 0 0 0 0 0 0 3 0 0 0 0 0 1 22 0 0 0 0 4 2 10 35 0 0 3 24 3 0 0 0 1 9 1 5 105 0 5 0 188 6 0 0 34 0 0 5 9 647 91 2 48 0 0 5 6907 23 1 62 126 1663 22 3412 0 2 23 1405
0 24 9 0 1 0 0 0 9 0 1 0 3 0 0 84 2 0 0 0 3 229 9 39 18 0 222 11 0 0 0 0 0 0 0 619 0 0 16 1 1 1 498 1 0 0 32 0 53 901 1 0 4 0 5 0 13 732 96 2 931 17 0 0 0 3 0 5
0 3 52 0 0 0 0 0 0 0 0 0 0 0 0 282 1 0 0 0 5 4 276 16 7 0 278 9 0 2 0 0 0 3 3 4 2223 0 4 1 271 29 0 0 10 0 0 50 1 1585 1089 2 60 0 6907 13 0 1 1 172 4386 97 23 425 0 0 3 898
5 5 1 115 7 19 7 8 105 158 0 21 4 5 35 97 0 0 0 68 12 139 10 865 16 0 14 272 29 5 0 0 2 32 10 154 0 298 74 106 167 17 1673 85 31 334 20 31 265 329 0 3 0 86 23 732 1 0 79 2 325 1887 107 9 0 6 6 66
0 18 0 0 2 0 0 0 4 0 36 0 101 3 0 0 0 1 3 0 0 1 0 0 377 74 204 0 2 0 9 0 0 1 0 420 0 0 5 0 0 1 96 0 89 0 1274 0 6 1 0 1 0 0 1 96 1 79 0 17 1262 0 2 0 0 48 0 177
0 13 13 0 0 0 0 0 0 0 10 0 16 0 0 1 5 7 9 0 0 1 0 0 27 389 406 0 1 0 10 0 0 16 54 16 1278 0 0 0 116 8 3 0 626 4 37 44 0 2 702 464 1595 0 62 2 172 2 17 0 2524 7 20 145 143 1 3 163
0 177 419 0 0 0 0 0 1 0 70 0 105 0 1 828 59 9 40 0 9 60 440 31 106 902 4613 23 3 2 40 0 0 99 3 2149 3819 0 1 1 27 6 194 0 15 0 1088 5 18 2807 149 9 47 0 126 931 4386 325 1262 2524 0 99 10 25 457 0 2 436
2 0 0 1 0 8 2 0 27 4 0 3 1 0 14 44 0 0 0 10 3 6 1 215 1 0 4 44 2 6 0 0 0 14 11 2 17 805 11 411 3777 80 86 1914 22 175 3 71 58 328 16 0 5 99 1663 17 97 1887 0 7 99 0 263 495 0 5 58 335
0 0 0 0 0 0 0 0 1 0 2 0 1 0 1 1 0 0 0 0 0 1 1 7 0 0 0 9 0 0 0 1 2 4 783 0 1 16 1 66 146 58 4 198 342 134 19 1146 4 7 18 5 47 17 22 0 23 107 2 20 10 263 0 884 0 73 1229 1248
0 0 7 0 1 0 0 0 0 0 0 0 0 0 1 6 0 0 0 0 1 0 2 7 0 0 1 7 0 0 0 0 0 2 503 4 97 0 0 3 2372 13 0 0 19 0 1 294 0 4 359 10 190 0 3412 0 425 9 0 145 25 495 884 0 0 0 219 939
0 0 0 0 0 0 0 0 0 0 17 0 21 0 0 0 0 1 0 0 0 0 0 0 3 47 23 0 0 0 7 0 0 1 0 0 0 0 0 0 0 0 0 0 40 0 483 0 0 0 0 0 0 0 0 0 0 0 0 143 457 0 0 0 0 0 0 8
0 2 0 0 0 1 0 0 1 0 12 0 19 0 0 0 0 0 0 0 0 0 0 0 7 0 0 0 3 0 0 3 0 0 1 4 0 0 88 20 2 144 24 9 218 27 111 20 29 0 0 0 0 5 2 3 0 6 48 1 0 5 73 0 0 0 0 492
0 0 0 0 0 0 0 0 0 0 0 0 0 0 1 1 0 0 0 0 0 1 0 5 0 0 0 11 0 0 0 0 0 2 4 0 0 3 0 1 10 3 0 0 4 0 0 2 0 2 2 1 6 1 23 0 3 6 0 3 2 58 1229 219 0 0 0 424
1 0 2 0 0 8 2 1 3 1 13 4 114 7 12 7 0 0 0 3 0 2 3 35 59 12 22 27 7 0 0 6 0 3 19 6 12 14 176 48 122 78 31 227 1320 162 240 74 30 22 1128 133 862 19 1405 5 898 66 177 163 436 335 1248 939 8 492 424 0
