0 0 14 0 0 0 430 4 0 1 0 0 0 1238 0 0 56 0 18 0 1 0 20 0 0 12 0 1 1128 158 0 0 2 15 0 0 0 0 0 0 0 0 0 0 0 0 0 0 0 0 0 0 0 0 0 0 0 0 0 0 0 0 0 0 0 0 0 0
0 0 0 0 0 0 0 0 43 0 2 0 309 0 1 5 0 0 0 0 0 269 0 121 427 10 1375 0 1 0 1 0 1 0 0 250 10 0 0 0 1 0 3 0 1 0 9 0 0 4 0 1 1 0 0 10 0 4 4 10 195 0 0 0 1 0 0 0
14 0 0 0 0 9 210 115 0 8 0 0 0 71 0 0 534 0 41 0 9 0 2439 0 0 1852 3008 30 11 7 0 0 1 176 0 0 80 0 0 0 1 0 0 0 0 0 0 0 0 1 3 0 1 0 0 0 5 0 0 12 107 0 0 0 0 0 0 1
0 0 0 0 30 41 0 31 146 1147 0 1425 8 18 17 0 0 0 0 2816 0 0 0 898 0 0 0 1594 22 0 0 0 1 9 0 0 0 84 0 0 0 0 82 2 0 34 0 0 5 0 0 0 0 62 0 0 0 136 0 0 0 31 0 0 0 0 0 0
0 0 0 30 0 335 1 2 74 5 10 80 161 0 766 0 0 0 2 13 2 5 1 49 0 0 3 5 5 0 0 293 0 246 0 0 0 0 1 2 0 0 6 0 0 3 0 0 2 0 0 0 0 0 0 0 0 1 0 0 0 0 0 0 0 0 0 0
0 0 9 41 335 0 116 1589 34 1377 4 2566 24 68 1383 0 4 0 4 52 0 0 14 10 0 2 0 51 14 0 0 16 0 18 0 0 0 3 0 9 0 2 8 2 0 61 0 0 5 0 0 0 0 15 0 0 0 40 0 0 0 6 0 0 0 0 0 2
430 0 210 0 1 116 0 522 14 2009 0 12 7 1730 4 0 22 0 1 1 12 0 428 94 0 15 16 4702 182 976 0 1 2 23 0 0 0 0 0 0 0 0 2 0 0 0 0 0 0 0 0 0 0 4 0 0 0 2 0 0 0 2 0 0 0 0 0 0
4 0 115 31 2 1589 522 0 18 650 11 217 7 2396 7 0 134 5 29 19 1 1 121 9 0 73 2 31 26 19 1 97 1 4 0 0 0 1 0 0 0 0 0 0 0 2 0 0 0 0 0 0 0 0 0 0 0 6 0 0 0 0 0 0 0 0 0 0
0 43 0 146 74 34 14 18 0 50 6 338 100 15 162 0 0 1 3 54 0 547 0 2473 26 3 216 82 42 2 0 12 1 23 0 4 0 23 0 2 1 0 236 30 1 63 3 1 2 0 0 0 0 24 0 18 0 87 3 0 5 48 1 0 0 0 1 3
1 0 8 1147 5 1377 2009 650 50 0 5 2024 74 433 23 0 1 1 6 1502 0 0 7 63 0 0 0 1466 127 0 0 1 2 104 0 0 0 3 0 1 0 0 62 0 0 125 0 0 17 0 0 0 0 22 0 0 0 185 0 0 0 1 0 0 0 0 0 1
0 2 0 0 10 4 0 11 6 5 0 11 759 71 2 0 14 1175 506 3 1 4 0 2 5 667 13 2 99 0 82 98 1 1106 0 2 0 0 0 0 0 0 0 0 54 0 126 0 0 0 0 2 0 0 0 1 0 0 12 11 26 0 0 0 17 3 0 2
0 0 0 1425 80 2566 12 217 338 2024 11 0 29 54 574 0 0 2 7 2070 0 0 0 533 1 1 0 193 56 0 0 2 2 38 0 0 0 59 1 71 0 0 27 67 0 437 0 0 27 0 0 0 0 48 0 0 0 39 0 0 0 74 0 0 0 0 1 4
0 309 0 8 161 24 7 7 100 74 759 29 0 24 21 0 0 12 5 27 2 144 2 75 1142 78 706 30 24 0 140 221 0 745 0 8 1 3 5 8 0 3 2 24 180 19 700 1 11 1 0 3 0 20 0 6 0 9 279 20 64 16 5 0 25 21 0 109
1238 0 71 18 0 68 1730 2396 15 433 71 54 24 0 3 0 221 28 125 9 6 1 159 15 1 110 27 50 1518 301 3 63 1 72 0 1 0 0 0 0 0 0 0 1 0 3 0 1 2 2 0 0 0 0 0 1 0 10 2 1 2 0 0 0 0 0 0 0
0 1 0 17 766 1383 4 7 162 23 2 574 21 3 0 0 0 0 0 18 1 5 1 78 0 1 4 26 13 0 0 6 0 9 0 0 0 12 1 2 0 0 5 12 0 26 0 0 2 0 0 0 0 9 0 0 0 5 0 0 0 17 0 0 0 0 0 0
0 5 0 0 0 0 0 0 0 0 0 0 0 0 0 0 0 0 0 0 587 732 1005 868 0 0 1048 346 0 0 0 0 0 0 0 0 2 0 0 0 0 0 0 0 0 0 0 0 0 673 0 0 0 0 23 60 245 72 0 0 15 14 1 0 0 0 0 2
56 0 534 0 0 4 22 134 0 1 14 0 0 221 0 0 0 1 1418 0 12 0 1713 0 0 681 308 6 220 126 0 0 6 1016 0 1 6 0 0 0 0 0 0 0 0 0 0 0 0 0 0 0 0 0 0 0 0 0 0 1 25 0 0 0 0 0 0 1
0 0 0 0 0 0 0 5 1 1 1175 2 12 28 0 0 1 0 833 0 0 0 0 0 0 531 2 0 30 0 0 1 0 64 0 0 0 0 0 0 0 0 0 0 1 0 4 0 0 0 0 2 0 0 0 0 0 0 0 13 14 0 0 0 2 0 0 1
18 0 41 0 2 4 1 29 3 6 506 7 5 125 0 0 1418 833 0 0 1 1 8 3 1 470 81 0 210 20 0 11 6 845 0 0 1 0 0 0 0 0 0 0 0 0 1 0 0 0 0 0 2 0 0 1 0 0 0 17 52 0 0 0 0 0 0 0
0 0 0 2816 13 52 1 19 54 1502 3 2070 27 9 18 0 0 0 0 0 0 0 0 100 0 0 0 173 9 0 0 0 0 10 0 0 0 92 0 3 1 1 19 59 0 58 0 2 14 0 0 0 0 103 0 0 0 115 0 0 0 123 1 0 0 0 0 1
1 0 9 0 2 0 12 1 0 0 1 0 2 6 1 587 12 0 1 0 0 4 5813 3 0 0 5 2340 23 2468 0 3 26 1428 0 0 0 0 0 0 0 0 0 0 0 0 0 0 0 57 0 0 0 0 4 9 7 55 0 0 0 13 2 3 0 0 0 6
0 269 0 0 5 0 0 1 547 0 4 0 144 1 5 732 0 0 1 0 4 0 4 1497 53 6 780 45 0 0 2 0 0 5 0 7 3 0 0 0 0 0 22 0 0 0 3 0 1 70 1 0 1 0 0 290 11 28 2 0 42 2 0 0 0 0 0 1
20 0 2439 0 1 14 428 121 0 7 0 0 2 159 1 1005 1713 0 8 0 5813 4 0 7 0 411 3719 552 103 206 0 1 3 1587 0 1 4 0 0 0 0 0 0 0 0 0 0 0 0 373 0 0 0 0 4 9 414 11 0 1 108 0 1 0 0 0 0 4
0 121 0 898 49 10 94 9 2473 63 2 533 75 15 78 868 0 0 3 100 3 1497 7 0 61 4 451 1230 51 0 1 1 2 23 5 6 0 37 0 5 0 1 113 65 0 42 1 2 16 59 0 0 0 46 14 46 4 572 0 0 4 149 13 3 0 0 0 25
0 427 0 0 0 0 0 0 26 0 5 1 1142 1 0 0 0 0 1 0 0 53 0 61 0 7 1189 0 1 0 8 0 0 0 0 27 0 0 0 0 0 0 8 0 26 0 164 0 0 0 0 1 0 0 0 3 0 0 316 12 60 0 1 0 11 3 0 0
12 10 1852 0 0 2 15 73 3 0 667 1 78 110 1 0 681 531 470 0 0 6 411 4 7 0 2756 2 36 8 278 7 1 103 0 19 64 0 0 0 0 0 0 0 7 0 108 0 0 0 3 42 10 0 0 0 0 0 14 346 680 0 0 0 32 0 0 6
0 1375 3008 0 3 0 16 2 216 0 13 0 706 27 4 1048 308 2 81 0 5 780 3719 451 1189 2756 0 134 29 0 71 4 3 488 0 262 421 0 1 0 0 0 3 0 5 0 81 0 1 415 21 22 15 0 0 157 372 27 58 362 4122 0 0 0 9 0 0 20
1 0 30 1594 5 51 4702 31 82 1466 2 193 30 50 26 346 6 0 0 173 2340 45 552 1230 0 2 134 0 143 1450 0 0 8 158 2 0 0 5 0 2 0 0 55 7 0 30 0 0 15 33 0 0 0 17 7 21 1 435 0 0 3 70 3 0 0 0 3 19
1128 1 11 22 5 14 182 26 42 127 99 56 24 1518 13 0 220 30 210 9 23 0 103 51 1 36 29 143 0 1553 1 46 919 1114 0 1 0 0 0 0 0 0 5 0 0 0 0 0 0 6 0 0 0 0 0 3 0 13 0 0 2 1 0 0 0 0 0 0
158 0 7 0 0 0 976 19 2 0 0 0 0 301 0 0 126 0 20 0 2468 0 206 0 0 8 0 1450 1553 0 0 0 244 967 0 0 0 0 0 0 0 0 0 0 0 0 0 0 0 1 0 0 0 0 1 0 0 3 0 0 0 2 0 0 0 0 0 0
0 1 0 0 0 0 0 1 0 0 82 0 140 3 0 0 0 0 0 0 0 2 0 1 8 278 71 0 1 0 0 1 0 5 0 1 0 0 0 0 0 0 0 0 3 0 72 0 0 0 0 1 0 0 0 0 0 0 15 6 23 0 0 0 15 0 0 0
0 0 0 0 293 16 1 97 12 1 98 2 221 63 6 0 0 1 11 0 3 0 1 1 0 7 4 0 46 0 1 0 0 290 0 0 0 0 0 0 0 0 0 0 0 0 0 0 0 0 0 0 0 0 0 0 0 0 0 0 0 0 0 0 0 0 0 0
2 1 1 1 0 0 2 1 1 2 1 2 0 1 0 0 6 0 6 0 26 0 3 2 0 1 3 8 919 244 0 0 0 516 0 0 0 0 0 0 0 0 0 0 0 0 0 0 1 0 0 0 0 0 0 0 0 3 0 0 0 2 0 0 0 0 0 0
15 0 176 9 246 18 23 4 23 104 1106 38 745 72 9 0 1016 64 845 10 1428 5 1587 23 0 103 488 158 1114 967 5 290 516 0 0 2 11 0 0 1 0 0 5 1 0 2 2 0 0 5 0 2 1 0 0 2 15 25 0 9 77 5 2 0 0 0 0 2
0 0 0 0 0 0 0 0 0 0 0 0 0 0 0 0 0 0 0 0 0 0 0 5 0 0 0 2 0 0 0 0 0 0 0 0 0 0 0 7 425 14 0 11 10 1 0 1137 0 0 4 5 24 1 1 0 0 3 0 1 5 13 1062 276 0 0 6 28
0 250 0 0 0 0 0 0 4 0 2 0 8 1 0 0 1 0 0 0 0 7 1 6 27 19 262 0 1 0 1 0 0 2 0 0 2 1 0 0 0 2 111 0 6 0 34 2 3 1 0 3 3 0 0 243 0 113 593 12 1229 0 0 0 0 0 0 5
0 10 80 0 0 0 0 0 0 0 0 0 1 0 0 2 6 0 1 0 0 3 4 0 0 64 421 0 0 0 0 0 0 11 0 2 0 0 1 15 321 34 1 8 0 0 0 19 1 0 1177 0 83 0 44 1 2066 0 0 532 3079 16 2 4 0 0 0 33
0 0 0 84 0 3 0 1 23 3 0 59 3 0 12 0 0 0 0 92 0 0 0 37 0 0 0 5 0 0 0 0 0 0 0 1 0 0 14 15 5 2 64 764 0 682 1 1 17 0 0 0 0 3246 0 3 0 550 1 0 1 2076 5 0 0 0 0 6
0 0 0 0 1 0 0 0 0 0 0 1 5 0 1 0 0 0 0 0 0 0 0 0 0 0 1 0 0 0 0 0 0 0 0 0 1 14 0 263 0 5 49 7 2 90 8 1 892 0 0 0 0 11 4 1 4 59 7 0 0 29 0 0 0 81 0 195
0 0 0 0 2 9 0 0 2 1 0 71 8 0 2 0 0 0 0 3 0 0 0 5 0 0 0 2 0 0 0 0 0 1 7 0 15 15 263 0 314 976 25 3403 4 2339 2 39 1079 0 1 2 4 46 0 0 4 13 0 0 2 111 31 1 0 1 1 48
0 1 1 0 0 0 0 0 1 0 0 0 0 0 0 0 0 0 0 1 0 0 0 0 0 0 0 0 0 0 0 0 0 0 425 0 321 5 0 314 0 473 2 2873 14 38 0 2101 16 0 281 5 170 0 197 0 402 30 0 29 8 4668 90 2332 0 0 1 160
0 0 0 0 0 2 0 0 0 0 0 0 3 0 0 0 0 0 0 1 0 0 0 1 0 0 0 0 0 0 0 0 0 0 14 2 34 2 5 976 473 0 7 1292 21 136 6 1863 60 0 6 18 4 14 0 0 18 11 2 10 3 32 34 1 1 126 0 66
0 3 0 82 6 8 2 0 236 62 0 27 2 0 5 0 0 0 0 19 0 22 0 113 8 0 3 55 5 0 0 0 0 5 0 111 1 64 49 25 2 7 0 40 5 335 30 5 320 0 0 0 6 33 0 518 0 1969 77 3 128 137 13 2 0 2 3 23
0 0 0 2 0 2 0 0 30 0 0 67 24 1 12 0 0 0 0 59 0 0 0 65 0 0 0 7 0 0 0 0 0 1 11 0 8 764 7 3403 2873 1292 40 0 13 1213 6 365 39 0 1 0 2 855 1 0 2 68 0 2 0 1040 113 1 0 0 0 167
0 1 0 0 0 0 0 0 1 0 54 0 180 0 0 0 0 1 0 0 0 0 0 0 26 7 5 0 0 0 3 0 0 0 10 6 0 0 2 4 14 21 5 13 0 7 643 113 2 0 26 1162 252 3 3 5 0 0 104 861 7 4 441 19 213 245 2 1651
0 0 0 34 3 61 0 2 63 125 0 437 19 3 26 0 0 0 0 58 0 0 0 42 0 0 0 30 0 0 0 0 0 2 1 0 0 682 90 2339 38 136 335 1213 7 0 5 57 740 0 1 6 7 2404 0 1 0 502 0 0 4 483 34 0 0 0 1 91
0 9 0 0 0 0 0 0 3 0 126 0 700 0 0 0 0 4 1 0 0 3 0 1 164 108 81 0 0 0 72 0 0 2 0 34 0 1 8 2 0 6 30 6 643 5 0 9 8 0 0 6 0 0 0 19 0 9 805 50 464 4 7 0 338 35 0 113
0 0 0 0 0 0 0 0 1 0 0 0 1 1 0 0 0 0 0 2 0 0 0 2 0 0 0 0 0 0 0 0 0 0 1137 2 19 1 1 39 2101 1863 5 365 113 57 9 0 3 1 17 37 43 7 0 0 7 20 1 9 7 42 1590 137 2 8 1 135
0 0 0 5 2 5 0 0 2 17 0 27 11 2 2 0 0 0 0 14 0 1 0 16 0 0 1 15 0 0 0 0 1 0 0 3 1 17 892 1079 16 60 320 39 2 740 8 3 0 0 0 3 0 14 1 4 0 86 0 0 2 38 9 0 0 1 0 11
0 4 1 0 0 0 0 0 0 0 0 0 1 2 0 673 0 0 0 0 57 70 373 59 0 0 415 33 6 1 0 0 0 5 0 1 0 0 0 0 0 0 0 0 0 0 0 1 0 0 0 0 0 0 752 1246 1621 1437 0 0 686 126 1 0 0 0 0 4
0 0 3 0 0 0 0 0 0 0 0 0 0 0 0 0 0 0 0 0 0 1 0 0 0 3 21 0 0 0 0 0 0 0 4 0 1177 0 0 1 281 6 0 1 26 1 0 17 0 0 0 10 1522 0 15 0 1931 0 0 472 433 5 3 88 0 0 1 1079
0 1 0 0 0 0 0 0 0 0 2 0 3 0 0 0 0 2 0 0 0 0 0 0 1 42 22 0 0 0 1 0 0 2 5 3 0 0 0 2 5 18 0 0 1162 6 6 37 3 0 10 0 765 0 0 0 1 0 0 654 62 0 20 7 1 2 0 131
0 1 1 0 0 0 0 0 0 0 0 0 0 0 0 0 0 0 2 0 0 1 0 0 0 10 15 0 0 0 0 0 0 1 24 3 83 0 0 4 170 4 6 2 252 7 0 43 0 0 1522 765 0 1 3 0 42 1 0 824 74 3 14 56 0 0 2 747
0 0 0 62 0 15 4 0 24 22 0 48 20 0 9 0 0 0 0 103 0 0 0 46 0 0 0 17 0 0 0 0 0 0 1 0 0 3246 11 46 0 14 33 855 3 2404 0 7 14 0 0 0 1 0 0 0 0 81 0 0 0 547 15 0 0 2 0 22
0 0 0 0 0 0 0 0 0 0 0 0 0 0 0 23 0 0 0 0 4 0 4 14 0 0 0 7 0 1 0 0 0 0 1 0 44 0 4 0 197 0 0 1 3 0 0 0 1 752 15 0 3 0 0 0 4743 8 0 0 8 1289 9 2213 0 0 7 1071
0 10 0 0 0 0 0 0 18 0 1 0 6 1 0 60 0 0 1 0 9 290 9 46 3 0 157 21 3 0 0 0 0 2 0 243 1 3 1 0 0 0 518 0 5 1 19 0 4 1246 0 0 0 0 0 0 0 898 97 1 677 7 1 0 0 0 0 2
0 0 5 0 0 0 0 0 0 0 0 0 0 0 0 245 0 0 0 0 7 11 414 4 0 0 372 1 0 0 0 0 0 15 0 0 2066 0 4 4 402 18 0 2 0 0 0 7 0 1621 1931 1 42 0 4743 0 0 65 0 69 1232 271 10 126 0 0 15 1126
0 4 0 136 1 40 2 6 87 185 0 39 9 10 5 72 0 0 0 115 55 28 11 572 0 0 27 435 13 3 0 0 3 25 3 113 0 550 59 13 30 11 1969 68 0 502 9 20 86 1437 0 0 1 81 8 898 65 0 55 0 501 2095 42 3 0 0 2 63
0 4 0 0 0 0 0 0 3 0 12 0 279 2 0 0 0 0 0 0 0 2 0 0 316 14 58 0 0 0 15 0 0 0 0 593 0 1 7 0 0 2 77 0 104 0 805 1 0 0 0 0 0 0 0 97 0 55 0 5 853 0 1 0 2 10 0 85
0 10 12 0 0 0 0 0 0 0 11 0 20 1 0 0 1 13 17 0 0 0 1 0 12 346 362 0 0 0 6 0 0 9 1 12 532 0 0 0 29 10 3 2 861 0 50 9 0 0 472 654 824 0 0 1 69 0 5 0 2660 0 2 3 301 1 0 6
0 195 107 0 0 0 0 0 5 0 26 0 64 2 0 15 25 14 52 0 0 42 108 4 60 680 4122 3 2 0 23 0 0 77 5 1229 3079 1 0 2 8 3 128 0 7 4 464 7 2 686 433 62 74 0 8 677 1232 501 853 2660 0 97 3 6 107 0 1 286
0 0 0 31 0 6 2 0 48 1 0 74 16 0 17 14 0 0 0 123 13 2 0 149 0 0 0 70 1 2 0 0 2 5 13 0 16 2076 29 111 4668 32 137 1040 4 483 4 42 38 126 5 0 3 547 1289 7 271 2095 0 0 97 0 254 283 0 1 27 321
0 0 0 0 0 0 0 0 1 0 0 0 5 0 0 1 0 0 0 1 2 0 1 13 1 0 0 3 0 0 0 0 0 2 1062 0 2 5 0 31 90 34 13 113 441 34 7 1590 9 1 3 20 14 15 9 1 10 42 1 2 3 254 0 740 2 9 976 1531
0 0 0 0 0 0 0 0 0 0 0 0 0 0 0 0 0 0 0 0 3 0 0 3 0 0 0 0 0 0 0 0 0 0 276 0 4 0 0 1 2332 1 2 1 19 0 0 137 0 0 88 7 56 0 2213 0 126 3 0 3 6 283 740 0 0 0 90 865
0 1 0 0 0 0 0 0 0 0 17 0 25 0 0 0 0 2 0 0 0 0 0 0 11 32 9 0 0 0 15 0 0 0 0 0 0 0 0 0 0 1 0 0 213 0 338 2 0 0 0 1 0 0 0 0 0 0 2 301 107 0 2 0 0 4 0 0
0 0 0 0 0 0 0 0 0 0 3 0 21 0 0 0 0 0 0 0 0 0 0 0 3 0 0 0 0 0 0 0 0 0 0 0 0 0 81 1 0 126 2 0 245 0 35 8 1 0 0 2 0 2 0 0 0 0 10 1 0 1 9 0 4 0 0 414
0 0 0 0 0 0 0 0 1 0 0 1 0 0 0 0 0 0 0 0 0 0 0 0 0 0 0 3 0 0 0 0 0 0 6 0 0 0 0 1 1 0 3 0 2 1 0 1 0 0 1 0 2 0 7 0 15 2 0 0 1 27 976 90 0 0 0 360
0 0 1 0 0 2 0 0 3 1 2 4 109 0 0 2 1 1 0 1 6 1 4 25 0 6 20 19 0 0 0 0 0 2 28 5 33 6 195 48 160 66 23 167 1651 91 113 135 11 4 1079 131 747 22 1071 2 1126 63 85 6 286 321 1531 865 0 414 360 0
