0 1 39 0 0 5 533 68 1 9 2 3 0 1546 0 0 50 1 9 0 7 0 57 3 0 53 0 6 1304 276 0 0 10 14 0 0 0 0 0 0 0 0 0 0 0 0 0 0 0 0 0 0 0 0 0 0 0 0 0 0 0 0 0 0 0 0 0 0
1 0 1 3 0 0 0 0 131 0 18 1 173 0 2 3 6 0 1 0 0 404 0 252 337 19 1838 0 1 0 0 0 0 13 0 201 1 0 0 0 0 0 13 0 4 0 19 0 1 2 0 0 0 0 0 17 0 14 39 8 324 2 3 0 2 2 0 0
39 1 0 0 0 30 174 282 4 34 2 0 0 351 0 6 680 3 28 0 325 0 4128 17 0 3229 3165 141 19 128 0 0 0 445 0 2 14 0 0 0 2 0 0 0 0 0 0 0 0 2 4 0 0 0 0 2 7 1 0 14 257 0 0 0 0 0 0 4
0 3 0 0 35 9 3 4 129 1108 0 1194 6 2 36 0 0 0 0 2339 0 0 0 811 1 0 3 2004 11 1 0 0 1 19 0 0 0 95 0 0 1 0 31 0 0 49 0 0 8 0 0 0 0 45 0 0 0 116 0 0 1 3 0 0 0 0 0 0
0 0 0 35 0 204 0 8 176 15 14 95 84 1 1174 0 0 0 0 18 1 5 0 98 0 0 0 24 2 0 0 282 0 435 0 0 0 0 0 1 0 0 1 1 1 6 1 0 2 0 0 0 0 0 0 0 0 0 1 0 0 0 0 0 0 0 0 0
5 0 30 9 204 0 337 2100 36 3132 13 3991 10 63 425 0 3 0 0 6 36 0 18 51 0 5 3 216 69 1 0 27 0 64 0 0 0 0 1 16 0 0 4 0 0 190 2 0 9 1 0 0 0 6 0 0 0 7 0 0 1 2 0 0 0 2 0 0
533 0 174 3 0 337 0 526 20 3256 5 8 3 1307 5 0 13 0 2 0 273 0 118 121 0 67 6 5663 233 2397 0 1 10 61 0 0 0 0 0 0 0 0 4 0 0 0 0 0 0 0 0 0 0 0 0 0 0 1 0 0 0 3 0 0 0 0 0 0
68 0 282 4 8 2100 526 0 27 759 4 236 4 2115 42 0 110 2 0 6 74 0 116 5 0 98 2 75 19 34 0 402 0 42 0 0 0 0 1 1 0 1 0 0 0 0 1 0 1 0 0 0 0 1 0 0 0 1 0 0 0 0 0 0 0 1 0 0
1 131 4 129 176 36 20 27 0 97 88 462 534 36 437 5 1 10 2 95 14 481 7 2834 249 19 245 168 38 0 1 46 6 56 0 28 0 83 28 24 0 7 161 35 14 55 154 2 46 6 0 0 0 40 9 10 2 123 157 2 37 79 6 2 2 13 1 73
9 0 34 1108 15 3132 3256 759 97 0 4 2915 77 150 48 1 0 0 0 1311 71 0 11 64 0 5 3 3186 233 5 0 0 0 347 0 0 0 0 0 0 0 0 73 0 0 56 1 0 11 0 0 0 0 0 0 0 0 80 0 0 0 0 0 0 0 0 0 0
2 18 2 0 14 13 5 4 88 4 0 71 676 11 7 0 18 1786 641 1 1 17 1 2 22 627 54 3 240 4 42 184 0 1081 0 3 0 0 6 0 0 0 0 0 65 0 435 2 0 0 0 0 0 0 0 0 0 0 32 18 89 0 19 0 37 33 0 13
3 1 0 1194 95 3991 8 236 462 2915 71 0 90 151 771 0 0 2 0 2035 0 0 1 396 0 3 0 404 87 0 0 7 0 214 0 0 0 38 6 18 0 3 52 38 1 1100 2 0 61 0 0 0 0 83 0 0 0 42 0 0 0 22 0 0 0 0 0 5
0 173 0 6 84 10 3 4 534 77 676 90 0 13 32 1 0 50 1 9 0 98 0 40 517 60 819 13 14 0 284 78 0 412 0 3 0 0 5 16 0 6 4 0 22 10 882 3 6 0 0 0 2 1 0 4 0 8 88 36 272 4 9 0 126 12 0 42
1546 0 351 2 1 63 1307 2115 36 150 11 151 13 0 17 0 260 5 12 7 18 0 378 7 0 152 9 32 1924 486 0 62 2 54 0 0 0 0 0 1 0 0 3 0 0 0 0 0 0 0 0 0 0 0 0 0 0 0 1 0 0 0 0 0 0 0 0 1
0 2 0 36 1174 425 5 42 437 48 7 771 32 17 0 0 0 0 0 22 3 5 4 188 0 0 10 77 9 1 0 72 2 16 0 0 0 4 2 3 0 0 2 1 0 27 1 0 9 0 0 0 0 11 0 0 0 6 0 0 0 8 0 0 0 0 0 1
0 3 6 0 0 0 0 0 5 1 0 0 1 0 0 0 0 0 0 0 694 799 1321 871 0 1 1631 208 0 0 0 0 0 3 0 0 0 0 0 0 0 0 10 0 0 0 0 0 1 720 0 0 0 0 21 80 242 118 0 0 178 5 0 0 0 0 0 0
50 6 680 0 0 3 13 110 1 0 18 0 0 260 0 0 0 7 1909 0 28 0 1357 1 2 1150 627 4 249 100 0 0 36 1167 0 9 2 0 0 0 0 0 0 0 0 0 0 0 0 0 1 0 0 0 0 1 0 0 0 16 85 0 0 0 0 0 0 1
1 0 3 0 0 0 0 2 10 0 1786 2 50 5 0 0 7 0 921 0 0 0 0 0 0 738 20 0 66 0 0 4 0 82 0 0 0 0 0 0 0 0 0 0 2 0 7 0 0 0 0 0 0 0 0 0 0 0 0 4 8 0 0 0 1 0 0 0
9 1 28 0 0 0 2 0 2 0 641 0 1 12 0 0 1909 921 0 0 9 0 8 1 0 883 156 0 33 2 0 0 3 507 0 2 0 0 0 0 0 0 0 0 0 0 4 0 0 0 0 0 1 0 0 0 0 1 2 10 47 0 0 0 1 0 0 0
0 0 0 2339 18 6 0 6 95 1311 1 2035 9 7 22 0 0 0 0 0 0 0 0 257 0 0 0 459 12 0 0 0 0 23 0 0 0 18 0 0 0 0 36 1 0 46 0 0 14 0 0 0 0 97 0 0 0 43 0 0 0 5 0 0 0 0 0 0
7 0 325 0 1 36 273 74 14 71 1 0 0 18 3 694 28 0 9 0 0 4 7334 32 0 17 5 2036 21 3622 0 2 15 1723 0 0 0 0 0 0 0 0 4 0 0 0 0 0 0 51 0 0 0 0 4 9 10 60 0 0 6 2 2 0 0 0 0 1
0 404 0 0 5 0 0 0 481 0 17 0 98 0 5 799 0 0 0 0 4 0 0 1161 55 5 642 25 0 0 2 0 0 0 0 54 2 0 0 0 0 0 37 0 1 0 6 0 0 71 0 0 0 0 2 396 10 65 6 2 155 1 0 0 0 0 0 0
57 0 4128 0 0 18 118 116 7 11 1 1 0 378 4 1321 1357 0 8 0 7334 0 0 45 0 398 1937 456 108 380 0 0 12 1693 0 1 9 0 0 0 0 0 1 0 0 0 0 0 0 355 0 0 0 0 7 20 453 24 0 0 443 1 1 0 0 0 0 0
3 252 17 811 98 51 121 5 2834 64 2 396 40 7 188 871 1 0 1 257 32 1161 45 0 168 22 959 2059 64 5 0 2 28 55 0 14 0 89 0 2 1 0 293 17 0 5 0 1 6 37 0 0 0 40 11 28 1 966 0 0 14 228 3 3 0 0 0 13
0 337 0 1 0 0 0 0 249 0 22 0 517 0 0 0 2 0 0 0 0 55 0 168 0 7 1008 0 4 1 4 1 1 2 0 15 0 0 0 0 0 0 4 0 6 0 182 0 0 0 0 0 0 0 0 3 0 4 134 5 152 0 4 0 5 0 0 1
53 19 3229 0 0 5 67 98 19 5 627 3 60 152 0 1 1150 738 883 0 17 5 398 22 7 0 3600 7 61 9 213 1 0 160 0 17 4 0 0 0 0 0 0 0 14 0 253 0 0 3 6 2 6 0 0 0 0 0 17 229 803 0 0 0 49 0 0 5
0 1838 3165 3 0 3 6 2 245 3 54 0 819 9 10 1631 627 20 156 0 5 642 1937 959 1008 3600 0 291 37 0 315 0 2 769 0 214 94 0 0 0 0 0 12 0 5 0 234 0 0 205 26 2 5 0 1 132 225 21 69 264 5111 1 0 0 27 0 0 29
6 0 141 2004 24 216 5663 75 168 3186 3 404 13 32 77 208 4 0 0 459 2036 25 456 2059 0 7 291 0 218 1090 0 2 91 339 1 0 1 233 0 2 0 0 79 8 0 65 2 0 7 17 0 0 0 78 16 2 1 341 0 0 4 60 6 2 0 0 0 6
1304 1 19 11 2 69 233 19 38 233 240 87 14 1924 9 0 249 66 33 12 21 0 108 64 4 61 37 218 0 1685 0 28 1026 795 0 1 0 0 2 5 0 0 9 0 3 0 4 1 1 2 0 0 0 0 0 0 0 19 1 1 12 3 2 0 0 3 0 4
276 0 128 1 0 1 2397 34 0 5 4 0 0 486 1 0 100 0 2 0 3622 0 380 5 1 9 0 1090 1685 0 0 0 379 757 0 0 0 0 0 0 0 0 1 0 0 0 0 0 0 3 0 0 0 0 0 0 2 5 0 0 0 3 0 0 0 0 0 0
0 0 0 0 0 0 0 0 1 0 42 0 284 0 0 0 0 0 0 0 0 2 0 0 4 213 315 0 0 0 0 0 0 4 0 0 0 0 0 0 0 0 0 0 1 0 96 0 0 0 0 0 0 0 0 0 0 0 4 17 40 0 0 0 14 0 0 0
0 0 0 0 282 27 1 402 46 0 184 7 78 62 72 0 0 4 0 0 2 0 0 2 1 1 0 2 28 0 0 0 1 385 0 0 0 0 1 5 0 0 0 0 1 0 13 0 0 0 0 0 0 0 0 0 0 0 1 0 0 0 0 0 0 0 0 9
10 0 0 1 0 0 10 0 6 0 0 0 0 2 2 0 36 0 3 0 15 0 12 28 1 0 2 91 1026 379 0 1 0 259 0 0 0 0 0 0 0 0 2 0 0 0 0 0 0 1 0 0 0 0 1 0 0 4 0 0 0 0 0 0 0 0 0 0
14 13 445 19 435 64 61 42 56 347 1081 214 412 54 16 3 1167 82 507 23 1723 0 1693 55 2 160 769 339 795 757 4 385 259 0 0 9 1 0 2 4 0 3 4 0 2 0 30 1 1 12 2 1 1 0 12 3 7 88 9 19 212 18 3 0 3 6 1 7
0 0 0 0 0 0 0 0 0 0 0 0 0 0 0 0 0 0 0 0 0 0 0 0 0 0 0 1 0 0 0 0 0 0 0 0 31 0 0 6 334 206 3 11 5 1 0 1619 1 0 51 4 32 3 1 0 6 5 0 63 5 12 863 505 1 0 2 47
0 201 2 0 0 0 0 0 28 0 3 0 3 0 0 0 9 0 2 0 0 54 1 14 15 17 214 0 1 0 0 0 0 9 0 0 0 0 0 0 0 0 98 0 0 1 96 1 3 8 3 0 0 0 0 284 0 160 426 3 1369 1 0 0 0 0 0 3
0 1 14 0 0 0 0 0 0 0 0 0 0 0 0 0 2 0 0 0 0 2 9 0 0 4 94 1 0 0 0 0 0 1 31 0 0 1 0 10 681 87 0 1 2 0 0 116 1 0 488 1 6 0 141 0 2993 1 0 1051 2548 95 1 29 0 0 1 91
0 0 0 95 0 0 0 0 83 0 0 38 0 0 4 0 0 0 0 18 0 0 0 89 0 0 0 233 0 0 0 0 0 0 0 0 1 0 21 15 2 7 130 799 0 989 0 4 44 0 0 0 0 2891 0 0 0 884 0 0 2 1352 13 0 0 0 0 43
0 0 0 0 0 1 0 1 28 0 6 6 5 0 2 0 0 0 0 0 0 0 0 0 0 0 0 0 2 0 0 1 0 2 0 0 0 21 0 232 1 4 155 6 29 19 25 0 1053 0 0 0 0 21 0 2 0 81 3 1 2 35 0 0 1 31 0 149
0 0 0 0 1 16 0 1 24 0 0 18 16 1 3 0 0 0 0 0 0 0 0 2 0 0 0 2 5 0 0 5 0 4 6 0 10 15 232 0 41 3009 95 3378 14 2061 18 103 766 0 2 3 0 9 4 1 24 72 0 8 14 273 114 1 0 21 1 130
0 0 2 1 0 0 0 0 0 0 0 0 0 0 0 0 0 0 0 0 0 0 0 1 0 0 0 0 0 0 0 0 0 0 334 0 681 2 1 41 0 356 4 1126 7 0 0 1136 6 2 319 3 77 0 183 0 400 65 0 418 46 5435 100 1825 0 0 8 111
0 0 0 0 0 0 0 1 7 0 0 3 6 0 0 0 0 0 0 0 0 0 0 0 0 0 0 0 0 0 0 0 0 3 206 0 87 7 4 3009 356 0 18 1517 14 54 3 2663 75 0 1 1 3 6 17 0 31 30 0 15 18 250 99 13 1 194 2 39
0 13 0 31 1 4 4 0 161 73 0 52 4 3 2 10 0 0 0 36 4 37 1 293 4 0 12 79 9 1 0 0 2 4 3 98 0 130 155 95 4 18 0 71 6 321 82 6 517 1 0 0 2 77 0 678 3 2622 120 2 306 147 23 1 0 9 1 40
0 0 0 0 1 0 0 0 35 0 0 38 0 0 1 0 0 0 0 1 0 0 0 17 0 0 0 8 0 0 0 0 0 0 11 0 1 799 6 3378 1126 1517 71 0 3 1647 2 488 69 1 0 0 0 824 0 0 2 96 0 0 5 2745 226 0 0 2 3 380
0 4 0 0 1 0 0 0 14 0 65 1 22 0 0 0 0 2 0 0 0 1 0 0 6 14 5 0 3 0 1 1 0 2 5 0 2 0 29 14 7 14 6 3 0 16 584 24 4 0 24 1583 132 2 2 0 3 2 40 590 3 1 264 20 66 183 0 1577
0 0 0 49 6 190 0 0 55 56 0 1100 10 0 27 0 0 0 0 46 0 0 0 5 0 0 0 65 0 0 0 0 0 0 1 1 0 989 19 2061 0 54 321 1647 16 0 6 68 931 0 0 3 1 1808 0 0 0 488 0 2 4 105 94 0 0 4 1 220
0 19 0 0 1 2 0 1 154 1 435 2 882 0 1 0 0 7 4 0 0 6 0 0 182 253 234 2 4 0 96 13 0 30 0 96 0 0 25 18 0 3 82 2 584 6 0 7 30 0 0 0 1 2 3 50 1 21 891 28 1092 11 32 0 580 102 0 498
0 0 0 0 0 0 0 0 2 0 2 0 3 0 0 0 0 0 0 0 0 0 0 1 0 0 0 0 1 0 0 0 0 1 1619 1 116 4 0 103 1136 2663 6 488 24 68 7 0 12 0 26 8 4 23 13 0 25 27 0 79 10 102 1631 194 1 78 0 97
0 1 0 8 2 9 0 1 46 11 0 61 6 0 9 1 0 0 0 14 0 0 0 6 0 0 0 7 1 0 0 0 0 1 1 3 1 44 1053 766 6 75 517 69 4 931 30 12 0 2 0 0 0 18 5 1 5 200 0 0 4 126 20 0 0 5 0 27
0 2 2 0 0 1 0 0 6 0 0 0 0 0 0 720 0 0 0 0 51 71 355 37 0 3 205 17 2 3 0 0 1 12 0 8 0 0 0 0 2 0 1 1 0 0 0 0 2 0 1 0 0 0 645 833 812 1288 0 1 1232 79 3 5 0 0 0 7
0 0 4 0 0 0 0 0 0 0 0 0 0 0 0 0 1 0 0 0 0 0 0 0 0 6 26 0 0 0 0 0 0 2 51 3 488 0 0 2 319 1 0 0 24 0 0 26 0 1 0 13 778 0 36 0 937 2 0 849 453 25 7 205 0 0 0 996
0 0 0 0 0 0 0 0 0 0 0 0 0 0 0 0 0 0 0 0 0 0 0 0 0 2 2 0 0 0 0 0 0 1 4 0 1 0 0 3 3 1 0 0 1583 3 0 8 0 0 13 0 274 0 2 0 1 0 0 393 1 0 19 22 1 16 0 110
0 0 0 0 0 0 0 0 0 0 0 0 2 0 0 0 0 0 1 0 0 0 0 0 0 6 5 0 0 0 0 0 0 1 32 0 6 0 0 0 77 3 2 0 132 1 1 4 0 0 778 274 0 0 12 0 26 0 0 1077 57 5 21 209 0 0 1 342
0 0 0 45 0 6 0 1 40 0 0 83 1 0 11 0 0 0 0 97 0 0 0 40 0 0 0 78 0 0 0 0 0 0 3 0 0 2891 21 9 0 6 77 824 2 1808 2 23 18 0 0 0 0 0 0 1 0 197 0 0 0 156 30 0 0 1 0 47
0 0 0 0 0 0 0 0 9 0 0 0 0 0 0 21 0 0 0 0 4 2 7 11 0 0 1 16 0 0 0 0 1 12 1 0 141 0 0 4 183 17 0 0 2 0 3 13 5 645 36 2 12 0 0 1 7244 35 0 11 29 2499 15 2646 0 0 11 1468
0 17 2 0 0 0 0 0 10 0 0 0 4 0 0 80 1 0 0 0 9 396 20 28 3 0 132 2 0 0 0 0 0 3 0 284 0 0 2 1 0 0 678 0 0 0 50 0 1 833 0 0 0 1 1 0 1 776 82 2 695 6 0 0 0 0 0 1
0 0 7 0 0 0 0 0 2 0 0 0 0 0 0 242 0 0 0 0 10 10 453 1 0 0 225 1 0 2 0 0 0 7 6 0 2993 0 0 24 400 31 3 2 3 0 1 25 5 812 937 1 26 0 7244 1 0 11 0 531 3142 525 5 169 0 0 1 1037
0 14 1 116 0 7 1 1 123 80 0 42 8 0 6 118 0 0 1 43 60 65 24 966 4 0 21 341 19 5 0 0 4 88 5 160 1 884 81 72 65 30 2622 96 2 488 21 27 200 1288 2 0 0 197 35 776 11 0 65 2 655 3554 79 14 0 0 5 71
0 39 0 0 1 0 0 0 157 0 32 0 88 1 0 0 0 0 2 0 0 6 0 0 134 17 69 0 1 0 4 1 0 9 0 426 0 0 3 0 0 0 120 0 40 0 891 0 0 0 0 0 0 0 0 82 0 65 0 3 565 0 4 0 1 6 0 11
0 8 14 0 0 0 0 0 2 0 18 0 36 0 0 0 16 4 10 0 0 2 0 0 5 229 264 0 1 0 17 0 0 19 63 3 1051 0 1 8 418 15 2 0 590 2 28 79 0 1 849 393 1077 0 11 2 531 2 3 0 2472 20 32 96 204 22 0 208
0 324 257 1 0 1 0 0 37 0 89 0 272 0 0 178 85 8 47 0 6 155 443 14 152 803 5111 4 12 0 40 0 0 212 5 1369 2548 2 2 14 46 18 306 5 3 4 1092 10 4 1232 453 1 57 0 29 695 3142 655 565 2472 0 215 6 14 122 5 0 588
0 2 0 3 0 2 3 0 79 0 0 22 4 0 8 5 0 0 0 5 2 1 1 228 0 0 1 60 3 3 0 0 0 18 12 1 95 1352 35 273 5435 250 147 2745 1 105 11 102 126 79 25 0 5 156 2499 6 525 3554 0 20 215 0 286 784 0 1 50 450
0 3 0 0 0 0 0 0 6 0 19 0 9 0 0 0 0 0 0 0 2 0 1 3 4 0 0 6 2 0 0 0 0 3 863 0 1 13 0 114 100 99 23 226 264 94 32 1631 20 3 7 19 21 30 15 0 5 79 4 32 6 286 0 1239 15 132 944 1065
0 0 0 0 0 0 0 0 2 0 0 0 0 0 0 0 0 0 0 0 0 0 0 3 0 0 0 2 0 0 0 0 0 0 505 0 29 0 0 1 1825 13 1 0 20 0 0 194 0 5 205 22 209 0 2646 0 169 14 0 96 14 784 1239 0 0 0 319 1046
0 2 0 0 0 0 0 0 2 0 37 0 126 0 0 0 0 1 1 0 0 0 0 0 5 49 27 0 0 0 14 0 0 3 1 0 0 0 1 0 0 1 0 0 66 0 580 1 0 0 0 1 0 0 0 0 0 0 1 204 122 0 15 0 0 13 0 28
0 2 0 0 0 2 0 1 13 0 33 0 12 0 0 0 0 0 0 0 0 0 0 0 0 0 0 0 3 0 0 0 0 6 0 0 0 0 31 21 0 194 9 2 183 4 102 78 5 0 0 16 0 1 0 0 0 0 6 22 5 1 132 0 13 0 0 341
0 0 0 0 0 0 0 0 1 0 0 0 0 0 0 0 0 0 0 0 0 0 0 0 0 0 0 0 0 0 0 0 0 1 2 0 1 0 0 1 8 2 1 3 0 1 0 0 0 0 0 0 1 0 11 0 1 5 0 0 0 50 944 319 0 0 0 172
0 0 4 0 0 0 0 0 73 0 13 5 42 1 1 0 1 0 0 0 1 0 0 13 1 5 29 6 4 0 0 9 0 7 47 3 91 43 149 130 111 39 40 380 1577 220 498 97 27 7 996 110 342 47 1468 1 1037 71 11 208 588 450 1065 1046 28 341 172 0
