0 0 9 0 0 0 273 10 0 0 0 0 0 1209 0 0 24 0 1 0 4 0 25 1 0 1 0 2 874 354 0 0 4 3 0 0 0 0 0 0 0 0 0 0 0 0 0 0 0 0 0 0 0 0 0 0 0 0 0 0 0 0 0 0 0 0 0 0
0 0 0 0 0 0 2 0 41 0 4 0 278 1 1 5 1 0 2 0 0 386 1 99 360 13 1334 1 0 1 3 0 0 6 0 199 8 0 0 0 0 0 0 0 0 0 9 0 0 0 1 0 0 0 0 19 0 4 9 10 262 0 0 0 0 0 0 2
9 0 0 0 0 39 78 495 1 70 1 0 1 140 1 0 1418 1 49 0 17 2 3378 0 0 2249 2658 32 27 62 0 0 0 63 0 5 207 0 0 0 0 0 0 0 0 0 0 0 0 4 7 0 0 0 0 0 33 0 0 47 384 0 0 0 0 0 0 3
0 0 0 0 12 69 4 22 184 1087 0 1026 0 18 39 0 0 0 0 3522 0 0 0 833 0 0 0 2534 77 0 0 0 1 69 0 0 0 159 0 1 0 1 72 0 0 235 0 0 13 0 0 0 0 35 0 0 0 86 0 0 0 7 0 0 0 0 0 0
0 0 0 12 0 548 14 49 83 5 3 47 20 0 800 0 0 0 0 11 0 1 0 36 0 0 0 11 0 0 0 199 0 294 0 0 0 0 0 1 0 0 4 0 0 8 1 0 5 0 0 0 0 0 0 0 0 0 0 0 0 0 0 0 0 0 0 0
0 0 39 69 548 0 141 2176 73 3171 27 3037 24 12 1027 0 0 3 2 213 2 1 25 36 1 4 0 453 51 1 0 19 1 26 0 0 0 0 3 12 0 2 8 1 0 54 5 1 6 0 0 0 0 8 0 0 0 12 0 0 0 5 2 0 0 1 0 1
273 2 78 4 14 141 0 430 53 3212 1 3 0 1556 30 0 0 0 1 0 12 2 59 268 0 1 15 5039 153 1473 0 1 3 30 0 0 0 0 0 0 0 0 7 0 0 0 0 0 0 0 0 0 0 0 0 0 0 24 0 0 0 3 0 0 0 0 1 2
10 0 495 22 49 2176 430 0 33 1345 16 187 36 1952 34 0 41 0 1 58 52 0 639 17 0 11 4 227 74 260 0 104 3 17 0 0 0 0 0 2 0 2 2 0 0 0 0 0 1 0 0 0 0 0 0 0 0 0 0 0 0 0 0 0 0 2 0 3
0 41 1 184 83 73 53 33 0 38 12 490 76 10 333 0 4 0 17 53 0 582 2 1955 42 18 253 146 35 11 0 11 5 41 1 2 0 127 0 4 3 0 149 19 0 109 2 1 8 3 0 0 0 31 1 11 0 79 0 0 4 72 2 0 0 0 0 4
0 0 70 1087 5 3171 3212 1345 38 0 2 897 0 420 27 0 0 0 0 853 11 1 95 94 0 0 1 2086 189 11 0 0 1 144 0 0 0 0 0 0 0 0 30 0 0 31 0 0 2 0 0 0 0 0 0 0 0 17 0 0 0 0 0 0 0 0 0 0
0 4 1 0 3 27 1 16 12 2 0 8 521 22 0 0 39 1134 436 0 0 1 1 2 25 754 8 1 208 4 20 68 0 1130 0 2 0 0 0 0 0 0 0 0 11 0 105 0 0 0 0 0 0 0 0 0 0 0 5 22 35 0 0 0 15 0 0 0
0 0 0 1026 47 3037 3 187 490 897 8 0 10 70 774 0 0 0 0 1939 0 0 0 467 0 0 0 113 117 0 0 1 0 121 0 0 0 50 3 61 0 0 28 8 0 715 0 0 39 0 0 0 0 56 0 0 0 30 0 0 0 34 0 0 0 0 0 2
0 278 1 0 20 24 0 36 76 0 521 10 0 2 16 1 0 1 0 0 0 190 0 34 983 53 294 1 90 1 293 90 0 579 0 19 0 0 0 2 0 4 2 0 17 0 749 0 2 0 0 1 0 0 1 8 0 0 71 73 181 0 1 0 94 2 0 1
1209 1 140 18 0 12 1556 1952 10 420 22 70 2 0 4 0 63 0 2 23 30 0 288 8 0 5 0 113 1432 1025 0 13 8 20 0 0 0 0 0 0 0 1 3 0 0 0 0 1 0 0 0 0 0 0 0 0 0 1 0 0 0 0 0 0 0 0 0 0
0 1 1 39 800 1027 30 34 333 27 0 774 16 4 0 0 0 0 1 27 10 3 2 146 2 0 8 58 21 5 0 36 2 12 0 0 0 12 15 17 0 0 9 3 0 93 8 0 13 0 0 0 0 20 0 0 0 15 0 0 0 14 0 1 0 0 0 0
0 5 0 0 0 0 0 0 0 0 0 0 1 0 0 0 0 0 0 0 337 678 706 343 0 0 1219 200 0 0 0 0 0 1 0 1 0 0 0 0 0 0 2 0 0 0 0 0 0 540 0 0 0 0 28 30 353 60 0 0 53 19 0 4 0 0 0 1
24 1 1418 0 0 0 0 41 4 0 39 0 0 63 0 0 0 27 1141 0 41 1 1365 1 0 433 276 4 73 130 0 0 9 1591 0 3 17 0 0 0 0 0 0 0 0 0 0 0 0 0 0 0 0 0 0 0 0 0 1 6 66 0 0 0 0 0 0 1
0 0 1 0 0 3 0 0 0 0 1134 0 1 0 0 0 27 0 602 0 0 0 1 0 0 314 5 0 13 0 0 1 0 79 0 0 0 0 0 0 0 0 0 0 0 0 0 0 0 0 0 0 0 0 0 0 0 0 0 1 2 0 0 0 1 0 0 0
1 2 49 0 0 2 1 1 17 0 436 0 0 2 1 0 1141 602 0 0 10 4 28 3 0 1914 222 0 20 11 0 0 0 866 0 9 3 0 0 0 0 0 0 0 1 0 1 0 0 1 0 0 0 0 0 1 1 0 5 34 93 0 0 0 0 0 0 0
0 0 0 3522 11 213 0 58 53 853 0 1939 0 23 27 0 0 0 0 0 0 0 0 123 0 0 0 58 72 0 0 2 1 58 0 0 0 1 0 1 0 1 14 1 0 55 0 0 26 0 0 0 0 13 1 0 0 163 0 0 0 12 0 0 0 0 0 0
4 0 17 0 0 2 12 52 0 11 0 0 0 30 10 337 41 0 10 0 0 2 7067 36 0 0 61 1781 22 3582 0 0 44 1537 0 0 0 0 0 0 0 0 5 0 0 0 0 0 0 67 0 0 0 0 55 10 22 55 0 0 1 41 0 11 0 0 0 1
0 386 2 0 1 1 2 0 582 1 1 0 190 0 3 678 1 0 4 0 2 0 2 1655 64 7 912 24 0 0 1 0 1 8 0 6 0 0 0 0 0 0 27 0 0 0 1 0 0 47 0 0 0 0 0 143 9 35 8 0 39 9 0 0 0 0 0 0
25 1 3378 0 0 25 59 639 2 95 1 0 0 288 2 706 1365 1 28 0 7067 2 0 3 0 31 2642 337 101 884 0 0 11 1845 0 0 28 0 0 0 0 0 2 0 0 0 0 0 0 498 0 0 0 0 20 6 628 8 0 0 258 3 0 2 0 0 0 3
1 99 0 833 36 36 268 17 1955 94 2 467 34 8 146 343 1 0 3 123 36 1655 3 0 33 9 629 1784 33 19 0 4 3 37 0 4 0 30 0 3 1 0 77 6 0 18 0 0 4 92 0 0 0 35 17 48 4 421 0 0 5 246 0 2 0 0 1 21
0 360 0 0 0 1 0 0 42 0 25 0 983 0 2 0 0 0 0 0 0 64 0 33 0 4 935 0 3 0 6 1 0 6 0 16 0 0 0 0 0 0 2 0 18 0 319 0 0 0 0 0 0 0 0 6 0 1 170 15 98 0 0 0 11 0 0 1
1 13 2249 0 0 4 1 11 18 0 754 0 53 5 0 0 433 314 1914 0 0 7 31 9 4 0 3588 1 37 2 186 1 1 150 0 26 51 0 0 0 0 0 0 0 5 0 73 0 0 0 6 0 9 0 0 5 1 0 21 411 811 0 0 0 43 0 0 1
0 1334 2658 0 0 0 15 4 253 1 8 0 294 0 8 1219 276 5 222 0 61 912 2642 629 935 3588 0 606 1 2 59 0 0 380 0 216 301 0 0 0 0 0 1 0 4 0 68 0 0 254 12 0 3 0 0 70 536 12 91 343 4491 6 0 0 29 0 0 20
2 1 32 2534 11 453 5039 227 146 2086 1 113 1 113 58 200 4 0 0 58 1781 24 337 1784 0 1 606 0 266 3332 0 0 9 308 0 0 0 1 0 0 3 1 53 0 0 48 1 0 10 77 0 0 0 0 42 9 8 238 0 0 1 155 1 9 0 0 0 8
874 0 27 77 0 51 153 74 35 189 208 117 90 1432 21 0 73 13 20 72 22 0 101 33 3 37 1 266 0 1944 0 119 1147 1323 0 0 0 0 0 1 0 1 5 0 0 0 3 0 0 0 0 0 0 0 1 0 0 3 0 0 0 7 0 0 0 2 0 1
354 1 62 0 0 1 1473 260 11 11 4 0 1 1025 5 0 130 0 11 0 3582 0 884 19 0 2 2 3332 1944 0 0 0 551 975 0 0 0 0 0 0 0 0 4 0 0 0 0 0 0 5 0 0 0 0 9 1 0 8 0 0 2 15 0 1 0 0 0 0
0 3 0 0 0 0 0 0 0 0 20 0 293 0 0 0 0 0 0 0 0 1 0 0 6 186 59 0 0 0 0 0 0 3 0 3 0 0 0 0 0 0 0 0 2 0 83 0 0 0 0 0 0 0 0 0 0 0 10 41 71 0 0 0 38 0 0 0
0 0 0 0 199 19 1 104 11 0 68 1 90 13 36 0 0 1 0 2 0 0 0 4 1 1 0 0 119 0 0 0 0 180 0 0 0 0 0 2 0 4 0 0 0 0 1 0 0 0 0 0 0 0 0 0 0 0 0 0 0 0 0 0 0 0 0 0
4 0 0 1 0 1 3 3 5 1 0 0 0 8 2 0 9 0 0 1 44 1 11 3 0 1 0 9 1147 551 0 0 0 265 0 0 0 0 0 0 0 0 0 0 0 0 0 0 0 0 0 0 0 0 1 0 0 1 0 0 0 2 0 0 0 0 0 0
3 6 63 69 294 26 30 17 41 144 1130 121 579 20 12 1 1591 79 866 58 1537 8 1845 37 6 150 380 308 1323 975 3 180 265 0 0 7 11 0 0 0 1 2 5 0 0 0 10 1 0 3 0 0 0 0 5 5 21 23 2 14 134 21 0 0 2 0 0 2
0 0 0 0 0 0 0 0 1 0 0 0 0 0 0 0 0 0 0 0 0 0 0 0 0 0 0 0 0 0 0 0 0 0 0 0 4 3 0 0 923 15 2 4 4 2 0 744 0 0 8 1 7 2 0 0 1 0 0 2 0 9 1905 331 0 0 27 29
0 199 5 0 0 0 0 0 2 0 2 0 19 0 0 1 3 0 9 0 0 6 0 4 16 26 216 0 0 0 3 0 0 7 0 0 1 3 0 0 0 2 112 0 0 0 61 1 2 3 1 0 0 0 0 336 1 145 403 1 943 4 0 0 1 0 0 2
0 8 207 0 0 0 0 0 0 0 0 0 0 0 0 0 17 0 3 0 0 0 28 0 0 51 301 0 0 0 0 0 0 11 4 1 0 0 0 22 253 415 1 2 0 0 0 525 0 0 317 1 12 0 43 0 2143 0 0 985 2669 30 0 68 0 0 0 1
0 0 0 159 0 0 0 0 127 0 0 50 0 0 12 0 0 0 0 1 0 0 0 30 0 0 0 1 0 0 0 0 0 0 3 3 0 0 30 106 48 32 194 1409 0 981 0 32 77 0 0 0 0 2907 0 0 0 738 0 0 1 2964 64 1 0 0 2 62
0 0 0 0 0 3 0 0 0 0 0 3 0 0 15 0 0 0 0 0 0 0 0 0 0 0 0 0 0 0 0 0 0 0 0 0 0 30 0 618 3 10 97 1 1 32 4 0 1026 0 0 0 0 5 0 4 0 83 0 0 0 33 0 1 0 407 1 241
0 0 0 1 1 12 0 2 4 0 0 61 2 0 17 0 0 0 0 1 0 0 0 3 0 0 0 0 1 0 0 2 0 0 0 0 22 106 618 0 792 2282 68 2371 14 3010 23 55 1388 1 0 0 0 68 14 3 15 48 0 4 5 439 42 0 0 12 2 40
0 0 0 0 0 0 0 0 3 0 0 0 0 0 0 0 0 0 0 0 0 0 0 1 0 0 0 3 0 0 0 0 0 1 923 0 253 48 3 792 0 668 38 2914 5 20 2 2728 15 7 65 0 4 5 118 3 371 282 0 20 79 6694 146 2257 0 0 9 35
0 0 0 1 0 2 0 2 0 0 0 0 4 1 0 0 0 0 0 1 0 0 0 0 0 0 0 1 1 0 0 4 0 2 15 2 415 32 10 2282 668 0 45 333 34 149 54 2073 29 0 12 1 1 59 26 1 124 10 0 18 9 85 64 19 0 51 0 54
0 0 0 72 4 8 7 2 149 30 0 28 2 3 9 2 0 0 0 14 5 27 2 77 2 0 1 53 5 4 0 0 0 5 2 112 1 194 97 68 38 45 0 37 23 269 38 17 362 1 1 3 3 77 13 629 4 2350 81 7 232 236 49 12 0 9 9 30
0 0 0 0 0 1 0 0 19 0 0 8 0 0 3 0 0 0 0 1 0 0 0 6 0 0 0 0 0 0 0 0 0 0 4 0 2 1409 1 2371 2914 333 37 0 0 1545 2 229 19 0 0 0 0 1102 7 0 4 16 0 0 5 1774 122 2 0 0 0 94
0 0 0 0 0 0 0 0 0 0 11 0 17 0 0 0 0 0 1 0 0 0 0 0 18 5 4 0 0 0 2 0 0 0 4 0 0 0 1 14 5 34 23 0 0 12 931 81 5 0 15 1646 329 1 4 2 1 4 52 619 18 3 539 18 15 114 5 1470
0 0 0 235 8 54 0 0 109 31 0 715 0 0 93 0 0 0 0 55 0 0 0 18 0 0 0 48 0 0 0 0 0 0 2 0 0 981 32 3010 20 149 269 1545 12 0 6 157 764 0 0 0 0 2767 0 1 0 560 1 0 2 215 119 0 0 0 0 222
0 9 0 0 1 5 0 0 2 0 105 0 749 0 8 0 0 0 1 0 0 1 0 0 319 73 68 1 3 0 83 1 0 10 0 61 0 0 4 23 2 54 38 2 931 6 0 26 37 0 0 0 0 3 1 53 1 3 896 52 512 1 128 0 278 112 0 497
0 0 0 0 0 1 0 0 1 0 0 0 0 1 0 0 0 0 0 0 0 0 0 0 0 0 0 0 0 0 0 0 0 1 744 1 525 32 0 55 2728 2073 17 229 81 157 26 0 10 0 98 1 10 75 19 1 169 21 0 54 2 106 1922 424 0 41 2 106
0 0 0 13 5 6 0 1 8 2 0 39 2 0 13 0 0 0 0 26 0 0 0 4 0 0 0 10 0 0 0 0 0 0 0 2 0 77 1026 1388 15 29 362 19 5 764 37 10 0 0 0 0 0 54 0 4 0 158 0 0 7 64 17 2 0 5 3 10
0 0 4 0 0 0 0 0 3 0 0 0 0 0 0 540 0 0 1 0 67 47 498 92 0 0 254 77 0 5 0 0 0 3 0 3 0 0 0 1 7 0 1 0 0 0 0 0 0 0 1 0 0 0 402 900 830 1488 1 1 739 235 0 1 0 0 0 2
0 1 7 0 0 0 0 0 0 0 0 0 0 0 0 0 0 0 0 0 0 0 0 0 0 6 12 0 0 0 0 0 0 0 8 1 317 0 0 0 65 12 1 0 15 0 0 98 0 1 0 26 1019 0 24 0 1530 2 0 586 332 15 23 410 0 0 1 1253
0 0 0 0 0 0 0 0 0 0 0 0 1 0 0 0 0 0 0 0 0 0 0 0 0 0 0 0 0 0 0 0 0 0 1 0 1 0 0 0 0 1 3 0 1646 0 0 1 0 0 26 0 518 0 0 0 1 0 0 316 3 0 4 13 0 0 2 89
0 0 0 0 0 0 0 0 0 0 0 0 0 0 0 0 0 0 0 0 0 0 0 0 0 9 3 0 0 0 0 0 0 0 7 0 12 0 0 0 4 1 3 0 329 0 0 10 0 0 1019 518 0 0 3 0 14 0 0 1290 55 3 21 68 0 0 0 627
0 0 0 35 0 8 0 0 31 0 0 56 0 0 20 0 0 0 0 13 0 0 0 35 0 0 0 0 0 0 0 0 0 0 2 0 0 2907 5 68 5 59 77 1102 1 2767 3 75 54 0 0 0 0 0 0 0 0 160 0 0 0 134 108 0 0 0 0 92
0 0 0 0 0 0 0 0 1 0 0 0 1 0 0 28 0 0 0 1 55 0 20 17 0 0 0 42 1 9 0 0 1 5 0 0 43 0 0 14 118 26 13 7 4 0 1 19 0 402 24 0 3 0 0 0 5994 113 0 0 52 1937 16 2651 0 0 3 1264
0 19 0 0 0 0 0 0 11 0 0 0 8 0 0 30 0 0 1 0 10 143 6 48 6 5 70 9 0 1 0 0 0 5 0 336 0 0 4 3 3 1 629 0 2 1 53 1 4 900 0 0 0 0 0 0 9 1436 169 2 957 24 0 0 0 0 0 2
0 0 33 0 0 0 0 0 0 0 0 0 0 0 0 353 0 0 1 0 22 9 628 4 0 1 536 8 0 0 0 0 0 21 1 1 2143 0 0 15 371 124 4 4 1 0 1 169 0 830 1530 1 14 0 5994 9 0 30 0 90 2837 385 16 794 0 0 0 1082
0 4 0 86 0 12 24 0 79 17 0 30 0 1 15 60 0 0 0 163 55 35 8 421 1 0 12 238 3 8 0 0 1 23 0 145 0 738 83 48 282 10 2350 16 4 560 3 21 158 1488 2 0 0 160 113 1436 30 0 97 0 1069 2911 49 6 0 1 6 35
0 9 0 0 0 0 0 0 0 0 5 0 71 0 0 0 1 0 5 0 0 8 0 0 170 21 91 0 0 0 10 0 0 2 0 403 0 0 0 0 0 0 81 0 52 1 896 0 0 1 0 0 0 0 0 169 0 97 0 0 844 0 0 0 0 1 0 1
0 10 47 0 0 0 0 0 0 0 22 0 73 0 0 0 6 1 34 0 0 0 0 0 15 411 343 0 0 0 41 0 0 14 2 1 985 0 0 4 20 18 7 0 619 0 52 54 0 1 586 316 1290 0 0 2 90 0 0 0 2859 1 9 34 223 0 2 142
0 262 384 0 0 0 0 0 4 0 35 0 181 0 0 53 66 2 93 0 1 39 258 5 98 811 4491 1 0 2 71 0 0 134 0 943 2669 1 0 5 79 9 232 5 18 2 512 2 7 739 332 3 55 0 52 957 2837 1069 844 2859 0 388 1 5 33 0 0 271
0 0 0 7 0 5 3 0 72 0 0 34 0 0 14 19 0 0 0 12 41 9 3 246 0 0 6 155 7 15 0 0 2 21 9 4 30 2964 33 439 6694 85 236 1774 3 215 1 106 64 235 15 0 3 134 1937 24 385 2911 0 1 388 0 178 2794 0 0 9 227
0 0 0 0 0 2 0 0 2 0 0 0 1 0 0 0 0 0 0 0 0 0 0 0 0 0 0 1 0 0 0 0 0 0 1905 0 0 64 0 42 146 64 49 122 539 119 128 1922 17 0 23 4 21 108 16 0 16 49 0 9 1 178 0 1135 3 157 1329 2216
0 0 0 0 0 0 0 0 0 0 0 0 0 0 1 4 0 0 0 0 11 0 2 2 0 0 0 9 0 1 0 0 0 0 331 0 68 1 1 0 2257 19 12 2 18 0 0 424 2 1 410 13 68 0 2651 0 794 6 0 34 5 2794 1135 0 0 0 230 1241
0 0 0 0 0 0 0 0 0 0 15 0 94 0 0 0 0 1 0 0 0 0 0 0 11 43 29 0 0 0 38 0 0 2 0 1 0 0 0 0 0 0 0 0 15 0 278 0 0 0 0 0 0 0 0 0 0 0 0 223 33 0 3 0 0 0 0 14
0 0 0 0 0 1 0 2 0 0 0 0 2 0 0 0 0 0 0 0 0 0 0 0 0 0 0 0 2 0 0 0 0 0 0 0 0 0 407 12 0 51 9 0 114 0 112 41 5 0 0 0 0 0 0 0 0 1 1 0 0 0 157 0 0 0 0 631
0 0 0 0 0 0 1 0 0 0 0 0 0 0 0 0 0 0 0 0 0 0 0 1 0 0 0 0 0 0 0 0 0 0 27 0 0 2 1 2 9 0 9 0 5 0 0 2 3 0 1 2 0 0 3 0 0 6 0 2 0 9 1329 230 0 0 0 309
0 2 3 0 0 1 2 3 4 0 0 2 1 0 0 1 1 0 0 0 1 0 3 21 1 1 20 8 1 0 0 0 0 2 29 2 1 62 241 40 35 54 30 94 1470 222 497 106 10 2 1253 89 627 92 1264 2 1082 35 1 142 271 227 2216 1241 14 631 309 0
