0 0 9 0 0 5 482 176 1 6 1 4 0 1220 0 0 55 3 14 0 2 0 24 4 0 12 8 5 935 149 0 0 0 10 1 0 0 0 0 0 0 0 1 0 0 0 0 0 0 0 0 0 0 0 0 0 0 2 0 0 0 0 0 2 0 0 0 0
0 0 1 0 0 0 5 1 22 0 0 1 44 1 2 3 5 0 0 0 0 226 1 61 353 12 1521 3 3 0 4 0 0 4 0 173 3 0 0 0 0 0 1 0 0 0 7 0 1 0 3 0 1 0 0 14 1 3 11 27 178 0 1 2 2 0 0 4
9 1 0 0 0 0 283 21 0 1 0 1 1 19 1 2 1882 1 21 0 85 0 2561 15 0 1369 3446 121 9 72 0 0 0 90 0 11 56 0 0 0 0 0 0 0 1 0 0 0 0 3 33 0 3 0 4 4 39 3 0 32 276 1 2 4 0 0 0 9
0 0 0 0 7 29 12 8 108 943 1 530 4 9 17 0 0 0 0 2027 0 0 0 828 1 0 0 1364 10 0 0 0 0 5 0 0 0 167 0 15 3 0 26 33 0 62 0 1 15 0 0 0 0 57 0 0 0 165 0 0 0 68 0 0 0 0 0 0
0 0 0 7 0 278 2 2 125 3 10 88 66 1 798 0 0 0 0 1 0 3 2 21 2 0 0 6 2 0 0 232 0 209 0 0 0 0 0 0 0 0 3 0 1 2 1 1 3 0 0 0 0 0 0 0 0 2 0 0 0 0 0 0 0 0 0 0
5 0 0 29 278 0 171 2493 77 4001 24 2687 109 101 857 0 0 8 4 109 0 0 2 12 0 7 2 30 33 0 1 157 0 34 1 0 0 9 4 41 5 6 16 15 8 164 1 4 34 0 0 0 0 9 0 0 0 23 0 0 0 49 5 1 0 1 0 3
482 5 283 12 2 171 0 602 12 1340 16 21 12 1473 49 0 86 4 7 34 169 0 184 124 0 27 14 4248 428 1899 0 1 43 129 0 0 0 4 0 16 19 8 10 5 0 8 0 1 10 0 0 0 0 3 0 0 0 59 0 0 0 80 0 0 0 0 0 4
176 1 21 8 2 2493 602 0 12 576 20 158 36 2753 25 0 41 10 6 30 9 0 17 5 2 15 7 6 67 44 0 258 1 21 0 0 0 0 0 4 4 0 2 0 0 3 1 2 3 0 0 0 0 1 0 0 0 1 0 0 0 6 1 0 0 2 0 0
1 22 0 108 125 77 12 12 0 29 10 440 20 5 431 1 2 3 3 48 0 316 2 2135 156 5 158 69 10 1 1 0 1 11 0 1 1 34 1 16 6 2 169 17 0 61 2 2 9 3 1 0 0 11 0 4 0 171 1 0 3 98 4 3 0 0 0 2
6 0 1 943 3 4001 1340 576 29 0 23 1114 32 295 47 0 0 0 0 1167 0 0 0 74 0 0 0 1076 147 1 0 4 2 114 0 0 0 10 0 43 4 1 12 4 0 73 0 0 24 0 0 0 0 28 0 0 0 133 0 0 0 26 0 0 0 0 0 0
1 0 0 1 10 24 16 20 10 23 0 25 808 83 2 1 20 1156 122 3 0 1 2 2 31 676 15 7 149 0 38 179 1 1119 0 4 0 0 0 0 0 0 1 0 17 0 230 0 0 0 0 1 0 0 0 0 0 0 6 28 18 0 0 0 53 1 0 0
4 1 1 530 88 2687 21 158 440 1114 25 0 43 100 841 0 0 2 2 1599 0 1 0 406 0 2 0 32 52 0 0 1 0 66 0 0 0 23 1 77 5 4 25 53 1 586 1 3 40 0 0 0 0 56 0 1 0 23 0 0 0 28 0 0 0 0 0 0
0 44 1 4 66 109 12 36 20 32 808 43 0 29 45 0 1 4 1 9 2 15 1 12 964 20 389 10 24 0 331 134 0 582 0 45 0 2 3 14 10 14 9 11 232 9 797 2 7 0 0 1 0 4 0 10 0 4 218 78 145 13 2 0 138 13 0 20
1220 1 19 9 1 101 1473 2753 5 295 83 100 29 0 17 0 138 61 57 22 15 0 61 2 0 42 30 16 2134 239 1 127 6 76 0 0 0 0 0 2 1 0 2 0 1 1 1 0 1 1 0 0 0 0 0 0 0 5 0 0 1 3 0 0 0 0 0 2
0 2 1 17 798 857 49 25 431 47 2 841 45 17 0 1 1 0 0 15 8 11 13 99 1 1 13 59 8 1 0 5 0 27 0 0 0 6 0 19 2 4 11 11 2 36 1 2 19 1 0 0 0 1 0 0 3 8 0 0 0 8 2 3 0 1 0 2
0 3 2 0 0 0 0 0 1 0 1 0 0 0 1 0 2 0 0 0 597 858 1290 438 1 1 1260 98 0 0 0 0 0 5 1 2 4 0 0 0 0 0 1 0 0 0 0 0 2 712 0 0 0 0 55 70 294 36 0 0 181 14 4 12 0 0 3 5
55 5 1882 0 0 0 86 41 2 0 20 0 1 138 1 2 0 67 1491 0 19 1 1678 1 0 1382 672 10 150 146 0 1 7 1361 0 6 19 0 0 0 0 0 1 0 0 0 0 0 0 0 9 0 1 0 1 1 8 2 0 24 112 0 0 1 0 0 0 3
3 0 1 0 0 8 4 10 3 0 1156 2 4 61 0 0 67 0 1212 0 1 0 1 2 0 342 4 2 73 1 0 10 2 182 0 0 0 0 0 0 0 0 0 0 0 0 2 0 0 0 0 3 1 0 0 0 0 0 1 25 14 0 0 0 4 0 0 0
14 0 21 0 0 4 7 6 3 0 122 2 1 57 0 0 1491 1212 0 0 1 2 14 1 0 968 158 3 107 6 0 1 2 558 0 5 1 0 0 0 0 0 0 0 0 0 0 0 0 0 2 1 0 0 0 0 0 0 0 34 40 0 0 0 0 0 0 1
0 0 0 2027 1 109 34 30 48 1167 3 1599 9 22 15 0 0 0 0 0 0 0 0 183 0 0 0 173 24 0 0 0 0 13 0 0 0 128 0 22 11 3 13 149 0 62 0 3 8 0 0 0 0 32 0 0 0 71 0 0 0 218 1 0 0 0 0 1
2 0 85 0 0 0 169 9 0 0 0 0 2 15 8 597 19 1 1 0 0 14 6059 7 0 3 77 1212 36 2506 0 0 40 1695 0 0 0 0 0 0 0 0 1 0 0 0 0 0 1 132 0 0 0 0 64 10 59 50 0 0 3 22 10 36 0 0 1 7
0 226 0 0 3 0 0 0 316 0 1 1 15 0 11 858 1 0 2 0 14 0 10 759 167 1 794 20 0 0 2 0 0 4 0 10 2 0 0 0 1 0 28 1 0 0 3 1 0 103 4 0 0 1 12 303 32 65 1 3 54 13 3 10 0 0 0 3
24 1 2561 0 2 2 184 17 2 0 2 0 1 61 13 1290 1678 1 14 0 6059 10 0 41 0 73 2548 139 75 516 0 0 2 1690 1 2 43 0 0 0 0 0 0 0 0 0 0 0 1 516 1 0 0 0 31 34 679 11 0 0 299 3 2 3 0 0 0 4
4 61 15 828 21 12 124 5 2135 74 2 406 12 2 99 438 1 2 1 183 7 759 41 0 105 9 600 2129 38 2 0 0 4 48 4 5 0 202 0 15 75 21 108 83 4 46 0 9 13 88 0 0 0 22 43 42 23 1248 1 0 13 771 74 68 0 0 10 33
0 353 0 1 2 0 0 2 156 0 31 0 964 0 1 1 0 0 0 0 0 167 0 105 0 3 642 1 0 0 7 7 0 3 0 41 0 0 0 0 1 0 4 0 13 0 335 0 0 0 0 0 0 0 0 13 0 1 234 48 268 0 0 0 16 5 0 7
12 12 1369 0 0 7 27 15 5 0 676 2 20 42 1 1 1382 342 968 0 3 1 73 9 3 0 2952 11 60 9 133 5 2 145 0 17 9 0 0 0 0 0 0 0 2 0 58 0 0 1 41 6 30 0 0 3 0 0 10 574 605 0 0 0 49 0 0 15
8 1521 3446 0 0 2 14 7 158 0 15 0 389 30 13 1260 672 4 158 0 77 794 2548 600 642 2952 0 151 85 11 157 0 4 519 0 416 182 1 0 0 0 0 4 0 3 0 41 0 0 174 123 10 33 0 2 146 243 13 114 698 4266 4 0 2 10 0 0 65
5 3 121 1364 6 30 4248 6 69 1076 7 32 10 16 59 98 10 2 3 173 1212 20 139 2129 1 11 151 0 131 1175 0 0 49 358 8 0 1 39 0 30 71 17 34 30 1 55 0 12 19 60 0 0 0 31 35 14 27 704 0 0 3 571 43 56 0 0 11 40
935 3 9 10 2 33 428 67 10 147 149 52 24 2134 8 0 150 73 107 24 36 0 75 38 0 60 85 131 0 1064 2 17 728 839 1 0 0 0 0 0 4 1 3 0 0 0 0 2 2 0 0 0 0 1 1 0 0 11 0 0 3 12 5 5 0 1 3 3
149 0 72 0 0 0 1899 44 1 1 0 0 0 239 1 0 146 1 6 0 2506 0 516 2 0 9 11 1175 1064 0 0 0 434 378 3 3 0 0 0 0 2 0 0 0 0 0 0 2 0 17 0 0 0 0 16 0 9 29 0 0 2 22 17 23 0 0 5 14
0 4 0 0 0 1 0 0 1 0 38 0 331 1 0 0 0 0 0 0 0 2 0 0 7 133 157 0 2 0 0 0 0 3 0 0 0 0 0 0 0 0 0 0 5 0 116 0 0 0 0 0 0 0 0 0 0 0 10 62 97 0 0 0 66 0 0 0
0 0 0 0 232 157 1 258 0 4 179 1 134 127 5 0 1 10 1 0 0 0 0 0 7 5 0 0 17 0 0 0 0 223 0 0 0 0 1 3 0 4 2 0 4 0 2 1 0 0 0 0 0 0 0 0 0 0 0 0 0 0 1 0 0 3 0 0
0 0 0 0 0 0 43 1 1 2 1 0 0 6 0 0 7 2 2 0 40 0 2 4 0 2 4 49 728 434 0 0 0 393 1 0 0 0 0 0 0 0 1 0 0 0 0 1 0 0 0 0 0 0 0 0 0 5 0 0 0 2 3 3 0 1 0 0
10 4 90 5 209 34 129 21 11 114 1119 66 582 76 27 5 1361 182 558 13 1695 4 1690 48 3 145 519 358 839 378 3 223 393 0 1 8 13 0 0 2 11 4 1 0 8 3 1 2 4 2 11 0 2 0 3 3 12 26 0 25 116 41 7 5 0 5 0 6
1 0 0 0 0 1 0 0 0 0 0 0 0 0 0 1 0 0 0 0 0 0 1 4 0 0 0 8 1 3 0 0 1 1 0 0 2 1 0 3 517 109 0 3 0 6 0 1078 0 0 13 1 3 0 1 0 5 1 0 1 4 21 658 226 1 0 0 9
0 173 11 0 0 0 0 0 1 0 4 0 45 0 0 2 6 0 5 0 0 10 2 5 41 17 416 0 0 3 0 0 0 8 0 0 0 1 0 0 0 0 55 0 3 0 40 0 6 5 3 0 0 0 2 389 0 107 493 7 1912 2 0 2 0 0 0 4
0 3 56 0 0 0 0 0 1 0 0 0 0 0 0 4 19 0 1 0 0 2 43 0 0 9 182 1 0 0 0 0 0 13 2 0 0 0 0 0 87 12 1 0 0 0 0 12 1 10 551 0 5 0 3 1 2110 5 0 2445 3012 51 2 12 0 0 0 35
0 0 0 167 0 9 4 0 34 10 0 23 2 0 6 0 0 0 0 128 0 0 0 202 0 0 1 39 0 0 0 0 0 0 1 1 0 0 5 24 8 6 99 497 1 480 1 4 9 0 0 0 0 2242 0 1 0 422 1 0 0 1123 8 1 0 0 0 14
0 0 0 0 0 4 0 0 1 0 0 1 3 0 0 0 0 0 0 0 0 0 0 0 0 0 0 0 0 0 0 1 0 0 0 0 0 5 0 346 1 1 239 2 4 34 1 1 862 0 0 0 1 2 0 13 0 51 0 0 0 20 0 0 0 270 0 2
0 0 0 15 0 41 16 4 16 43 0 77 14 2 19 0 0 0 0 22 0 0 0 15 0 0 0 30 0 0 0 3 0 2 3 0 0 24 346 0 383 1728 186 3612 23 3102 1 122 550 0 0 4 3 66 0 0 0 32 0 11 0 254 12 1 0 17 0 12
0 0 0 3 0 5 19 4 6 4 0 5 10 1 2 0 0 0 0 11 0 1 0 75 1 0 0 71 4 2 0 0 0 11 517 0 87 8 1 383 0 712 15 1645 14 47 0 1967 19 2 63 2 9 3 70 2 248 94 0 8 13 4070 375 2156 0 4 19 138
0 0 0 0 0 6 8 0 2 1 0 4 14 0 4 0 0 0 0 3 0 0 0 21 0 0 0 17 1 0 0 4 0 4 109 0 12 6 1 1728 712 0 81 558 27 337 3 2206 53 0 20 10 1 50 3 0 14 21 0 16 3 124 67 52 0 295 0 20
1 1 0 26 3 16 10 2 169 12 1 25 9 2 11 1 1 0 0 13 1 28 0 108 4 0 4 34 3 0 0 2 1 1 0 55 1 99 239 186 15 81 0 62 19 456 26 49 361 1 5 2 16 52 1 252 0 2522 82 9 141 194 22 2 3 23 0 31
0 0 0 33 0 15 5 0 17 4 0 53 11 0 11 0 0 0 0 149 0 1 0 83 0 0 0 30 0 0 0 0 0 0 3 0 0 497 2 3612 1645 558 62 0 15 1592 0 190 17 0 0 0 0 1464 0 0 1 54 0 0 0 1458 143 1 0 2 0 113
0 0 1 0 1 8 0 0 0 0 17 1 232 1 2 0 0 0 0 0 0 0 0 4 13 2 3 1 0 0 5 4 0 8 0 3 0 1 4 23 14 27 19 15 0 12 840 97 1 0 106 1137 746 2 0 4 1 4 36 662 3 6 302 5 37 420 0 1426
0 0 0 62 2 164 8 3 61 73 0 586 9 1 36 0 0 0 0 62 0 0 0 46 0 0 0 55 0 0 0 0 0 3 6 0 0 480 34 3102 47 337 456 1592 12 0 0 144 562 0 0 4 3 1789 0 1 0 153 0 2 0 418 61 0 0 0 0 66
0 7 0 0 1 1 0 1 2 0 230 1 797 1 1 0 0 2 0 0 0 3 0 0 335 58 41 0 0 0 116 2 0 1 0 40 0 1 1 1 0 3 26 0 840 0 0 9 2 0 0 0 0 0 0 27 0 10 828 9 484 0 7 0 355 73 0 72
0 0 0 1 1 4 1 2 2 0 0 3 2 0 2 0 0 0 0 3 0 1 0 9 0 0 0 12 2 2 0 1 1 2 1078 0 12 4 1 122 1967 2206 49 190 97 144 9 0 7 0 17 56 50 32 4 0 20 16 0 49 16 73 1607 180 2 8 4 86
0 1 0 15 3 34 10 3 9 24 0 40 7 1 19 2 0 0 0 8 1 0 1 13 0 0 0 19 2 0 0 0 0 4 0 6 1 9 862 550 19 53 361 17 1 562 2 7 0 7 0 0 1 4 32 15 35 113 0 1 6 58 9 5 0 6 0 10
0 0 3 0 0 0 0 0 3 0 0 0 0 1 1 712 0 0 0 0 132 103 516 88 0 1 174 60 0 17 0 0 0 2 0 5 10 0 0 0 2 0 1 0 0 0 0 0 7 0 0 0 0 0 767 1204 1116 1317 0 2 816 201 1 0 0 0 0 11
0 3 33 0 0 0 0 0 1 0 0 0 0 0 0 0 9 0 2 0 0 4 1 0 0 41 123 0 0 0 0 0 0 11 13 3 551 0 0 0 63 20 5 0 106 0 0 17 0 0 0 38 1021 0 34 0 1481 10 0 574 427 8 21 263 0 0 1 1248
0 0 0 0 0 0 0 0 0 0 1 0 1 0 0 0 0 3 1 0 0 0 0 0 0 6 10 0 0 0 0 0 0 0 1 0 0 0 0 4 2 10 2 0 1137 4 0 56 0 0 38 0 860 0 0 0 0 3 0 169 3 0 81 0 0 8 0 49
0 1 3 0 0 0 0 0 0 0 0 0 0 0 0 0 1 1 0 0 0 0 0 0 0 30 33 0 0 0 0 0 0 2 3 0 5 0 1 3 9 1 16 0 746 3 0 50 1 0 1021 860 0 1 14 1 14 14 0 1576 70 3 51 24 0 0 2 517
0 0 0 57 0 9 3 1 11 28 0 56 4 0 1 0 0 0 0 32 0 1 0 22 0 0 0 31 1 0 0 0 0 0 0 0 0 2242 2 66 3 50 52 1464 2 1789 0 32 4 0 0 0 1 0 0 0 0 58 0 0 0 366 21 0 0 0 0 13
0 0 4 0 0 0 0 0 0 0 0 0 0 0 0 55 1 0 0 0 64 12 31 43 0 0 2 35 1 16 0 0 0 3 1 2 3 0 0 0 70 3 1 0 0 0 0 4 32 767 34 0 14 0 0 12 5673 34 0 4 16 1834 27 2119 0 0 32 1439
0 14 4 0 0 0 0 0 4 0 0 1 10 0 0 70 1 0 0 0 10 303 34 42 13 3 146 14 0 0 0 0 0 3 0 389 1 1 13 0 2 0 252 0 4 1 27 0 15 1204 0 0 1 0 12 0 64 894 108 8 716 18 0 0 0 1 0 6
0 1 39 0 0 0 0 0 0 0 0 0 0 0 3 294 8 0 0 0 59 32 679 23 0 0 243 27 0 9 0 0 0 12 5 0 2110 0 0 0 248 14 0 1 1 0 0 20 35 1116 1481 0 14 0 5673 64 0 61 0 289 2072 316 18 391 0 0 13 1081
2 3 3 165 2 23 59 1 171 133 0 23 4 5 8 36 2 0 0 71 50 65 11 1248 1 0 13 704 11 29 0 0 5 26 1 107 5 422 51 32 94 21 2522 54 4 153 10 16 113 1317 10 3 14 58 34 894 61 0 71 4 294 2598 51 19 0 5 5 55
0 11 0 0 0 0 0 0 1 0 6 0 218 0 0 0 0 1 0 0 0 1 0 1 234 10 114 0 0 0 10 0 0 0 0 493 0 1 0 0 0 0 82 0 36 0 828 0 0 0 0 0 0 0 0 108 0 71 0 3 1156 1 0 0 3 4 0 1
0 27 32 0 0 0 0 0 0 0 28 0 78 0 0 0 24 25 34 0 0 3 0 0 48 574 698 0 0 0 62 0 0 25 1 7 2445 0 0 11 8 16 9 0 662 2 9 49 1 2 574 169 1576 0 4 8 289 4 3 0 2319 2 60 7 65 16 0 48
0 178 276 0 0 0 0 0 3 0 18 0 145 1 0 181 112 14 40 0 3 54 299 13 268 605 4266 3 3 2 97 0 0 116 4 1912 3012 0 0 0 13 3 141 0 3 0 484 16 6 816 427 3 70 0 16 716 2072 294 1156 2319 0 19 7 29 20 0 1 208
0 0 1 68 0 49 80 6 98 26 0 28 13 3 8 14 0 0 0 218 22 13 3 771 0 0 4 571 12 22 0 0 2 41 21 2 51 1123 20 254 4070 124 194 1458 6 418 0 73 58 201 8 0 3 366 1834 18 316 2598 1 2 19 0 333 1322 0 1 49 252
0 1 2 0 0 5 0 1 4 0 0 0 2 0 2 4 0 0 0 1 10 3 2 74 0 0 0 43 5 17 0 1 3 7 658 0 2 8 0 12 375 67 22 143 302 61 7 1607 9 1 21 81 51 21 27 0 18 51 0 60 7 333 0 785 6 65 1179 933
2 2 4 0 0 1 0 0 3 0 0 0 0 0 3 12 1 0 0 0 36 10 3 68 0 0 2 56 5 23 0 0 3 5 226 2 12 1 0 1 2156 52 2 1 5 0 0 180 5 0 263 0 24 0 2119 0 391 19 0 7 29 1322 785 0 0 0 215 796
0 2 0 0 0 0 0 0 0 0 53 0 138 0 0 0 0 4 0 0 0 0 0 0 16 49 10 0 0 0 66 0 0 0 1 0 0 0 0 0 0 0 3 0 37 0 355 2 0 0 0 0 0 0 0 0 0 0 3 65 20 0 6 0 0 2 0 1
0 0 0 0 0 1 0 2 0 0 1 0 13 0 1 0 0 0 0 0 0 0 0 0 5 0 0 0 1 0 0 3 1 5 0 0 0 0 270 17 4 295 23 2 420 0 73 8 6 0 0 8 0 0 0 1 0 5 4 16 0 1 65 0 2 0 0 272
0 0 0 0 0 0 0 0 0 0 0 0 0 0 0 3 0 0 0 0 1 0 0 10 0 0 0 11 3 5 0 0 0 0 0 0 0 0 0 0 19 0 0 0 0 0 0 4 0 0 1 0 2 0 32 0 13 5 0 0 1 49 1179 215 0 0 0 307
0 4 9 0 0 3 4 0 2 0 0 0 20 2 2 5 3 0 1 1 7 3 4 33 7 15 65 40 3 14 0 0 0 6 9 4 35 14 2 12 138 20 31 113 1426 66 72 86 10 11 1248 49 517 13 1439 6 1081 55 1 48 208 252 933 796 1 272 307 0
