0 0 18 0 0 2 368 67 0 24 18 0 0 987 0 0 23 2 15 0 1 0 17 1 0 13 1 10 1614 251 0 0 4 16 0 0 0 0 0 0 0 0 0 0 0 0 0 0 0 0 0 0 0 0 0 0 0 0 0 0 0 1 0 0 0 0 0 0
0 0 0 7 0 0 0 1 62 0 14 0 126 1 1 7 0 0 0 0 0 452 0 110 585 13 1586 1 0 0 0 1 1 107 0 179 4 0 0 0 0 0 13 0 6 1 6 0 0 5 0 0 0 0 0 97 0 10 34 29 240 0 0 1 1 0 0 0
18 0 0 0 0 16 170 151 6 21 0 2 0 142 3 0 660 0 32 0 110 1 2301 19 0 2128 3210 101 26 103 0 0 1 104 0 6 89 0 0 0 0 0 6 0 0 0 0 0 0 32 17 0 1 0 0 1 25 5 0 30 267 3 0 1 0 0 0 1
0 7 0 0 22 50 12 12 147 642 0 718 1 8 94 2 1 0 0 3876 0 17 1 1331 4 0 11 736 8 2 0 3 0 13 0 2 0 390 0 21 9 0 50 13 0 47 0 0 8 0 0 0 0 273 0 5 0 234 0 0 2 25 0 1 0 0 0 0
0 0 0 22 0 487 3 44 56 4 10 17 0 1 547 0 1 0 0 6 1 0 1 29 0 0 0 12 0 0 0 178 0 92 0 0 0 0 0 6 0 1 1 0 0 7 0 0 5 0 0 0 0 3 0 0 1 2 0 0 0 2 0 0 0 0 0 0
2 0 16 50 487 0 139 3054 163 2579 49 3050 1 115 1633 0 1 4 4 77 1 0 1 69 0 4 0 110 54 13 0 20 0 169 0 0 0 18 3 133 11 16 4 12 1 108 0 3 19 0 0 0 0 30 0 0 1 37 0 0 0 17 2 0 0 6 0 5
368 0 170 12 3 139 0 412 28 1918 11 16 0 1726 21 0 17 3 10 2 8 0 81 42 0 24 8 4082 242 2249 0 0 5 53 0 0 0 6 0 18 17 2 19 2 0 10 0 0 1 1 0 0 0 6 0 0 0 59 0 0 0 35 0 2 0 0 0 0
67 1 151 12 44 3054 412 0 22 842 19 236 3 2371 82 0 108 1 1 25 6 0 91 40 0 21 1 142 106 198 0 1 0 56 0 0 0 6 0 42 10 11 18 0 3 22 0 1 2 2 0 0 0 2 0 0 0 38 0 0 0 21 0 1 0 0 0 5
0 62 6 147 56 163 28 22 0 106 13 294 25 13 128 0 5 1 1 99 1 536 7 1622 42 14 363 123 11 19 0 9 2 63 0 5 0 48 0 12 13 7 538 48 2 22 0 1 8 0 1 0 0 20 0 12 3 196 3 0 2 78 2 3 0 0 0 2
24 0 21 642 4 2579 1918 842 106 0 24 1825 0 506 66 0 1 0 4 1367 0 2 4 164 0 1 0 2529 96 18 0 1 0 179 0 0 0 22 0 38 11 0 22 10 0 131 0 0 10 0 0 0 0 122 0 0 0 253 0 0 0 14 0 0 0 0 0 2
18 14 0 0 10 49 11 19 13 24 0 36 350 214 12 0 13 1325 700 2 0 2 0 4 11 1174 25 3 217 13 82 87 3 1408 0 7 0 0 1 1 0 0 3 0 70 0 275 0 0 0 0 3 1 1 0 3 0 0 56 53 58 0 0 0 25 9 0 1
0 0 2 718 17 3050 16 236 294 1825 36 0 3 31 1028 0 1 2 1 2213 1 1 2 355 1 1 3 62 10 1 0 1 0 50 0 0 0 79 0 83 7 5 12 53 1 735 0 0 55 2 0 0 0 110 0 1 0 71 0 0 0 17 0 0 0 0 0 1
0 126 0 1 0 1 0 3 25 0 350 3 0 4 1 0 0 0 0 1 0 65 0 38 1131 241 587 1 6 0 275 13 0 257 0 5 0 0 1 0 1 1 1 0 149 0 1439 2 0 0 0 2 0 0 0 8 0 0 531 41 104 0 2 0 25 6 0 2
987 1 142 8 1 115 1726 2371 13 506 214 31 4 0 15 0 114 53 42 9 9 2 119 33 0 51 15 100 2886 703 0 159 0 166 0 0 0 0 3 43 6 14 7 0 1 2 2 3 3 1 0 0 0 0 1 0 0 20 0 0 0 16 1 1 0 1 1 3
0 1 3 94 547 1633 21 82 128 66 12 1028 1 15 0 1 17 1 2 50 44 3 15 163 0 2 12 85 22 63 0 7 2 68 0 0 0 19 1 18 5 3 10 21 0 60 0 0 13 4 0 0 0 31 2 0 0 15 0 0 0 6 0 1 0 0 0 3
0 7 0 2 0 0 0 0 0 0 0 0 0 0 1 0 2 0 0 0 448 1022 1027 1161 0 2 888 183 0 0 0 0 0 8 0 5 2 0 0 0 1 0 30 0 0 0 0 0 0 1138 1 0 0 0 75 169 517 59 1 0 84 10 0 9 0 0 0 1
23 0 660 1 1 1 17 108 5 1 13 1 0 114 17 2 0 6 1975 0 31 3 1613 14 0 1366 471 24 148 289 0 0 17 1300 0 3 11 0 0 0 0 0 2 0 0 0 0 0 0 0 2 0 0 0 0 0 1 0 0 7 38 0 0 0 0 0 0 0
2 0 0 0 0 4 3 1 1 0 1325 2 0 53 1 0 6 0 711 0 0 0 1 0 0 529 2 0 34 1 0 2 3 72 0 1 0 0 0 0 0 0 0 0 0 0 17 0 0 0 0 0 0 0 0 0 0 0 4 1 6 0 0 0 0 0 0 0
15 0 32 0 0 4 10 1 1 4 700 1 0 42 2 0 1975 711 0 0 6 1 36 1 1 1494 199 2 76 42 0 0 11 1021 0 4 0 0 0 0 0 0 0 0 0 0 3 0 0 0 0 0 0 0 0 1 0 0 3 13 39 0 0 0 0 0 0 0
0 0 0 3876 6 77 2 25 99 1367 2 2213 1 9 50 0 0 0 0 0 0 0 0 269 0 0 0 357 7 0 0 0 0 18 0 0 0 118 0 22 14 1 14 57 0 170 0 0 10 0 0 0 0 137 0 0 0 165 0 0 0 51 0 0 0 0 0 0
1 0 110 0 1 1 8 6 1 0 0 1 0 9 44 448 31 0 6 0 0 4 7017 37 0 8 47 1056 30 3219 0 0 24 1562 0 0 0 0 0 0 2 0 14 0 0 1 0 0 1 112 0 0 0 0 76 12 18 67 0 0 7 50 0 55 0 0 0 3
0 452 1 17 0 0 0 0 536 2 2 1 65 2 3 1022 3 0 1 0 4 0 10 838 107 7 1102 31 1 1 0 0 0 28 0 15 1 3 0 1 0 0 113 1 2 0 4 0 1 75 0 0 0 0 8 378 8 91 4 1 60 3 0 3 0 0 0 0
17 0 2301 1 1 1 81 91 7 4 0 2 0 119 15 1027 1613 1 36 0 7017 10 0 39 0 143 2566 354 53 735 0 0 9 1789 0 0 17 0 0 0 0 0 11 0 0 0 0 0 0 449 1 0 0 0 56 20 316 19 0 1 111 6 0 4 0 0 0 2
1 110 19 1331 29 69 42 40 1622 164 4 355 38 33 163 1161 14 0 1 269 37 838 39 0 82 9 909 1573 25 34 0 1 2 36 0 5 1 67 0 20 59 10 215 60 0 54 0 0 4 97 0 0 0 42 42 33 13 686 1 0 32 271 2 24 0 0 1 4
0 585 0 4 0 0 0 0 42 0 11 1 1131 0 0 0 0 0 1 0 0 107 0 82 0 23 1140 0 0 0 5 2 0 96 0 68 0 0 0 0 0 1 4 0 55 0 38 0 0 0 0 0 0 0 0 9 0 4 151 8 56 0 0 0 3 1 0 2
13 13 2128 0 0 4 24 21 14 1 1174 1 241 51 2 2 1366 529 1494 0 8 7 143 9 23 0 3856 5 53 18 253 0 9 306 0 119 30 0 0 0 0 1 0 0 9 0 415 0 0 1 4 1 4 0 0 7 0 0 149 354 881 0 1 0 31 0 0 3
1 1586 3210 11 0 0 8 1 363 0 25 3 587 15 12 888 471 2 199 0 47 1102 2566 909 1140 3856 0 240 15 10 49 0 3 900 0 786 237 0 0 0 0 0 23 0 9 0 161 0 0 793 42 0 7 0 2 229 325 38 415 405 5508 1 0 0 12 0 0 4
10 1 101 736 12 110 4082 142 123 2529 3 62 1 100 85 183 24 0 2 357 1056 31 354 1573 0 5 240 0 93 1277 0 0 2 167 1 0 0 9 0 33 45 14 66 2 0 29 0 1 2 59 0 0 0 49 39 11 15 374 0 0 14 236 1 39 0 0 2 4
1614 0 26 8 0 54 242 106 11 96 217 10 6 2886 22 0 148 34 76 7 30 1 53 25 0 53 15 93 0 2101 0 126 883 1287 0 0 0 0 1 16 1 8 3 0 1 2 1 1 3 2 0 0 0 0 1 0 1 11 0 0 0 12 0 2 0 1 0 1
251 0 103 2 0 13 2249 198 19 18 13 1 0 703 63 0 289 1 42 0 3219 1 735 34 0 18 10 1277 2101 0 0 0 383 971 0 0 1 0 0 2 2 1 12 0 0 1 0 0 2 21 0 0 0 0 19 1 8 57 0 0 3 39 1 28 0 0 0 2
0 0 0 0 0 0 0 0 0 0 82 0 275 0 0 0 0 0 0 0 0 0 0 0 5 253 49 0 0 0 0 1 0 2 0 0 0 0 0 0 0 0 0 0 2 0 105 0 0 0 0 0 0 0 0 0 0 0 16 1 17 0 0 0 3 0 0 0
0 1 0 3 178 20 0 1 9 1 87 1 13 159 7 0 0 2 0 0 0 0 0 1 2 0 0 0 126 0 1 0 1 871 0 0 0 0 1 14 0 11 1 0 2 0 1 1 0 0 0 0 0 0 0 0 0 0 0 0 0 0 0 0 0 1 0 2
4 1 1 0 0 0 5 0 2 0 3 0 0 0 2 0 17 3 11 0 24 0 9 2 0 9 3 2 883 383 0 1 0 425 0 0 0 0 0 0 0 0 0 0 0 0 0 0 0 0 0 0 0 0 0 0 0 5 0 0 1 4 0 2 0 0 0 1
16 107 104 13 92 169 53 56 63 179 1408 50 257 166 68 8 1300 72 1021 18 1562 28 1789 36 96 306 900 167 1287 971 2 871 425 0 0 50 5 2 7 48 13 33 32 2 283 28 92 9 28 6 0 0 0 5 22 12 6 45 23 5 54 57 2 20 0 15 0 131
0 0 0 0 0 0 0 0 0 0 0 0 0 0 0 0 0 0 0 0 0 0 0 0 0 0 0 1 0 0 0 0 0 0 0 1 43 2 0 4 812 116 1 18 8 1 1 2628 3 0 17 4 24 1 5 0 14 1 0 79 1 3 1276 674 0 0 8 41
0 179 6 2 0 0 0 0 5 0 7 0 5 0 0 5 3 1 4 0 0 15 0 5 68 119 786 0 0 0 0 0 0 50 1 0 1 8 1 0 1 0 184 0 152 6 9 0 4 17 1 0 7 0 0 427 0 137 731 8 1403 2 0 0 0 1 0 9
0 4 89 0 0 0 0 0 0 0 0 0 0 0 0 2 11 0 0 0 0 1 17 1 0 30 237 0 0 1 0 0 0 5 43 1 0 0 0 14 454 220 0 16 0 0 0 118 0 0 1210 0 1 0 10 0 1527 10 0 1616 2831 51 5 49 0 0 0 6
0 0 0 390 0 18 6 6 48 22 0 79 0 0 19 0 0 0 0 118 0 3 0 67 0 0 0 9 0 0 0 0 0 2 2 8 0 0 10 59 26 9 170 1048 0 1144 1 2 134 3 0 0 0 2649 0 13 3 1417 1 0 3 887 3 0 0 0 0 20
0 0 0 0 0 3 0 0 0 0 1 0 1 3 1 0 0 0 0 0 0 0 0 0 0 0 0 0 1 0 0 1 0 7 0 1 0 10 0 988 2 28 33 7 73 37 4 0 1169 0 0 0 0 3 0 0 0 20 3 0 0 1 0 0 0 437 0 164
0 0 0 21 6 133 18 42 12 38 1 83 0 43 18 0 0 0 0 22 0 1 0 20 0 0 0 33 16 2 0 14 0 48 4 0 14 59 988 0 259 2896 60 2610 108 4018 6 163 2083 0 1 3 2 138 1 0 6 58 2 1 3 70 61 5 0 240 0 168
0 0 0 9 0 11 17 10 13 11 0 7 1 6 5 1 0 0 0 14 2 0 0 59 0 0 0 45 1 2 0 0 0 13 812 1 454 26 2 259 0 597 15 1728 13 42 1 2048 32 11 55 1 20 19 39 4 412 163 0 121 51 4792 107 2628 0 0 13 138
0 0 0 0 1 16 2 11 7 0 0 5 1 14 3 0 0 0 0 1 0 0 0 10 1 1 0 14 8 1 0 11 0 33 116 0 220 9 28 2896 597 0 11 934 156 273 30 2689 199 1 14 1 3 16 1 0 24 22 3 60 6 39 68 106 0 109 1 116
0 13 6 50 1 4 19 18 538 22 3 12 1 7 10 30 2 0 0 14 14 113 11 215 4 0 23 66 3 12 0 1 0 32 1 184 0 170 33 60 15 11 0 77 64 364 5 1 218 10 1 0 1 52 0 522 2 2113 167 2 110 116 3 1 0 0 0 14
0 0 0 13 0 12 2 0 48 10 0 53 0 0 21 0 0 0 0 57 0 1 0 60 0 0 0 2 0 0 0 0 0 2 18 0 16 1048 7 2610 1728 934 77 0 13 2308 4 584 44 1 0 0 2 1970 1 1 19 158 0 0 5 1732 24 5 0 0 2 151
0 6 0 0 0 1 0 3 2 0 70 1 149 1 0 0 0 0 0 0 0 2 0 0 55 9 9 0 1 0 2 2 0 283 8 152 0 0 73 108 13 156 64 13 0 34 1135 207 19 0 41 693 838 2 3 71 9 27 464 672 16 1 378 26 49 246 1 1718
0 1 0 47 7 108 10 22 22 131 0 735 0 2 60 0 0 0 0 170 1 0 0 54 0 0 0 29 2 1 0 0 0 28 1 6 0 1144 37 4018 42 273 364 2308 34 0 4 40 1172 1 0 1 1 2450 0 4 0 556 3 1 4 59 16 2 0 0 0 118
0 6 0 0 0 0 0 0 0 0 275 0 1439 2 0 0 0 17 3 0 0 4 0 0 38 415 161 0 1 0 105 1 0 92 1 9 0 1 4 6 1 30 5 4 1135 4 0 9 25 1 0 4 1 2 0 3 0 1 835 245 760 0 15 3 706 67 0 164
0 0 0 0 0 3 0 1 1 0 0 0 2 3 0 0 0 0 0 0 0 0 0 0 0 0 0 1 1 0 0 1 0 9 2628 0 118 2 0 163 2048 2689 1 584 207 40 9 0 3 0 21 7 3 6 3 1 16 7 0 48 6 8 2557 333 0 48 3 225
0 0 0 8 5 19 1 2 8 10 0 55 0 3 13 0 0 0 0 10 1 1 0 4 0 0 0 2 3 2 0 0 0 28 3 4 0 134 1169 2083 32 199 218 44 19 1172 25 3 0 4 0 0 0 83 31 5 16 219 2 0 7 124 3 43 0 13 0 50
0 5 32 0 0 0 1 2 0 0 0 2 0 1 4 1138 0 0 0 0 112 75 449 97 0 1 793 59 2 21 0 0 0 6 0 17 0 3 0 0 11 1 10 1 0 1 1 0 4 0 2 0 0 0 819 960 1190 1495 1 0 1213 182 0 3 0 0 0 3
0 0 17 0 0 0 0 0 1 0 0 0 0 0 0 1 2 0 0 0 0 0 1 0 0 4 42 0 0 0 0 0 0 0 17 1 1210 0 0 1 55 14 1 0 41 0 0 21 0 2 0 18 1390 1 47 5 1449 0 1 1382 248 10 40 281 0 0 2 1054
0 0 0 0 0 0 0 0 0 0 3 0 2 0 0 0 0 0 0 0 0 0 0 0 0 1 0 0 0 0 0 0 0 0 4 0 0 0 0 3 1 1 0 0 693 1 4 7 0 0 18 0 887 0 4 0 1 0 0 143 10 0 4 13 1 0 1 83
0 0 1 0 0 0 0 0 0 0 1 0 0 0 0 0 0 0 0 0 0 0 0 0 0 4 7 0 0 0 0 0 0 0 24 7 1 0 0 2 20 3 1 2 838 1 1 3 0 0 1390 887 0 0 19 1 58 1 0 1284 119 2 112 224 1 0 1 858
0 0 0 273 3 30 6 2 20 122 1 110 0 0 31 0 0 0 0 137 0 0 0 42 0 0 0 49 0 0 0 0 0 5 1 0 0 2649 3 138 19 16 52 1970 2 2450 2 6 83 0 1 0 0 0 0 0 0 240 0 0 0 53 5 0 0 0 0 35
0 0 0 0 0 0 0 0 0 0 0 0 0 1 2 75 0 0 0 0 76 8 56 42 0 0 2 39 1 19 0 0 0 22 5 0 10 0 0 1 39 1 0 1 3 0 0 3 31 819 47 4 19 0 0 5 5662 38 0 3 14 1505 39 2970 0 0 18 1385
0 97 1 5 0 0 0 0 12 0 3 1 8 0 0 169 0 0 1 0 12 378 20 33 9 7 229 11 0 1 0 0 0 12 0 427 0 13 0 0 4 0 522 1 71 4 3 1 5 960 5 0 1 0 5 0 20 540 114 1 911 2 0 3 0 0 0 2
0 0 25 0 1 1 0 0 3 0 0 0 0 0 0 517 1 0 0 0 18 8 316 13 0 0 325 15 1 8 0 0 0 6 14 0 1527 3 0 6 412 24 2 19 9 0 0 16 16 1190 1449 1 58 0 5662 20 0 52 0 105 1917 359 15 509 0 0 0 954
0 10 5 234 2 37 59 38 196 253 0 71 0 20 15 59 0 0 0 165 67 91 19 686 4 0 38 374 11 57 0 0 5 45 1 137 10 1417 20 58 163 22 2113 158 27 556 1 7 219 1495 0 0 1 240 38 540 52 0 64 1 315 2466 11 5 0 0 0 22
0 34 0 0 0 0 0 0 3 0 56 0 531 0 0 1 0 4 3 0 0 4 0 1 151 149 415 0 0 0 16 0 0 23 0 731 0 1 3 2 0 3 167 0 464 3 835 0 2 1 1 0 0 0 0 114 0 64 0 1 979 0 5 0 1 20 0 17
0 29 30 0 0 0 0 0 0 0 53 0 41 0 0 0 7 1 13 0 0 1 1 0 8 354 405 0 0 0 1 0 0 5 79 8 1616 0 0 1 121 60 2 0 672 1 245 48 0 0 1382 143 1284 0 3 1 105 1 1 0 3445 6 16 121 85 0 1 78
0 240 267 2 0 0 0 0 2 0 58 0 104 0 0 84 38 6 39 0 7 60 111 32 56 881 5508 14 0 3 17 0 1 54 1 1403 2831 3 0 3 51 6 110 5 16 4 760 6 7 1213 248 10 119 0 14 911 1917 315 979 3445 0 64 2 22 50 0 1 180
1 0 3 25 2 17 35 21 78 14 0 17 0 16 6 10 0 0 0 51 50 3 6 271 0 0 1 236 12 39 0 0 4 57 3 2 51 887 1 70 4792 39 116 1732 1 59 0 8 124 182 10 0 2 53 1505 2 359 2466 0 6 64 0 16 956 0 0 2 75
0 0 0 0 0 2 0 0 2 0 0 0 2 1 0 0 0 0 0 0 0 0 0 2 0 1 0 1 0 1 0 0 0 2 1276 0 5 3 0 61 107 68 3 24 378 16 15 2557 3 0 40 4 112 5 39 0 15 11 5 16 2 16 0 1201 0 324 1443 1573
0 1 1 1 0 0 2 1 3 0 0 0 0 1 1 9 0 0 0 0 55 3 4 24 0 0 0 39 2 28 0 0 2 20 674 0 49 0 0 5 2628 106 1 5 26 2 3 333 43 3 281 13 224 0 2970 3 509 5 0 121 22 956 1201 0 0 0 153 1390
0 1 0 0 0 0 0 0 0 0 25 0 25 0 0 0 0 0 0 0 0 0 0 0 3 31 12 0 0 0 3 0 0 0 0 0 0 0 0 0 0 0 0 0 49 0 706 0 0 0 0 1 1 0 0 0 0 0 1 85 50 0 0 0 0 0 0 1
0 0 0 0 0 6 0 0 0 0 9 0 6 1 0 0 0 0 0 0 0 0 0 0 1 0 0 0 1 0 0 1 0 15 0 1 0 0 437 240 0 109 0 0 246 0 67 48 13 0 0 0 0 0 0 0 0 0 20 0 0 0 324 0 0 0 0 534
0 0 0 0 0 0 0 0 0 0 0 0 0 1 0 0 0 0 0 0 0 0 0 1 0 0 0 2 0 0 0 0 0 0 8 0 0 0 0 0 13 1 0 2 1 0 0 3 0 0 2 1 1 0 18 0 0 0 0 1 1 2 1443 153 0 0 0 338
0 0 1 0 0 5 0 5 2 2 1 1 2 3 3 1 0 0 0 0 3 0 2 4 2 3 4 4 1 2 0 2 1 131 41 9 6 20 164 168 138 116 14 151 1718 118 164 225 50 3 1054 83 858 35 1385 2 954 22 17 78 180 75 1573 1390 1 534 338 0
