0 0 16 0 0 3 342 72 1 12 12 1 0 961 0 0 25 7 15 1 0 0 15 0 0 14 0 11 1561 262 0 0 1 20 0 0 0 0 0 0 0 0 1 0 0 0 0 0 0 0 0 0 0 0 0 0 0 0 0 0 0 0 0 0 0 0 0 0
0 0 0 6 0 0 0 0 62 0 13 0 135 2 1 5 1 0 2 0 0 431 0 117 531 8 1582 0 2 0 0 2 0 107 0 215 1 0 0 0 0 0 7 0 4 0 10 0 0 3 0 0 0 0 0 89 0 10 36 27 238 0 0 0 0 0 0 0
16 0 0 0 0 16 173 149 14 22 0 0 0 142 8 0 605 0 26 0 101 2 2292 15 0 2115 3072 91 20 103 0 0 1 104 0 5 84 0 0 0 0 0 6 0 0 0 0 0 0 14 11 0 0 0 0 3 24 5 0 20 287 1 0 0 0 0 0 0
0 6 0 0 21 48 7 13 151 617 0 749 1 6 75 1 1 0 0 3696 0 15 0 1277 3 0 8 712 12 3 0 2 0 17 0 3 0 382 0 24 11 2 55 12 0 48 0 0 1 1 0 0 0 284 0 8 0 214 0 0 2 27 0 0 0 0 0 0
0 0 0 21 0 469 1 46 62 9 10 16 0 2 533 0 0 1 0 4 0 0 0 30 0 0 0 7 0 1 0 174 0 82 0 0 0 1 0 2 0 2 1 0 0 9 0 0 2 0 0 0 0 2 0 0 0 4 0 0 0 1 0 0 0 0 0 0
3 0 16 48 469 0 122 3013 123 2565 28 2922 1 159 1615 0 3 6 1 84 1 1 5 66 0 1 1 90 43 15 0 24 1 159 0 0 0 18 4 153 12 22 6 17 2 114 1 3 20 0 0 0 0 35 0 0 0 22 0 0 0 14 1 2 0 4 0 5
342 0 173 7 1 122 0 420 22 1898 17 8 0 1615 13 1 20 3 7 5 11 1 80 40 0 19 9 4110 237 2239 0 0 3 46 0 0 0 7 0 18 26 4 17 4 0 8 0 0 1 0 0 0 0 3 0 0 0 58 0 0 0 38 0 1 0 0 0 0
72 0 149 13 46 3013 420 0 18 775 24 229 2 2296 71 0 90 1 2 21 9 0 80 35 0 12 0 119 96 190 0 1 0 72 0 0 0 2 2 34 18 7 7 0 0 22 1 0 9 0 0 0 0 1 0 1 0 38 0 0 0 39 0 0 0 0 0 6
1 62 14 151 62 123 22 18 0 98 22 291 22 8 107 1 6 0 3 102 0 522 7 1608 46 14 357 120 13 11 0 6 1 52 0 6 1 58 0 8 15 8 485 38 1 34 0 1 13 5 0 0 0 21 0 11 4 215 4 0 6 72 2 1 0 0 0 1
12 0 22 617 9 2565 1898 775 98 0 33 1788 0 536 56 0 1 0 4 1301 0 0 4 184 0 1 0 2552 95 15 0 0 0 144 0 0 0 20 0 21 11 1 29 6 0 129 0 0 15 0 0 0 0 138 0 0 0 242 0 0 0 19 0 0 0 0 0 0
12 13 0 0 10 28 17 24 22 33 0 27 319 197 12 0 22 1288 690 3 0 8 1 9 18 1115 21 4 209 11 70 95 0 1371 0 11 0 0 0 0 0 1 0 0 65 1 291 0 0 0 0 6 0 0 0 1 0 0 65 66 40 0 1 0 11 4 0 2
1 0 0 749 16 2922 8 229 291 1788 27 0 0 25 1003 0 0 2 1 2148 1 1 0 362 0 0 2 60 23 0 0 2 0 68 0 0 0 66 1 101 3 5 7 59 3 691 0 0 60 0 0 0 0 98 0 0 0 61 0 0 0 17 0 0 0 0 0 0
0 135 0 1 0 1 0 2 22 0 319 0 0 2 3 1 0 0 0 0 0 67 0 34 1110 224 554 0 6 0 289 15 0 291 0 8 0 0 0 2 0 1 1 1 138 0 1391 1 0 0 0 2 0 0 0 2 0 0 513 35 119 0 1 0 20 7 0 1
961 2 142 6 2 159 1615 2296 8 536 197 25 2 0 12 0 113 59 55 7 14 0 88 29 0 55 14 84 2780 736 0 156 1 182 0 0 0 0 4 43 2 11 10 0 3 5 1 3 2 3 0 0 0 0 0 1 0 13 0 0 0 16 0 0 0 3 0 5
0 1 8 75 533 1615 13 71 107 56 12 1003 3 12 0 5 12 0 1 48 27 1 20 178 0 2 5 98 23 76 0 8 1 63 0 0 0 13 1 24 0 3 9 24 0 77 0 0 22 0 0 0 0 28 2 0 0 15 0 0 0 4 0 1 0 0 0 5
0 5 0 1 0 0 1 0 1 0 0 0 1 0 5 0 0 0 0 0 421 991 1031 1151 0 2 874 214 0 2 0 0 0 6 0 2 1 0 0 0 0 0 29 0 0 0 0 0 0 1195 1 0 0 0 80 180 474 73 1 0 82 17 1 11 0 0 0 0
25 1 605 1 0 3 20 90 6 1 22 0 0 113 12 0 0 12 1895 0 37 0 1536 7 0 1399 485 18 170 281 0 0 24 1278 0 2 9 0 0 0 0 0 5 0 0 0 0 0 0 4 0 0 0 0 0 1 0 2 0 8 31 0 0 0 0 0 0 0
7 0 0 0 1 6 3 1 0 0 1288 2 0 59 0 0 12 0 697 0 0 0 1 0 0 535 1 0 27 1 0 0 2 86 0 1 0 0 0 0 0 0 0 0 0 0 10 0 0 0 0 0 0 0 0 0 0 0 3 0 8 0 0 0 0 0 0 0
15 2 26 0 0 1 7 2 3 4 690 1 0 55 1 0 1895 697 0 0 5 0 24 1 0 1477 178 1 65 29 0 0 18 1017 0 7 1 0 0 0 0 0 0 0 0 0 5 0 0 0 0 0 0 0 0 0 0 0 2 14 31 0 0 0 0 0 0 0
1 0 0 3696 4 84 5 21 102 1301 3 2148 0 7 48 0 0 0 0 0 0 0 0 272 0 0 0 329 5 1 0 1 0 11 0 0 0 119 0 18 14 2 7 57 1 146 0 0 11 0 0 0 0 157 0 0 0 160 0 0 0 50 0 0 0 0 0 1
0 0 101 0 0 1 11 9 0 0 0 1 0 14 27 421 37 0 5 0 0 5 6802 43 0 4 40 995 44 3159 0 0 33 1527 0 0 0 0 0 2 4 0 15 0 0 1 0 0 0 112 0 0 0 1 82 9 19 65 0 0 8 56 0 47 0 0 0 1
0 431 2 15 0 1 1 0 522 0 8 1 67 0 1 991 0 0 0 0 5 0 5 851 113 9 1048 21 0 0 0 1 0 27 0 14 3 1 0 0 0 0 101 1 0 0 2 0 1 67 0 0 0 0 7 374 5 96 3 6 70 4 0 3 0 0 0 0
15 0 2292 0 0 5 80 80 7 4 1 0 0 88 20 1031 1536 1 24 0 6802 5 0 42 0 146 2510 377 58 745 0 0 11 1692 0 2 17 0 0 1 0 1 5 0 0 0 0 0 0 450 0 0 0 0 37 14 300 22 0 0 99 6 0 9 0 0 0 2
0 117 15 1277 30 66 40 35 1608 184 9 362 34 29 178 1151 7 0 1 272 43 851 42 0 82 6 894 1551 21 32 0 1 0 34 0 9 0 64 1 29 46 15 196 68 0 42 1 0 5 103 0 0 0 45 33 36 8 689 1 0 28 237 3 16 0 0 0 7
0 531 0 3 0 0 0 0 46 0 18 0 1110 0 0 0 0 0 0 0 0 113 0 82 0 21 1090 0 0 0 8 1 0 95 0 74 0 0 1 0 0 0 5 0 53 0 41 0 0 0 0 0 0 0 0 6 0 3 151 4 57 0 0 0 1 4 0 0
14 8 2115 0 0 1 19 12 14 1 1115 0 224 55 2 2 1399 535 1477 0 4 9 146 6 21 0 3744 6 42 16 271 1 6 290 0 106 23 0 0 0 0 0 1 0 14 0 410 0 0 3 4 0 3 0 0 7 1 1 146 342 816 0 0 0 28 0 0 1
0 1582 3072 8 0 1 9 0 357 0 21 2 554 14 5 874 485 1 178 0 40 1048 2510 894 1090 3744 0 229 19 12 34 0 5 846 0 796 225 0 0 0 0 0 16 0 6 0 163 0 0 797 33 1 10 0 2 179 311 43 419 397 5308 1 0 0 9 0 0 11
11 0 91 712 7 90 4110 119 120 2552 4 60 0 84 98 214 18 0 1 329 995 21 377 1551 0 6 229 0 94 1206 0 0 7 166 0 0 1 6 0 30 39 11 71 0 0 32 0 0 4 58 0 0 0 61 29 6 13 398 0 0 13 216 8 57 0 0 1 6
1561 2 20 12 0 43 237 96 13 95 209 23 6 2780 23 0 170 27 65 5 44 0 58 21 0 42 19 94 0 1982 0 95 861 1276 0 0 0 0 0 15 1 9 3 0 1 1 1 2 3 1 0 0 0 1 1 0 2 14 0 0 1 8 0 2 0 1 0 2
262 0 103 3 1 15 2239 190 11 15 11 0 0 736 76 2 281 1 29 1 3159 0 745 32 0 16 12 1206 1982 0 0 0 374 981 0 0 1 0 0 3 5 1 7 0 0 2 0 0 3 15 0 0 0 0 24 3 6 38 0 0 4 41 1 23 0 0 0 0
0 0 0 0 0 0 0 0 0 0 70 0 289 0 0 0 0 0 0 0 0 0 0 0 8 271 34 0 0 0 0 0 0 0 0 0 0 0 0 0 0 0 0 0 3 0 84 0 0 0 0 0 0 0 0 0 0 0 19 4 15 0 0 0 3 0 0 0
0 2 0 2 174 24 0 1 6 0 95 2 15 156 8 0 0 0 0 1 0 1 0 1 1 1 0 0 95 0 0 0 0 859 0 0 0 0 4 12 0 7 1 0 2 0 3 1 0 0 0 0 0 0 0 0 0 0 0 0 0 0 0 0 0 1 0 6
1 0 1 0 0 1 3 0 1 0 0 0 0 1 1 0 24 2 18 0 33 0 11 0 0 6 5 7 861 374 0 0 0 437 0 0 0 0 0 0 0 0 0 0 1 0 0 0 0 0 0 0 0 0 0 0 0 3 0 0 0 0 0 2 0 0 0 0
20 107 104 17 82 159 46 72 52 144 1371 68 291 182 63 6 1278 86 1017 11 1527 27 1692 34 95 290 846 166 1276 981 0 859 437 0 0 57 5 2 10 58 20 27 24 8 246 19 79 4 33 8 1 0 0 3 13 13 10 41 15 5 59 49 5 20 0 5 0 148
0 0 0 0 0 0 0 0 0 0 0 0 0 0 0 0 0 0 0 0 0 0 0 0 0 0 0 0 0 0 0 0 0 0 0 0 41 1 0 4 810 119 0 18 11 2 0 2497 1 0 19 3 18 0 2 0 4 1 0 79 5 3 1179 685 0 0 5 47
0 215 5 3 0 0 0 0 6 0 11 0 8 0 0 2 2 1 7 0 0 14 2 9 74 106 796 0 0 0 0 0 0 57 0 0 1 11 0 0 2 0 156 0 131 7 10 0 4 23 0 1 1 0 0 397 2 144 721 10 1410 4 0 5 0 0 0 10
0 1 84 0 0 0 0 0 1 0 0 0 0 0 0 1 9 0 1 0 0 3 17 0 0 23 225 1 0 1 0 0 0 5 41 1 0 2 0 8 468 169 1 16 0 1 0 126 2 1 1205 0 2 0 18 0 1506 5 0 1576 2727 57 7 51 0 0 0 9
0 0 0 382 1 18 7 2 58 20 0 66 0 0 13 0 0 0 0 119 0 1 0 64 0 0 0 6 0 0 0 0 0 2 1 11 2 0 10 62 24 9 141 1008 1 1106 0 1 163 2 0 0 0 2690 0 8 6 1333 0 0 3 905 0 0 0 0 0 22
0 0 0 0 0 4 0 2 0 0 0 1 0 4 1 0 0 0 0 0 0 0 0 1 1 0 0 0 0 0 0 4 0 10 0 0 0 10 0 952 0 30 37 3 69 26 8 0 1142 0 0 0 0 1 0 0 0 16 1 0 0 6 0 0 0 455 0 163
0 0 0 24 2 153 18 34 8 21 0 101 2 43 24 0 0 0 0 18 2 0 1 29 0 0 0 30 15 3 0 12 0 58 4 0 8 62 952 0 292 2955 50 2574 111 4009 12 151 1978 0 1 3 1 117 0 1 7 59 3 4 1 60 43 8 1 224 0 150
0 0 0 11 0 12 26 18 15 11 0 3 0 2 0 0 0 0 0 14 4 0 0 46 0 0 0 39 1 5 0 0 0 20 810 2 468 24 0 292 0 576 29 1751 16 38 1 2000 37 7 40 0 12 17 42 0 424 167 0 116 32 4613 109 2557 0 0 7 136
0 0 0 2 2 22 4 7 8 1 1 5 1 11 3 0 0 0 0 2 0 0 1 15 0 0 0 11 9 1 0 7 0 27 119 0 169 9 30 2955 576 0 19 896 127 250 16 2567 190 1 20 2 2 18 1 0 26 24 1 65 4 25 49 87 0 109 0 116
1 7 6 55 1 6 17 7 485 29 0 7 1 10 9 29 5 0 0 7 15 101 5 196 5 1 16 71 3 7 0 1 0 24 0 156 1 141 37 50 29 19 0 89 61 359 6 2 215 8 1 0 2 64 2 492 1 2098 146 2 109 82 1 1 0 1 1 9
0 0 0 12 0 17 4 0 38 6 0 59 1 0 24 0 0 0 0 57 0 1 0 68 0 0 0 0 0 0 0 0 0 8 18 0 16 1008 3 2574 1751 896 89 0 9 2298 0 585 51 3 0 0 0 1904 1 2 13 164 0 0 3 1678 36 4 0 0 0 120
0 4 0 0 0 2 0 0 1 0 65 3 138 3 0 0 0 0 0 1 0 0 0 0 53 14 6 0 1 0 3 2 1 246 11 131 0 1 69 111 16 127 61 9 0 31 1107 216 34 0 35 685 850 5 4 68 4 20 481 623 16 4 334 11 48 230 0 1647
0 0 0 48 9 114 8 22 34 129 1 691 0 5 77 0 0 0 0 146 1 0 0 42 0 0 0 32 1 2 0 0 0 19 2 7 1 1106 26 4009 38 250 359 2298 31 0 2 29 1165 0 0 1 0 2428 0 6 3 526 2 1 4 59 10 0 1 1 0 136
0 10 0 0 0 1 0 1 0 0 291 0 1391 1 0 0 0 10 5 0 0 2 0 1 41 410 163 0 1 0 84 3 0 79 0 10 0 0 8 12 1 16 6 0 1107 2 0 6 12 1 0 3 1 2 0 4 1 2 829 239 757 2 22 2 676 70 0 144
0 0 0 0 0 3 0 0 1 0 0 0 1 3 0 0 0 0 0 0 0 0 0 0 0 0 0 0 2 0 0 1 0 4 2497 0 126 1 0 151 2000 2567 2 585 216 29 6 0 4 0 18 6 9 13 6 0 34 3 1 41 4 12 2534 340 0 35 0 233
0 0 0 1 2 20 1 9 13 15 0 60 0 2 22 0 0 0 0 11 0 1 0 5 0 0 0 4 3 3 0 0 0 33 1 4 2 163 1142 1978 37 190 215 51 34 1165 12 4 0 4 0 0 0 64 26 1 9 265 1 0 10 93 2 47 0 11 0 32
0 3 14 1 0 0 0 0 5 0 0 0 0 3 0 1195 4 0 0 0 112 67 450 103 0 3 797 58 1 15 0 0 0 8 0 23 1 2 0 0 7 1 8 3 0 0 1 0 4 0 1 0 1 0 814 956 1195 1420 3 2 1232 218 0 4 0 0 0 4
0 0 11 0 0 0 0 0 0 0 0 0 0 0 0 1 0 0 0 0 0 0 0 0 0 4 33 0 0 0 0 0 0 1 19 0 1205 0 0 1 40 20 1 0 35 0 0 18 0 1 0 17 1400 0 37 3 1399 0 0 1298 256 11 32 273 0 0 0 1027
0 0 0 0 0 0 0 0 0 0 6 0 2 0 0 0 0 0 0 0 0 0 0 0 0 0 1 0 0 0 0 0 0 0 3 1 0 0 0 3 0 2 0 0 685 1 3 6 0 0 17 0 890 0 0 0 3 1 0 128 8 0 1 5 0 0 0 93
0 0 0 0 0 0 0 0 0 0 0 0 0 0 0 0 0 0 0 0 0 0 0 0 0 3 10 0 0 0 0 0 0 0 18 1 2 0 0 1 12 2 2 0 850 0 1 9 0 1 1400 890 0 0 18 0 47 0 0 1215 105 2 118 226 0 0 4 849
0 0 0 284 2 35 3 1 21 138 0 98 0 0 28 0 0 0 0 157 1 0 0 45 0 0 0 61 1 0 0 0 0 3 0 0 0 2690 1 117 17 18 64 1904 5 2428 2 13 64 0 0 0 0 0 0 0 0 239 0 0 0 79 5 0 0 0 0 23
0 0 0 0 0 0 0 0 0 0 0 0 0 0 2 80 0 0 0 0 82 7 37 33 0 0 2 29 1 24 0 0 0 13 2 0 18 0 0 0 42 1 2 1 4 0 0 6 26 814 37 0 18 0 0 2 5668 34 0 2 9 1447 45 2901 0 0 15 1301
0 89 3 8 0 0 0 1 11 0 1 0 2 1 0 180 1 0 0 0 9 374 14 36 6 7 179 6 0 3 0 0 0 13 0 397 0 8 0 1 0 0 492 2 68 6 4 0 1 956 3 0 0 0 2 0 22 520 123 3 868 4 0 0 0 0 0 2
0 0 24 0 0 0 0 0 4 0 0 0 0 0 0 474 0 0 0 0 19 5 300 8 0 1 311 13 2 6 0 0 0 10 4 2 1506 6 0 7 424 26 1 13 4 3 1 34 9 1195 1399 3 47 0 5668 22 0 42 0 83 1912 345 12 502 0 0 1 910
0 10 5 214 4 22 58 38 215 242 0 61 0 13 15 73 2 0 0 160 65 96 22 689 3 1 43 398 14 38 0 0 3 41 1 144 5 1333 16 59 167 24 2098 164 20 526 2 3 265 1420 0 1 0 239 34 520 42 0 80 0 325 2423 8 2 0 0 1 22
0 36 0 0 0 0 0 0 4 0 65 0 513 0 0 1 0 3 2 0 0 3 0 1 151 146 419 0 0 0 19 0 0 15 0 721 0 0 1 3 0 1 146 0 481 2 829 1 1 3 0 0 0 0 0 123 0 80 0 1 916 0 5 0 0 22 0 23
0 27 20 0 0 0 0 0 0 0 66 0 35 0 0 0 8 0 14 0 0 6 0 0 4 342 397 0 0 0 4 0 0 5 79 10 1576 0 0 4 116 65 2 0 623 1 239 41 0 2 1298 128 1215 0 2 3 83 0 1 0 3314 7 14 140 87 0 0 77
0 238 287 2 0 0 0 0 6 0 40 0 119 0 0 82 31 8 31 0 8 70 99 28 57 816 5308 13 1 4 15 0 0 59 5 1410 2727 3 0 1 32 4 109 3 16 4 757 4 10 1232 256 8 105 0 9 868 1912 325 916 3314 0 58 6 32 67 0 1 167
0 0 1 27 1 14 38 39 72 19 0 17 0 16 4 17 0 0 0 50 56 4 6 237 0 0 1 216 8 41 0 0 0 49 3 4 57 905 6 60 4613 25 82 1678 4 59 2 12 93 218 11 0 2 79 1447 4 345 2423 0 7 58 0 15 943 0 0 2 63
0 0 0 0 0 1 0 0 2 0 1 0 1 0 0 1 0 0 0 0 0 0 0 3 0 0 0 8 0 1 0 0 0 5 1179 0 7 0 0 43 109 49 1 36 334 10 22 2534 2 0 32 1 118 5 45 0 12 8 5 14 6 15 0 1189 0 321 1400 1505
0 0 0 0 0 2 1 0 1 0 0 0 0 0 1 11 0 0 0 0 47 3 9 16 0 0 0 57 2 23 0 0 2 20 685 5 51 0 0 8 2557 87 1 4 11 0 2 340 47 4 273 5 226 0 2901 0 502 2 0 140 32 943 1189 0 0 0 191 1338
0 0 0 0 0 0 0 0 0 0 11 0 20 0 0 0 0 0 0 0 0 0 0 0 1 28 9 0 0 0 3 0 0 0 0 0 0 0 0 1 0 0 0 0 48 1 676 0 0 0 0 0 0 0 0 0 0 0 0 87 67 0 0 0 0 1 0 1
0 0 0 0 0 4 0 0 0 0 4 0 7 3 0 0 0 0 0 0 0 0 0 0 4 0 0 0 1 0 0 1 0 5 0 0 0 0 455 224 0 109 1 0 230 1 70 35 11 0 0 0 0 0 0 0 0 0 22 0 0 0 321 0 1 0 0 527
0 0 0 0 0 0 0 0 0 0 0 0 0 0 0 0 0 0 0 0 0 0 0 0 0 0 0 1 0 0 0 0 0 0 5 0 0 0 0 0 7 0 1 0 0 0 0 0 0 0 0 0 4 0 15 0 1 1 0 0 1 2 1400 191 0 0 0 333
0 0 0 0 0 5 0 6 1 0 2 0 1 5 5 0 0 0 0 1 1 0 2 7 0 1 11 6 2 0 0 6 0 148 47 10 9 22 163 150 136 116 9 120 1647 136 144 233 32 4 1027 93 849 23 1301 2 910 22 23 77 167 63 1505 1338 1 527 333 0
