0 0 5 2 0 4 589 188 2 23 3 0 4 1604 0 0 103 4 29 0 0 0 29 2 0 37 1 15 1082 154 0 0 0 23 0 0 0 0 0 1 0 0 0 0 0 0 0 0 0 0 0 0 0 0 0 0 0 1 0 0 0 0 0 0 0 0 0 1
0 0 0 1 0 0 0 0 38 0 32 0 161 0 6 0 2 0 1 0 2 435 1 106 429 6 1938 0 0 1 0 1 0 4 0 136 2 0 0 0 0 0 2 0 0 0 3 0 0 0 1 0 0 0 0 16 0 1 2 4 313 0 0 0 0 0 0 0
5 0 0 0 0 3 74 83 0 29 0 0 0 37 1 0 1297 0 59 0 38 0 2250 0 0 1719 2882 52 2 3 0 0 0 115 0 0 21 0 0 0 0 0 0 0 0 0 0 0 0 3 1 0 0 0 0 1 2 0 0 2 101 0 0 0 0 0 0 0
2 1 0 0 30 77 2 10 151 544 0 780 13 19 48 0 0 0 0 2578 0 0 0 1015 0 0 1 1229 22 0 0 0 0 14 0 0 0 37 0 13 0 0 49 2 0 68 0 0 19 0 0 0 0 25 0 1 0 51 0 0 0 2 0 0 0 0 0 0
0 0 0 30 0 321 0 1 81 23 45 53 132 0 780 0 0 0 0 12 3 4 4 101 0 0 1 15 0 0 0 192 0 179 0 0 0 0 2 2 0 0 3 0 0 2 0 0 9 0 0 0 0 2 0 0 0 0 0 0 0 1 0 0 0 0 0 0
4 0 3 77 321 0 26 1922 84 1906 30 2647 67 65 709 0 0 8 1 70 0 1 21 71 0 5 2 94 17 1 0 15 0 11 0 0 0 3 0 16 4 16 3 1 0 15 0 8 2 0 0 0 0 7 0 0 0 11 0 0 0 59 1 1 0 0 0 2
589 0 74 2 0 26 0 105 1 1399 0 7 2 533 17 0 127 4 9 0 7 0 339 32 0 27 2 3328 211 2186 0 0 4 42 0 0 0 0 0 0 0 0 0 1 0 0 0 0 0 0 0 0 0 1 0 0 0 1 0 0 0 0 0 0 0 0 0 0
188 0 83 10 1 1922 105 0 20 564 24 138 25 2048 16 0 75 4 9 22 2 0 162 15 0 16 4 82 27 9 0 20 0 15 0 0 0 0 0 9 0 5 4 0 0 4 0 2 3 0 0 0 0 1 0 0 0 12 0 0 0 5 2 0 0 0 0 3
2 38 0 151 81 84 1 20 0 106 26 218 158 6 167 0 0 0 0 51 6 487 0 2166 69 5 187 53 8 2 0 7 0 8 0 5 0 28 2 6 1 0 247 65 0 21 1 0 3 5 0 0 0 13 2 6 6 53 0 0 1 31 0 0 0 1 0 4
23 0 29 544 23 1906 1399 564 106 0 14 1563 41 523 56 0 6 3 1 1010 1 1 38 80 0 5 1 1463 203 1 0 0 0 138 0 0 0 1 0 7 1 0 49 2 0 129 0 0 47 0 0 0 0 9 0 0 0 115 0 0 0 12 0 0 0 0 0 0
3 32 0 0 45 30 0 24 26 14 0 58 734 110 14 0 54 1529 159 4 0 21 5 2 42 1189 14 4 234 1 41 136 2 1041 0 1 0 0 2 0 0 0 0 0 61 0 70 0 0 0 0 0 0 0 0 0 0 0 36 5 20 0 1 0 4 6 0 0
0 0 0 780 53 2647 7 138 218 1563 58 0 52 44 630 0 0 21 2 1630 0 0 0 275 1 7 1 46 42 0 0 0 0 28 0 0 0 7 0 20 1 0 17 58 0 155 0 1 8 0 0 0 0 14 0 0 0 4 0 0 0 9 0 0 0 0 0 1
4 161 0 13 132 67 2 25 158 41 734 52 0 47 15 5 0 44 3 15 1 63 8 32 1060 88 658 19 68 0 239 101 1 173 0 33 1 1 3 9 1 13 27 2 96 14 728 1 12 0 0 0 0 11 0 4 0 4 252 20 163 8 2 0 38 6 0 50
1604 0 37 19 0 65 533 2048 6 523 110 44 47 0 9 0 292 29 30 12 0 0 122 3 0 67 3 80 2269 143 0 114 1 79 0 0 0 0 0 4 0 5 1 0 0 1 0 0 0 0 0 0 0 0 0 0 0 0 0 0 0 2 0 0 0 0 0 2
0 6 1 48 780 709 17 16 167 56 14 630 15 9 0 0 0 0 0 20 11 8 4 181 0 0 21 77 9 3 0 14 0 3 0 0 0 4 2 2 0 0 7 14 0 9 0 0 11 0 0 0 0 5 0 0 2 2 0 1 2 0 0 0 0 0 0 1
0 0 0 0 0 0 0 0 0 0 0 0 5 0 0 0 0 0 0 0 475 447 882 398 0 0 638 126 0 0 0 0 0 2 0 0 2 0 0 0 0 0 0 0 0 0 0 0 0 718 0 0 0 0 6 32 188 129 1 0 37 52 2 3 0 0 0 1
103 2 1297 0 0 0 127 75 0 6 54 0 0 292 0 0 0 34 1153 0 46 0 2248 0 0 922 306 22 178 213 0 0 20 1465 0 4 6 0 0 0 0 0 0 0 0 0 0 0 0 0 1 0 0 0 0 0 0 0 0 1 43 0 0 0 0 0 0 0
4 0 0 0 0 8 4 4 0 3 1529 21 44 29 0 0 34 0 706 0 0 0 2 0 0 445 3 0 42 0 0 1 0 158 0 0 0 0 0 0 0 0 0 0 0 0 0 0 0 0 0 0 0 0 0 0 0 0 0 0 0 0 0 0 1 0 0 0
29 1 59 0 0 1 9 9 0 1 159 2 3 30 0 0 1153 706 0 0 24 0 10 0 0 1876 50 3 48 18 0 0 5 426 0 0 1 0 0 0 0 0 0 0 0 0 0 0 0 0 1 0 0 0 0 0 0 0 0 2 10 0 0 0 0 0 0 0
0 0 0 2578 12 70 0 22 51 1010 4 1630 15 12 20 0 0 0 0 0 0 0 0 107 0 0 0 81 15 0 0 0 0 9 0 0 0 34 1 35 1 0 15 7 0 57 0 0 14 0 0 0 0 41 0 0 0 15 0 0 0 1 0 0 0 0 0 0
0 2 38 0 3 0 7 2 6 1 0 0 1 0 11 475 46 0 24 0 0 1 5762 7 0 17 33 1123 5 2395 0 0 19 1082 0 0 0 0 0 0 0 0 1 0 0 0 0 0 0 18 0 0 0 0 0 2 2 41 0 0 1 22 1 1 0 0 0 3
0 435 0 0 4 1 0 0 487 1 21 0 63 0 8 447 0 0 0 0 1 0 2 1418 78 1 698 14 0 0 0 0 0 0 0 8 1 0 0 0 0 0 47 0 1 0 0 0 0 116 1 0 0 0 0 287 10 56 1 1 121 23 1 0 0 0 0 0
29 1 2250 0 4 21 339 162 0 38 5 0 8 122 4 882 2248 2 10 0 5762 2 0 27 0 49 1875 675 8 409 0 0 2 1371 0 0 30 0 0 0 0 0 0 0 0 0 0 0 0 212 0 0 0 0 2 7 128 17 0 1 166 7 0 1 0 0 0 0
2 106 0 1015 101 71 32 15 2166 80 2 275 32 3 181 398 0 0 0 107 7 1418 27 0 60 0 430 1516 22 1 0 1 0 16 2 2 0 40 1 20 5 0 166 189 0 55 0 3 7 95 0 0 0 47 3 29 13 475 0 0 18 210 9 6 0 0 3 30
0 429 0 0 0 0 0 0 69 0 42 1 1060 0 0 0 0 0 0 0 0 78 0 60 0 3 1227 0 0 0 2 1 0 0 0 77 0 0 1 0 0 0 2 0 24 0 56 0 0 0 0 0 0 0 0 0 0 0 219 4 149 0 2 0 3 3 0 1
37 6 1719 0 0 5 27 16 5 5 1189 7 88 67 0 0 922 445 1876 0 17 1 49 0 3 0 3560 7 44 7 254 0 1 354 0 28 3 0 0 0 0 0 0 0 5 0 93 0 0 0 1 0 0 0 0 0 0 0 29 95 517 0 0 0 24 0 0 2
1 1938 2882 1 1 2 2 4 187 1 14 1 658 3 21 638 306 3 50 0 33 698 1875 430 1227 3560 0 141 8 2 248 0 1 472 0 237 198 0 0 0 0 0 0 0 8 0 199 0 1 354 14 0 0 0 1 91 280 10 136 213 4656 5 1 0 28 0 0 1
15 0 52 1229 15 94 3328 82 53 1463 4 46 19 80 77 126 22 0 3 81 1123 14 675 1516 0 7 141 0 261 2216 0 0 29 248 1 0 0 0 0 9 1 0 40 0 0 60 0 0 5 40 0 0 0 34 2 8 2 208 0 0 1 88 3 5 0 0 1 13
1082 0 2 22 0 17 211 27 8 203 234 42 68 2269 9 0 178 42 48 15 5 0 8 22 0 44 8 261 0 958 0 208 1402 1454 0 0 0 0 0 4 0 5 5 1 0 1 0 2 3 1 0 0 0 0 0 0 0 4 0 0 0 0 2 1 0 0 2 0
154 1 3 0 0 1 2186 9 2 1 1 0 0 143 3 0 213 0 18 0 2395 0 409 1 0 7 2 2216 958 0 0 0 219 796 0 0 0 0 0 0 0 0 0 0 0 0 0 0 0 0 0 0 0 0 0 0 0 2 0 0 1 2 0 0 0 0 0 0
0 0 0 0 0 0 0 0 0 0 41 0 239 0 0 0 0 0 0 0 0 0 0 0 2 254 248 0 0 0 0 0 0 1 0 2 0 0 0 0 0 0 0 0 10 0 77 0 0 0 0 0 0 0 0 0 0 0 18 4 41 0 0 0 11 0 0 0
0 1 0 0 192 15 0 20 7 0 136 0 101 114 14 0 0 1 0 0 0 0 0 1 1 0 0 0 208 0 0 0 0 254 0 0 0 0 0 2 0 0 0 0 0 0 0 0 0 0 0 0 0 0 0 0 0 0 0 0 0 0 0 0 0 0 0 0
0 0 0 0 0 0 4 0 0 0 2 0 1 1 0 0 20 0 5 0 19 0 2 0 0 1 1 29 1402 219 0 0 0 596 0 0 0 0 0 0 0 0 0 0 0 0 0 0 0 0 0 0 0 0 0 0 0 0 0 0 0 1 0 0 0 0 0 0
23 4 115 14 179 11 42 15 8 138 1041 28 173 79 3 2 1465 158 426 9 1082 0 1371 16 0 354 472 248 1454 796 1 254 596 0 0 7 5 0 0 3 1 2 1 0 0 2 2 0 5 1 0 0 0 0 0 0 0 23 1 2 43 26 2 1 0 0 0 0
0 0 0 0 0 0 0 0 0 0 0 0 0 0 0 0 0 0 0 0 0 0 0 2 0 0 0 1 0 0 0 0 0 0 0 0 0 1 0 1 301 31 1 2 4 1 0 890 0 0 0 3 15 0 1 0 1 1 0 5 0 12 997 95 0 0 0 20
0 136 0 0 0 0 0 0 5 0 1 0 33 0 0 0 4 0 0 0 0 8 0 2 77 28 237 0 0 0 2 0 0 7 0 0 1 0 3 0 2 0 54 0 5 0 27 0 14 2 0 0 0 0 0 431 0 80 415 1 1661 2 0 0 0 0 0 9
0 2 21 0 0 0 0 0 0 0 0 0 1 0 0 2 6 0 1 0 0 1 30 0 0 3 198 0 0 0 0 0 0 5 0 1 0 0 0 3 409 19 0 4 3 0 0 17 0 1 551 0 11 0 88 1 1661 4 0 2370 2497 114 1 3 0 0 0 77
0 0 0 37 0 3 0 0 28 1 0 7 1 0 4 0 0 0 0 34 0 0 0 40 0 0 0 0 0 0 0 0 0 0 1 0 0 0 11 56 2 4 64 1136 0 1004 0 4 19 0 0 0 0 1908 0 0 0 678 0 0 0 1287 9 0 0 0 1 23
0 0 0 0 2 0 0 0 2 0 2 0 3 0 2 0 0 0 0 1 0 0 0 1 1 0 0 0 0 0 0 0 0 0 0 3 0 11 0 381 0 3 120 24 105 8 13 2 801 0 0 0 0 9 0 11 0 106 14 0 0 11 1 0 0 291 0 217
1 0 0 13 2 16 0 9 6 7 0 20 9 4 2 0 0 0 0 35 0 0 0 20 0 0 0 9 4 0 0 2 0 3 1 0 3 56 381 0 109 2140 115 2359 33 2664 0 117 734 0 0 3 0 69 0 0 2 58 0 12 2 126 17 0 0 10 0 102
0 0 0 0 0 4 0 0 1 1 0 1 1 0 0 0 0 0 0 1 0 0 0 5 0 0 0 1 0 0 0 0 0 1 301 2 409 2 0 109 0 288 2 1069 2 33 0 1714 14 5 219 3 176 0 18 0 495 121 0 484 14 3914 313 2428 0 0 5 97
0 0 0 0 0 16 0 5 0 0 0 0 13 5 0 0 0 0 0 0 0 0 0 0 0 0 0 0 5 0 0 0 0 2 31 0 19 4 3 2140 288 0 41 712 38 108 3 2893 52 0 2 9 1 7 0 0 6 3 0 16 1 25 29 1 0 149 0 55
0 2 0 49 3 3 0 4 247 49 0 17 27 1 7 0 0 0 0 15 1 47 0 166 2 0 0 40 5 0 0 0 0 1 1 54 0 64 120 115 2 41 0 109 12 133 5 5 262 7 0 1 1 50 4 378 0 1555 55 6 203 54 6 3 0 0 0 18
0 0 0 2 0 1 1 0 65 2 0 58 2 0 14 0 0 0 0 7 0 0 0 189 0 0 0 0 1 0 0 0 0 0 2 0 4 1136 24 2359 1069 712 109 0 14 2196 0 832 51 1 0 0 0 943 0 2 3 167 0 1 2 1808 144 0 0 0 1 276
0 0 0 0 0 0 0 0 0 0 61 0 96 0 0 0 0 0 0 0 0 1 0 0 24 5 8 0 0 0 10 0 0 0 4 5 3 0 105 33 2 38 12 14 0 22 481 113 7 0 16 1257 508 3 2 3 3 3 128 609 1 2 347 15 9 260 0 1194
0 0 0 68 2 15 0 4 21 129 0 155 14 1 9 0 0 0 0 57 0 0 0 55 0 0 0 60 1 0 0 0 0 2 1 0 0 1004 8 2664 33 108 133 2196 22 0 0 81 461 0 0 7 1 2078 0 1 1 470 0 6 0 180 30 0 0 1 0 142
0 3 0 0 0 0 0 0 1 0 70 0 728 0 0 0 0 0 0 0 0 0 0 0 56 93 199 0 0 0 77 0 0 2 0 27 0 0 13 0 0 3 5 0 481 0 0 3 8 0 0 0 0 0 0 8 0 2 665 77 878 1 12 0 420 27 0 78
0 0 0 0 0 8 0 2 0 0 0 1 1 0 0 0 0 0 0 0 0 0 0 3 0 0 0 0 2 0 0 0 0 0 890 0 17 4 2 117 1714 2893 5 832 113 81 3 0 10 0 12 7 11 16 0 0 13 16 1 66 1 56 2156 161 0 89 1 69
0 0 0 19 9 2 0 3 3 47 0 8 12 0 11 0 0 0 0 14 0 0 0 7 0 0 1 5 3 0 0 0 0 5 0 14 0 19 801 734 14 52 262 51 7 461 8 10 0 2 0 2 0 16 10 13 4 222 0 4 6 81 4 0 0 5 0 32
0 0 3 0 0 0 0 0 5 0 0 0 0 0 0 718 0 0 0 0 18 116 212 95 0 0 354 40 1 0 0 0 0 1 0 2 1 0 0 0 5 0 7 1 0 0 0 0 2 0 2 0 0 0 507 439 738 1064 0 0 1449 303 1 0 0 0 0 2
0 1 1 0 0 0 0 0 0 0 0 0 0 0 0 0 1 0 1 0 0 1 0 0 0 1 14 0 0 0 0 0 0 0 0 0 551 0 0 0 219 2 0 0 16 0 0 12 0 2 0 2 572 0 13 0 1480 0 0 484 278 12 0 118 0 0 0 839
0 0 0 0 0 0 0 0 0 0 0 0 0 0 0 0 0 0 0 0 0 0 0 0 0 0 0 0 0 0 0 0 0 0 3 0 0 0 0 3 3 9 1 0 1257 7 0 7 2 0 2 0 822 0 0 0 1 0 0 205 0 0 17 13 0 1 1 100
0 0 0 0 0 0 0 0 0 0 0 0 0 0 0 0 0 0 0 0 0 0 0 0 0 0 0 0 0 0 0 0 0 0 15 0 11 0 0 0 176 1 1 0 508 1 0 11 0 0 572 822 0 0 7 0 16 2 0 2093 6 5 44 251 0 0 5 576
0 0 0 25 2 7 1 1 13 9 0 14 11 0 5 0 0 0 0 41 0 0 0 47 0 0 0 34 0 0 0 0 0 0 0 0 0 1908 9 69 0 7 50 943 3 2078 0 16 16 0 0 0 0 0 0 0 0 141 0 0 0 137 8 0 0 0 0 26
0 0 0 0 0 0 0 0 2 0 0 0 0 0 0 6 0 0 0 0 0 0 2 3 0 0 1 2 0 0 0 0 0 0 1 0 88 0 0 0 18 0 4 0 2 0 0 0 10 507 13 0 7 0 0 1 5666 27 0 4 34 1532 5 1483 0 0 1 876
0 16 1 1 0 0 0 0 6 0 0 0 4 0 0 32 0 0 0 0 2 287 7 29 0 0 91 8 0 0 0 0 0 0 0 431 1 0 11 0 0 0 378 2 3 1 8 0 13 439 0 0 0 0 1 0 32 1001 149 0 1069 33 0 1 0 0 0 3
0 0 2 0 0 0 0 0 6 0 0 0 0 0 2 188 0 0 0 0 2 10 128 13 0 0 280 2 0 0 0 0 0 0 1 0 1661 0 0 2 495 6 0 3 3 1 0 13 4 738 1480 1 16 0 5666 32 0 22 0 170 1239 578 3 189 0 0 0 566
1 1 0 51 0 11 1 12 53 115 0 4 4 0 2 129 0 0 0 15 41 56 17 475 0 0 10 208 4 2 0 0 0 23 1 80 4 678 106 58 121 3 1555 167 3 470 2 16 222 1064 0 0 2 141 27 1001 22 0 14 4 341 2174 27 4 0 0 1 42
0 2 0 0 0 0 0 0 0 0 36 0 252 0 0 1 0 0 0 0 0 1 0 0 219 29 136 0 0 0 18 0 0 1 0 415 0 0 14 0 0 0 55 0 128 0 665 1 0 0 0 0 0 0 0 149 0 14 0 3 718 0 5 0 2 8 0 78
0 4 2 0 0 0 0 0 0 0 5 0 20 0 1 0 1 0 2 0 0 1 1 0 4 95 213 0 0 0 4 0 0 2 5 1 2370 0 0 12 484 16 6 1 609 6 77 66 4 0 484 205 2093 0 4 0 170 4 3 0 1965 19 29 65 221 4 3 140
0 313 101 0 0 0 0 0 1 0 20 0 163 0 2 37 43 0 10 0 1 121 166 18 149 517 4656 1 0 1 41 0 0 43 0 1661 2497 0 0 2 14 1 203 2 1 0 878 1 6 1449 278 0 6 0 34 1069 1239 341 718 1965 0 162 3 1 231 0 1 171
0 0 0 2 1 59 0 5 31 12 0 9 8 2 0 52 0 0 0 1 22 23 7 210 0 0 5 88 0 2 0 0 1 26 12 2 114 1287 11 126 3914 25 54 1808 2 180 1 56 81 303 12 0 5 137 1532 33 578 2174 0 19 162 0 235 1006 0 1 24 375
0 0 0 0 0 1 0 2 0 0 1 0 2 0 0 2 0 0 0 0 1 1 0 9 2 0 1 3 2 0 0 0 0 2 997 0 1 9 1 17 313 29 6 144 347 30 12 2156 4 1 0 17 44 8 5 0 3 27 5 29 3 235 0 601 3 247 864 1121
0 0 0 0 0 1 0 0 0 0 0 0 0 0 0 3 0 0 0 0 1 0 1 6 0 0 0 5 1 0 0 0 0 1 95 0 3 0 0 0 2428 1 3 0 15 0 0 161 0 0 118 13 251 0 1483 1 189 4 0 65 1 1006 601 0 0 0 94 918
0 0 0 0 0 0 0 0 0 0 4 0 38 0 0 0 0 1 0 0 0 0 0 0 3 24 28 0 0 0 11 0 0 0 0 0 0 0 0 0 0 0 0 0 9 0 420 0 0 0 0 0 0 0 0 0 0 0 2 221 231 0 3 0 0 1 0 3
0 0 0 0 0 0 0 0 1 0 6 0 6 0 0 0 0 0 0 0 0 0 0 0 3 0 0 0 0 0 0 0 0 0 0 0 0 0 291 10 0 149 0 0 260 1 27 89 5 0 0 1 0 0 0 0 0 0 8 4 0 1 247 0 1 0 0 342
0 0 0 0 0 0 0 0 0 0 0 0 0 0 0 0 0 0 0 0 0 0 0 3 0 0 0 1 2 0 0 0 0 0 0 0 0 1 0 0 5 0 0 1 0 0 0 1 0 0 0 1 5 0 1 0 0 1 0 3 1 24 864 94 0 0 0 386
1 0 0 0 0 2 0 3 4 0 0 1 50 2 1 1 0 0 0 0 3 0 0 30 1 2 1 13 0 0 0 0 0 0 20 9 77 23 217 102 97 55 18 276 1194 142 78 69 32 2 839 100 576 26 876 3 566 42 78 140 171 375 1121 918 3 342 386 0
