0 0 27 4 0 10 601 100 0 61 3 5 0 1046 0 0 19 0 0 2 13 0 59 3 0 4 3 10 1038 296 0 1 3 23 0 0 0 0 0 0 0 1 0 0 0 0 0 0 0 0 0 0 0 0 0 0 0 0 0 0 0 0 0 0 0 0 0 0
0 0 0 0 2 0 0 1 58 0 6 0 175 0 7 8 1 0 1 0 1 351 0 72 281 4 1412 1 1 0 0 0 0 1 0 186 0 0 0 0 0 0 1 0 3 0 13 0 0 0 0 0 0 0 0 10 2 0 14 12 204 0 0 0 1 0 0 0
27 0 0 0 1 29 115 177 0 0 3 0 1 115 1 0 465 2 25 0 41 0 2675 7 1 1947 1914 32 13 14 0 0 1 205 0 3 13 0 0 0 0 0 0 0 0 0 0 0 0 3 5 0 0 0 0 2 5 0 0 50 143 1 0 0 0 0 0 1
4 0 0 0 8 15 12 7 79 659 0 1007 7 2 29 0 0 0 0 2837 0 0 0 741 0 0 0 1499 14 0 0 0 0 17 1 0 0 297 0 2 3 2 17 8 1 64 0 0 14 1 0 0 0 88 0 0 0 88 0 0 0 149 0 0 0 0 0 0
0 2 1 8 0 306 0 6 57 7 10 141 36 1 1010 1 0 0 0 7 8 2 15 17 0 0 3 13 0 0 0 74 0 296 0 0 0 0 1 2 0 1 0 0 4 4 0 0 0 0 0 0 0 1 0 0 0 1 0 0 1 0 0 0 0 0 0 1
10 0 29 15 306 0 743 2157 45 2422 13 4348 57 79 639 0 8 2 2 58 9 0 24 48 0 7 11 261 19 13 1 84 1 57 1 0 2 0 0 18 14 5 1 5 17 125 0 2 12 2 0 0 0 9 5 1 0 75 0 0 1 62 14 20 0 0 2 10
601 0 115 12 0 743 0 801 13 1861 5 148 13 1802 24 1 4 1 3 13 269 0 120 64 0 4 33 4059 220 1608 0 3 23 107 0 1 0 2 0 2 1 2 4 3 2 6 0 0 0 4 0 0 0 2 2 2 0 16 0 0 0 7 0 0 0 0 0 0
100 1 177 7 6 2157 801 0 7 331 4 307 12 2257 13 0 53 3 2 15 51 0 244 24 0 16 6 84 61 144 0 74 1 23 0 0 0 0 0 1 3 0 3 0 2 7 1 0 3 1 0 0 0 3 0 1 0 29 0 0 0 20 0 1 0 0 0 6
0 58 0 79 57 45 13 7 0 46 5 515 76 2 310 0 0 0 2 49 0 429 1 1632 98 3 213 142 23 0 0 13 2 20 1 7 0 16 0 5 6 2 182 9 2 28 1 1 8 0 0 0 0 4 1 15 1 107 4 0 3 67 0 1 0 0 0 4
61 0 0 659 7 2422 1861 331 46 0 9 2200 50 262 28 0 0 0 2 950 0 0 0 70 0 0 2 1189 167 0 0 6 2 147 0 0 0 14 0 4 3 0 32 3 9 92 0 0 12 0 0 0 0 80 0 1 0 221 0 0 0 65 0 0 0 0 0 0
3 6 3 0 10 13 5 4 5 9 0 29 761 18 3 0 91 1338 242 0 1 5 1 0 7 921 41 4 160 3 86 210 2 1021 0 2 0 0 0 0 0 0 0 0 111 1 181 0 0 0 0 0 0 0 0 1 0 0 6 11 13 0 3 0 27 7 0 1
5 0 0 1007 141 4348 148 307 515 2200 29 0 78 44 1084 0 0 3 7 1877 0 1 0 566 1 11 7 396 69 1 0 5 0 115 0 0 0 117 0 52 10 3 39 62 19 784 1 1 75 2 0 0 0 112 0 0 0 78 0 0 1 121 5 2 0 0 0 4
0 175 1 7 36 57 13 12 76 50 761 78 0 3 78 0 1 0 0 16 8 116 9 21 811 34 684 35 19 0 215 94 4 356 0 21 1 0 2 9 5 1 3 26 382 21 511 1 8 0 0 0 0 12 0 11 0 3 127 12 26 12 1 3 35 15 0 14
1046 0 115 2 1 79 1802 2257 2 262 18 44 3 0 0 0 87 1 7 8 70 1 282 5 1 21 7 53 1461 452 0 146 4 40 0 1 0 0 0 0 0 0 0 0 0 0 1 0 1 0 0 0 0 0 0 1 0 2 1 0 0 2 0 1 0 0 0 1
0 7 1 29 1010 639 24 13 310 28 3 1084 78 0 0 2 1 0 0 29 24 21 28 117 11 1 46 136 10 15 0 19 3 23 0 0 0 4 0 5 0 0 6 11 20 46 4 0 14 3 0 0 0 12 2 1 5 23 0 0 2 20 2 2 0 0 0 1
0 8 0 0 1 0 1 0 0 0 0 0 0 0 2 0 0 0 0 0 480 761 572 475 0 0 1053 32 1 1 0 0 0 4 0 0 3 0 0 0 1 0 0 0 0 0 0 1 0 403 0 0 0 0 66 40 271 31 0 1 113 10 0 1 0 0 0 3
19 1 465 0 0 8 4 53 0 0 91 0 1 87 1 0 0 72 1236 0 19 0 1212 2 0 656 282 2 124 198 0 1 13 1317 0 0 1 0 0 0 0 0 0 0 0 0 0 0 0 1 2 0 0 0 0 0 0 0 0 13 41 0 0 0 0 0 0 1
0 0 2 0 0 2 1 3 0 0 1338 3 0 1 0 0 72 0 686 0 0 0 0 0 0 521 5 1 16 0 1 2 2 63 0 0 0 0 0 0 0 0 0 0 0 0 3 0 0 0 0 0 0 0 0 0 0 0 1 2 1 0 0 0 1 0 0 0
0 1 25 0 0 2 3 2 2 2 242 7 0 7 0 0 1236 686 0 0 2 1 4 0 1 1623 56 2 31 2 2 0 7 333 0 0 1 0 0 0 0 0 0 0 0 0 0 0 0 0 0 0 0 0 0 1 0 0 0 4 7 0 0 0 1 0 0 0
2 0 0 2837 7 58 13 15 49 950 0 1877 16 8 29 0 0 0 0 0 0 1 0 372 0 0 0 329 25 0 0 2 1 23 0 0 0 137 0 6 4 0 10 93 1 79 0 0 12 0 0 0 0 113 0 1 1 115 0 0 0 261 0 0 0 0 0 0
13 1 41 0 8 9 269 51 0 0 1 0 8 70 24 480 19 0 2 0 0 14 5638 45 0 1 46 1535 45 2996 0 0 28 1453 0 0 3 0 0 0 0 0 0 0 0 1 0 0 0 105 0 0 0 0 75 5 44 41 0 0 18 12 0 19 0 0 0 1
0 351 0 0 2 0 0 0 429 0 5 1 116 1 21 761 0 0 1 1 14 0 1 1662 100 0 480 12 0 0 0 0 0 0 0 3 1 1 0 1 1 0 28 0 0 1 4 0 0 80 0 0 0 2 10 230 23 76 2 0 69 7 1 3 0 0 0 0
59 0 2675 0 15 24 120 244 1 0 1 0 9 282 28 572 1212 0 4 0 5638 1 0 88 0 424 1285 362 117 540 0 0 4 1496 0 0 35 0 0 0 0 0 1 0 0 0 0 0 1 178 3 0 0 0 12 12 347 9 0 2 547 9 0 4 0 0 0 8
3 72 7 741 17 48 64 24 1632 70 0 566 21 5 117 475 2 0 0 372 45 1662 88 0 68 1 499 2246 14 9 0 2 5 37 4 2 6 30 1 21 41 8 135 47 1 58 0 4 15 115 1 0 0 24 119 45 29 1072 2 0 35 329 22 46 0 0 6 32
0 281 1 0 0 0 0 0 98 0 7 1 811 1 11 0 0 0 1 0 0 100 0 68 0 4 1020 0 7 0 3 1 0 5 0 33 0 0 0 0 0 0 11 0 34 0 194 0 0 0 0 0 0 0 0 5 0 4 220 19 67 0 0 0 10 2 0 1
4 4 1947 0 0 7 4 16 3 0 921 11 34 21 1 0 656 521 1623 0 1 0 424 1 4 0 3532 2 37 4 163 0 3 139 0 7 3 0 0 0 0 0 0 0 7 0 95 0 0 2 0 0 1 0 0 1 0 0 38 168 386 0 0 0 26 0 0 4
3 1412 1914 0 3 11 33 6 213 2 41 7 684 7 46 1053 282 5 56 0 46 480 1285 499 1020 3532 0 135 27 6 205 0 6 509 0 315 91 0 0 0 1 0 3 0 5 1 312 0 0 139 28 3 2 0 3 86 192 21 187 397 3824 3 0 0 37 1 0 19
10 1 32 1499 13 261 4059 84 142 1189 4 396 35 53 136 32 2 1 2 329 1535 12 362 2246 0 2 135 0 115 1732 0 3 22 176 3 0 13 31 0 28 23 6 55 10 6 101 0 3 19 53 0 0 0 89 67 3 15 466 0 0 22 289 21 41 0 0 7 28
1038 1 13 14 0 19 220 61 23 167 160 69 19 1461 10 1 124 16 31 25 45 0 117 14 7 37 27 115 0 1662 3 195 1170 918 0 1 1 0 0 1 0 0 2 0 6 1 2 0 0 4 0 0 0 0 7 0 2 8 1 0 4 9 3 3 1 1 1 6
296 0 14 0 0 13 1608 144 0 0 3 1 0 452 15 1 198 0 2 0 2996 0 540 9 0 4 6 1732 1662 0 0 1 187 741 1 0 5 0 0 0 1 0 3 0 0 0 0 0 0 21 0 0 0 0 33 1 4 34 0 0 2 16 1 11 0 0 0 3
0 0 0 0 0 1 0 0 0 0 86 0 215 0 0 0 0 1 2 0 0 0 0 0 3 163 205 0 3 0 0 0 0 3 0 1 0 0 0 0 0 0 0 0 9 0 88 0 0 0 0 0 0 0 0 1 0 0 4 8 13 0 0 0 11 0 0 0
1 0 0 0 74 84 3 74 13 6 210 5 94 146 19 0 1 2 0 2 0 0 0 2 1 0 0 3 195 1 0 0 0 413 0 0 0 0 0 2 0 1 0 0 6 0 2 0 0 0 0 0 0 0 0 0 0 0 0 0 0 0 0 0 0 0 0 4
3 0 1 0 0 1 23 1 2 2 2 0 4 4 3 0 13 2 7 1 28 0 4 5 0 3 6 22 1170 187 0 0 0 747 0 0 2 0 0 0 0 0 0 0 0 0 0 0 0 1 0 0 0 0 8 0 0 4 4 0 0 3 0 0 0 0 1 0
23 1 205 17 296 57 107 23 20 147 1021 115 356 40 23 4 1317 63 333 23 1453 0 1496 37 5 139 509 176 918 741 3 413 747 0 0 2 11 0 0 0 3 0 4 0 13 6 9 1 1 24 1 0 1 0 29 4 30 43 9 17 118 24 4 12 2 1 1 13
0 0 0 1 0 1 0 0 1 0 0 0 0 0 0 0 0 0 0 0 0 0 0 4 0 0 0 3 0 1 0 0 0 0 0 0 11 0 0 9 668 59 0 15 6 3 3 1198 0 1 13 0 2 5 2 0 8 2 0 16 4 6 1105 364 1 1 3 21
0 186 3 0 0 0 1 0 7 0 2 0 21 1 0 0 0 0 0 0 0 3 0 2 33 7 315 0 1 0 1 0 0 2 0 0 0 0 0 0 0 0 88 0 43 0 42 0 9 6 0 0 0 0 0 227 0 56 345 2 1453 1 0 0 0 0 0 1
0 0 13 0 0 2 0 0 0 0 0 0 1 0 0 3 1 0 1 0 3 1 35 6 0 3 91 13 1 5 0 0 2 11 11 0 0 0 0 13 128 74 0 0 0 2 0 63 0 9 308 0 13 0 70 1 2481 4 1 1367 2536 44 5 68 0 0 0 74
0 0 0 297 0 0 2 0 16 14 0 117 0 0 4 0 0 0 0 137 0 1 0 30 0 0 0 31 0 0 0 0 0 0 0 0 0 0 2 20 3 11 60 1218 10 884 1 9 36 0 0 0 0 2765 0 1 0 670 1 0 2 2963 19 0 0 2 0 37
0 0 0 0 1 0 0 0 0 0 0 0 2 0 0 0 0 0 0 0 0 0 0 1 0 0 0 0 0 0 0 0 0 0 0 0 0 2 0 283 1 3 24 1 25 45 6 1 931 0 0 0 0 6 1 0 8 9 0 0 0 7 0 0 0 36 0 287
0 0 0 2 2 18 2 1 5 4 0 52 9 0 5 0 0 0 0 6 0 1 0 21 0 0 0 28 1 0 0 2 0 0 9 0 13 20 283 0 561 2237 72 992 46 2886 10 68 772 2 2 0 1 52 10 5 16 65 0 8 5 297 44 5 0 18 0 49
0 0 0 3 0 14 1 3 6 3 0 10 5 0 0 1 0 0 0 4 0 1 0 41 0 0 1 23 0 1 0 0 0 3 668 0 128 3 1 561 0 1400 11 2428 20 58 2 1209 34 10 47 0 3 15 192 0 243 126 0 48 40 4475 333 2187 0 2 31 152
1 0 0 2 1 5 2 0 2 0 0 3 1 0 0 0 0 0 0 0 0 0 0 8 0 0 0 6 0 0 0 1 0 0 59 0 74 11 3 2237 1400 0 14 586 24 295 2 2659 42 1 31 1 3 19 56 0 70 12 0 33 3 73 65 136 1 135 0 40
0 1 0 17 0 1 4 3 182 32 0 39 3 0 6 0 0 0 0 10 0 28 1 135 11 0 3 55 2 3 0 0 0 4 0 88 0 60 24 72 11 14 0 26 47 342 68 10 266 1 1 1 2 46 0 519 0 2710 109 3 116 146 18 1 0 8 1 35
0 0 0 8 0 5 3 0 9 3 0 62 26 0 11 0 0 0 0 93 0 0 0 47 0 0 0 10 0 0 0 0 0 0 15 0 0 1218 1 992 2428 586 26 0 43 1183 0 84 23 0 0 1 4 1989 0 0 0 47 0 0 0 1144 88 2 0 7 0 95
0 3 0 1 4 17 2 2 2 9 111 19 382 0 20 0 0 0 0 1 0 0 0 1 34 7 5 6 6 0 9 6 0 13 6 43 0 10 25 46 20 24 47 43 0 61 915 25 35 3 28 1658 230 23 8 9 4 21 154 557 20 27 156 12 34 397 0 1295
0 0 0 64 4 125 6 7 28 92 1 784 21 0 46 0 0 0 0 79 1 1 0 58 0 0 1 101 1 0 0 0 0 6 3 0 2 884 45 2886 58 295 342 1183 61 0 9 34 945 0 1 4 8 3579 2 0 1 498 0 14 5 576 45 2 0 2 0 77
0 13 0 0 0 0 0 1 1 0 181 1 511 1 4 0 0 3 0 0 0 4 0 0 194 95 312 0 2 0 88 2 0 9 3 42 0 1 6 10 2 2 68 0 915 9 0 6 6 0 1 3 0 0 0 23 0 13 791 44 644 2 13 0 340 59 1 33
0 0 0 0 0 2 0 0 1 0 0 1 1 0 0 1 0 0 0 0 0 0 0 4 0 0 0 3 0 0 0 0 0 1 1198 0 63 9 1 68 1209 2659 10 84 25 34 6 0 7 0 60 3 8 30 11 0 34 10 0 67 7 45 1306 401 2 24 3 75
0 0 0 14 0 12 0 3 8 12 0 75 8 1 14 0 0 0 0 12 0 0 1 15 0 0 0 19 0 0 0 0 0 1 0 9 0 36 931 772 34 42 266 23 35 945 6 7 0 1 0 0 0 27 16 14 5 261 14 1 18 103 8 2 0 7 0 30
0 0 3 1 0 2 4 1 0 0 0 2 0 0 3 403 1 0 0 0 105 80 178 115 0 2 139 53 4 21 0 0 1 24 1 6 9 0 0 2 10 1 1 0 3 0 0 0 1 0 7 0 0 0 649 767 1103 805 0 7 796 175 12 61 0 0 3 11
0 0 5 0 0 0 0 0 0 0 0 0 0 0 0 0 2 0 0 0 0 0 3 1 0 0 28 0 0 0 0 0 0 1 13 0 308 0 0 2 47 31 1 0 28 1 1 60 0 7 0 22 371 1 45 1 1344 2 0 405 270 8 32 280 0 0 1 1072
0 0 0 0 0 0 0 0 0 0 0 0 0 0 0 0 0 0 0 0 0 0 0 0 0 0 3 0 0 0 0 0 0 0 0 0 0 0 0 0 0 1 1 1 1658 4 3 3 0 0 22 0 253 1 0 0 3 1 1 289 5 1 10 7 1 0 0 148
0 0 0 0 0 0 0 0 0 0 0 0 0 0 0 0 0 0 0 0 0 0 0 0 0 1 2 0 0 0 0 0 0 1 2 0 13 0 0 1 3 3 2 4 230 8 0 8 0 0 371 253 0 2 7 0 6 1 0 1536 53 5 11 19 0 0 0 470
0 0 0 88 1 9 2 3 4 80 0 112 12 0 12 0 0 0 0 113 0 2 0 24 0 0 0 89 0 0 0 0 0 0 5 0 0 2765 6 52 15 19 46 1989 23 3579 0 30 27 0 1 1 2 0 0 0 0 254 0 1 1 703 29 0 0 2 0 43
0 0 0 0 0 5 2 0 1 0 0 0 0 0 2 66 0 0 0 0 75 10 12 119 0 0 3 67 7 33 0 0 8 29 2 0 70 0 1 10 192 56 0 0 8 2 0 11 16 649 45 0 7 0 0 28 5490 44 0 5 70 1635 28 2254 0 0 5 743
0 10 2 0 0 1 2 1 15 1 1 0 11 1 1 40 0 0 1 1 5 230 12 45 5 1 86 3 0 1 1 0 0 4 0 227 1 1 0 5 0 0 519 0 9 0 23 0 14 767 1 0 0 0 28 0 10 966 47 0 706 12 1 9 0 1 0 3
0 2 5 0 0 0 0 0 1 0 0 0 0 0 5 271 0 0 0 1 44 23 347 29 0 0 192 15 2 4 0 0 0 30 8 0 2481 0 8 16 243 70 0 0 4 1 0 34 5 1103 1344 3 6 0 5490 10 0 65 0 406 1242 198 7 503 0 0 1 1201
0 0 0 88 1 75 16 29 107 221 0 78 3 2 23 31 0 0 0 115 41 76 9 1072 4 0 21 466 8 34 0 0 4 43 2 56 4 670 9 65 126 12 2710 47 21 498 13 10 261 805 2 1 1 254 44 966 65 0 64 2 406 3447 28 28 0 0 2 51
0 14 0 0 0 0 0 0 4 0 6 0 127 1 0 0 0 1 0 0 0 2 0 2 220 38 187 0 1 0 4 0 4 9 0 345 1 1 0 0 0 0 109 0 154 0 791 0 14 0 0 1 0 0 0 47 0 64 0 12 867 0 0 0 3 5 0 0
0 12 50 0 0 0 0 0 0 0 11 0 12 0 0 1 13 2 4 0 0 0 2 0 19 168 397 0 0 0 8 0 0 17 16 2 1367 0 0 8 48 33 3 0 557 14 44 67 1 7 405 289 1536 1 5 0 406 2 12 0 2194 8 11 39 360 1 2 72
0 204 143 0 1 1 0 0 3 0 13 1 26 0 2 113 41 1 7 0 18 69 547 35 67 386 3824 22 4 2 13 0 0 118 4 1453 2536 2 0 5 40 3 116 0 20 5 644 7 18 796 270 5 53 1 70 706 1242 406 867 2194 0 105 5 26 164 1 0 273
0 0 1 149 0 62 7 20 67 65 0 121 12 2 20 10 0 0 0 261 12 7 9 329 0 0 3 289 9 16 0 0 3 24 6 1 44 2963 7 297 4475 73 146 1144 27 576 2 45 103 175 8 1 5 703 1635 12 198 3447 0 8 105 0 128 712 0 3 26 192
0 0 0 0 0 14 0 0 0 0 3 5 1 0 2 0 0 0 0 0 0 1 0 22 0 0 0 21 3 1 0 0 0 4 1105 0 5 19 0 44 333 65 18 88 156 45 13 1306 8 12 32 10 11 29 28 1 7 28 0 11 5 128 0 1207 5 86 1089 873
0 0 0 0 0 20 0 1 1 0 0 2 3 1 2 1 0 0 0 0 19 3 4 46 0 0 0 41 3 11 0 0 0 12 364 0 68 0 0 5 2187 136 1 2 12 2 0 401 2 61 280 7 19 0 2254 9 503 28 0 39 26 712 1207 0 0 0 333 1092
0 1 0 0 0 0 0 0 0 0 27 0 35 0 0 0 0 1 1 0 0 0 0 0 10 26 37 0 1 0 11 0 0 2 1 0 0 0 0 0 0 1 0 0 34 0 340 2 0 0 0 1 0 0 0 0 0 0 3 360 164 0 5 0 0 1 0 2
0 0 0 0 0 0 0 0 0 0 7 0 15 0 0 0 0 0 0 0 0 0 0 0 2 0 1 0 1 0 0 0 0 1 1 0 0 2 36 18 2 135 8 7 397 2 59 24 7 0 0 0 0 2 0 1 0 0 5 1 1 3 86 0 1 0 0 706
0 0 0 0 0 2 0 0 0 0 0 0 0 0 0 0 0 0 0 0 0 0 0 6 0 0 0 7 1 0 0 0 1 1 3 0 0 0 0 0 31 0 1 0 0 0 1 3 0 3 1 0 0 0 5 0 1 2 0 2 0 26 1089 333 0 0 0 339
0 0 1 0 1 10 0 6 4 0 1 4 14 1 1 3 1 0 0 0 1 0 8 32 1 4 19 28 6 3 0 4 0 13 21 1 74 37 287 49 152 40 35 95 1295 77 33 75 30 11 1072 148 470 43 743 3 1201 51 0 72 273 192 873 1092 2 706 339 0
