0 1 29 0 0 10 264 189 0 7 11 2 0 1091 1 0 77 5 39 1 1 0 24 5 0 26 18 4 1214 613 1 0 21 26 0 0 0 0 0 0 0 0 1 0 0 0 0 0 0 0 0 0 0 0 1 0 0 1 0 0 2 1 0 0 0 0 0 0
1 0 0 0 1 0 1 1 24 0 10 1 138 0 10 2 2 0 0 0 0 352 1 61 353 1 1239 1 0 1 0 0 0 3 0 233 3 0 0 0 0 0 2 0 2 0 5 0 1 0 3 0 0 0 0 12 0 9 8 14 217 0 0 0 3 0 0 0
29 0 0 0 0 28 262 267 0 0 2 0 0 175 1 0 1199 3 28 1 61 0 2601 1 0 2363 4032 37 13 58 1 0 4 140 0 8 50 0 0 0 0 0 0 0 0 0 1 0 0 1 5 1 3 0 0 1 6 0 2 68 209 0 0 1 1 0 0 4
0 0 0 0 5 7 9 2 48 678 2 450 2 4 11 0 0 0 0 2384 0 0 0 206 0 0 0 1632 3 0 0 1 0 4 0 0 0 157 0 7 1 0 19 8 0 22 0 0 4 0 0 0 0 63 0 0 0 22 0 0 0 13 0 0 0 0 0 0
0 1 0 5 0 300 1 1 144 1 36 81 46 0 707 0 0 0 0 8 0 7 0 20 0 0 5 4 0 0 0 437 0 153 0 0 0 0 0 7 0 1 2 0 2 6 1 0 14 0 0 0 0 3 0 0 0 1 0 0 0 0 0 0 0 0 0 1
10 0 28 7 300 0 445 2048 39 2560 20 4410 12 64 733 0 1 9 2 29 4 1 17 26 0 10 2 60 53 2 1 119 0 18 0 0 0 0 1 4 0 0 1 2 0 55 0 0 3 2 0 0 0 7 0 0 0 13 0 0 0 11 0 0 0 1 0 3
264 1 262 9 1 445 0 543 2 1987 6 19 4 1839 5 0 39 1 1 4 160 0 373 76 0 34 11 5373 138 991 0 0 3 75 0 1 0 0 0 0 0 0 2 1 0 2 0 0 0 1 0 0 0 0 0 1 0 3 0 0 4 1 0 0 0 0 0 0
189 1 267 2 1 2048 543 0 25 792 27 304 19 2571 13 0 154 12 29 19 11 1 152 5 1 86 22 18 71 55 2 182 1 15 0 0 0 0 0 2 0 0 0 0 1 1 0 0 0 0 0 0 0 0 0 0 0 4 0 0 0 1 1 0 0 2 0 0
0 24 0 48 144 39 2 25 0 25 17 397 56 4 694 1 1 0 1 98 0 359 0 1353 62 1 178 83 11 1 1 9 2 17 1 5 0 9 13 10 1 0 187 23 3 28 2 0 30 12 0 0 0 24 1 77 0 60 8 0 9 22 5 1 0 0 0 1
7 0 0 678 1 2560 1987 792 25 0 10 1233 26 188 32 0 0 1 2 855 0 0 1 6 0 0 1 843 190 0 0 0 0 99 0 0 0 6 0 13 0 0 29 3 1 102 0 0 6 0 0 0 0 100 0 0 0 119 0 0 0 10 0 0 0 0 0 0
11 10 2 2 36 20 6 27 17 10 0 69 298 37 3 0 69 1797 710 4 4 9 8 1 16 806 30 1 211 9 85 244 0 1300 0 0 0 0 0 0 0 0 0 0 7 0 79 0 0 0 0 3 0 0 0 2 0 0 23 24 18 0 0 0 8 0 0 0
2 1 0 450 81 4410 19 304 397 1233 69 0 37 123 960 0 0 12 10 1824 0 0 0 263 0 9 5 170 157 1 0 12 0 93 0 0 0 31 15 50 1 2 29 103 0 594 0 0 62 0 0 0 0 72 0 0 0 20 0 0 0 24 0 0 0 2 0 2
0 138 0 2 46 12 4 19 56 26 298 37 0 9 57 0 0 0 0 14 1 103 0 20 782 39 271 3 8 0 231 91 0 355 0 22 0 0 9 6 0 2 1 9 175 30 582 0 12 1 0 5 0 6 0 8 0 1 390 87 85 5 6 0 24 29 0 5
1091 0 175 4 0 64 1839 2571 4 188 37 123 9 0 4 0 170 8 41 13 10 0 125 20 0 60 23 46 1359 471 0 238 3 36 0 0 0 0 0 0 0 0 1 0 0 0 1 0 0 2 0 0 0 0 0 0 0 1 0 0 2 0 0 0 0 1 0 0
1 10 1 11 707 733 5 13 694 32 3 960 57 4 0 3 0 1 0 27 35 38 30 142 2 0 52 66 15 0 0 19 2 23 0 2 0 2 15 10 0 1 7 17 1 54 0 0 15 13 0 0 0 14 3 5 2 35 0 0 3 7 0 0 0 1 0 3
0 2 0 0 0 0 0 0 1 0 0 0 0 0 3 0 1 0 1 0 845 1159 1263 466 2 0 1115 179 0 1 0 0 0 13 0 0 6 0 0 0 0 0 0 0 0 0 0 0 1 973 0 0 0 0 23 99 237 87 0 1 71 28 2 1 0 0 0 3
77 2 1199 0 0 1 39 154 1 0 69 0 0 170 0 1 0 14 1847 0 19 2 1519 1 0 623 674 7 96 230 0 0 14 1264 0 4 6 0 0 0 0 0 0 0 0 0 0 0 0 1 1 0 1 0 0 2 2 0 1 11 47 0 0 0 1 0 0 0
5 0 3 0 0 9 1 12 0 1 1797 12 0 8 1 0 14 0 551 0 0 0 3 0 2 511 22 1 28 3 1 2 0 90 0 0 0 0 0 0 0 0 0 0 0 0 16 0 0 0 0 0 0 0 0 1 0 0 2 12 17 0 0 0 2 0 0 0
39 0 28 0 0 2 1 29 1 2 710 10 0 41 0 1 1847 551 0 0 4 0 32 0 0 901 71 3 74 34 0 0 12 777 0 1 0 0 0 0 0 0 0 0 0 0 0 0 0 0 0 0 0 0 0 0 0 0 4 18 29 0 0 0 1 0 0 0
1 0 1 2384 8 29 4 19 98 855 4 1824 14 13 27 0 0 0 0 0 0 0 0 58 0 0 0 623 29 0 0 0 0 13 0 0 0 40 0 15 0 0 19 77 1 72 0 0 15 0 0 0 0 114 0 0 0 46 0 0 0 48 0 0 0 0 0 0
1 0 61 0 0 4 160 11 0 0 4 0 1 10 35 845 19 0 4 0 0 3 6526 5 0 6 42 1295 19 2926 0 0 3 1607 0 0 0 0 0 0 0 0 0 0 0 0 0 0 0 56 0 0 0 0 11 5 6 20 0 0 2 4 4 4 0 0 0 5
0 352 0 0 7 1 0 1 359 0 9 0 103 0 38 1159 2 0 0 0 3 0 3 928 182 0 1025 25 0 0 0 0 0 12 0 16 4 0 0 0 1 0 9 1 0 0 15 0 1 87 0 0 0 1 3 351 6 28 2 4 118 6 3 1 0 0 0 1
24 1 2601 0 0 17 373 152 0 1 8 0 0 125 30 1263 1519 3 32 0 6526 3 0 70 0 262 3329 363 16 620 0 0 8 2024 0 4 20 0 0 0 1 0 0 0 0 0 0 0 0 428 2 0 0 0 6 12 255 11 0 1 249 5 0 0 0 0 0 5
5 61 1 206 20 26 76 5 1353 6 1 263 20 20 142 466 1 0 0 58 5 928 70 0 81 2 722 1314 139 11 0 0 19 89 1 9 1 6 0 8 0 1 60 40 0 15 1 2 4 36 1 0 0 19 8 32 2 243 1 0 32 101 17 0 0 1 1 29
0 353 0 0 0 0 0 1 62 0 16 0 782 0 2 2 0 2 0 0 0 182 0 81 0 8 1153 0 0 0 5 2 0 3 0 92 0 0 1 0 0 0 4 0 12 0 166 0 0 0 0 0 0 0 0 14 0 1 455 21 113 0 0 0 9 1 0 0
26 1 2363 0 0 10 34 86 1 0 806 9 39 60 0 0 623 511 901 0 6 0 262 2 8 0 1947 8 39 22 399 3 3 280 0 40 9 0 0 0 0 0 0 0 6 0 156 0 0 0 5 8 6 0 0 1 0 0 57 269 510 0 0 0 16 0 0 5
18 1239 4032 0 5 2 11 22 178 1 30 5 271 23 52 1115 674 22 71 0 42 1025 3329 722 1153 1947 0 335 32 14 198 0 3 818 1 569 219 0 0 0 2 0 5 0 7 0 165 0 2 270 54 9 6 0 1 171 200 49 234 437 4310 3 0 1 30 2 0 23
4 1 37 1632 4 60 5373 18 83 843 1 170 3 46 66 179 7 1 3 623 1295 25 363 1314 0 8 335 0 264 1179 0 0 59 343 0 3 0 12 0 5 1 0 32 28 0 51 0 2 7 31 0 0 0 101 9 8 2 179 0 0 6 88 6 1 0 1 6 19
1214 0 13 3 0 53 138 71 11 190 211 157 8 1359 15 0 96 28 74 29 19 0 16 139 0 39 32 264 0 882 2 72 1054 1096 1 0 0 0 0 2 0 0 9 0 1 0 2 0 1 7 0 0 0 0 4 3 0 42 1 0 2 11 1 0 0 1 2 1
613 1 58 0 0 2 991 55 1 0 9 1 0 471 0 1 230 3 34 0 2926 0 620 11 0 22 14 1179 882 0 0 0 169 875 0 0 0 0 0 0 0 0 0 0 0 0 0 0 0 2 0 0 0 0 0 0 0 6 0 0 2 2 0 0 0 0 0 0
1 0 1 0 0 1 0 2 1 0 85 0 231 0 0 0 0 1 0 0 0 0 0 0 5 399 198 0 2 0 0 2 0 17 0 7 0 0 0 0 0 0 0 0 6 0 125 0 0 0 0 1 0 0 0 1 0 0 46 18 51 0 0 0 12 0 0 0
0 0 0 1 437 119 0 182 9 0 244 12 91 238 19 0 0 2 0 0 0 0 0 0 2 3 0 0 72 0 2 0 0 348 0 0 0 0 0 0 0 1 0 0 4 2 3 0 0 0 0 0 0 0 0 1 0 0 0 1 0 0 0 0 0 0 0 0
21 0 4 0 0 0 3 1 2 0 0 0 0 3 2 0 14 0 12 0 3 0 8 19 0 3 3 59 1054 169 0 0 0 278 0 0 0 0 0 0 0 0 1 0 0 0 0 0 0 0 0 0 0 0 2 0 0 5 0 0 0 6 0 0 0 0 1 0
26 3 140 4 153 18 75 15 17 99 1300 93 355 36 23 13 1264 90 777 13 1607 12 2024 89 3 280 818 343 1096 875 17 348 278 0 2 13 10 0 0 4 0 0 15 0 2 1 6 1 2 22 1 0 2 0 10 3 2 126 4 12 96 48 7 0 0 2 3 9
0 0 0 0 0 0 0 0 1 0 0 0 0 0 0 0 0 0 0 0 0 0 0 1 0 0 1 0 1 0 0 0 0 2 0 0 12 0 0 10 491 54 2 13 13 5 2 1188 0 1 28 3 33 1 1 0 9 3 0 25 7 5 779 435 0 0 13 53
0 233 8 0 0 0 1 0 5 0 0 0 22 0 2 0 4 0 1 0 0 16 4 9 92 40 569 3 0 0 7 0 0 13 0 0 5 0 1 0 2 0 49 0 10 1 76 0 9 2 1 0 1 0 0 331 1 71 588 15 1677 0 0 0 0 0 0 3
0 3 50 0 0 0 0 0 0 0 0 0 0 0 0 6 6 0 0 0 0 4 20 1 0 9 219 0 0 0 0 0 0 10 12 5 0 0 0 3 364 138 0 5 0 0 0 199 0 3 1609 0 20 0 42 1 1722 1 0 1691 2982 30 1 16 0 0 0 26
0 0 0 157 0 0 0 0 9 6 0 31 0 0 2 0 0 0 0 40 0 0 0 6 0 0 0 12 0 0 0 0 0 0 0 0 0 0 4 6 5 2 29 280 3 446 0 3 8 0 0 0 0 1606 0 0 0 240 0 0 0 1487 9 0 0 1 0 5
0 0 0 0 0 1 0 0 13 0 0 15 9 0 15 0 0 0 0 0 0 0 0 0 1 0 0 0 0 0 0 0 0 0 0 1 0 4 0 294 0 7 132 7 8 35 2 0 730 0 0 0 0 9 0 13 0 43 0 0 2 11 1 0 0 103 0 3
0 0 0 7 7 4 0 2 10 13 0 50 6 0 10 0 0 0 0 15 0 0 0 8 0 0 0 5 2 0 0 0 0 4 10 0 3 6 294 0 90 1805 49 2210 44 2694 1 41 417 0 0 2 0 51 1 2 2 30 0 3 4 29 54 0 0 10 0 16
0 0 0 1 0 0 0 0 1 0 0 1 0 0 0 0 0 0 0 0 0 1 1 0 0 0 2 1 0 0 0 0 0 0 491 2 364 5 0 90 0 410 2 1802 8 20 1 2156 1 10 195 4 36 3 97 2 673 100 0 53 50 5817 105 956 0 1 2 96
0 0 0 0 1 0 0 0 0 0 0 2 2 0 1 0 0 0 0 0 0 0 0 1 0 0 0 0 0 0 0 1 0 0 54 0 138 2 7 1805 410 0 10 974 15 263 1 2641 25 0 29 0 2 10 0 0 35 2 0 18 10 15 75 11 0 295 0 25
1 2 0 19 2 1 2 0 187 29 0 29 1 1 7 0 0 0 0 19 0 9 0 60 4 0 5 32 9 0 0 0 1 15 2 49 0 29 132 49 2 10 0 51 37 254 37 9 402 0 0 3 1 91 0 281 1 1391 109 5 225 68 26 0 0 40 0 21
0 0 0 8 0 2 1 0 23 3 0 103 9 0 17 0 0 0 0 77 0 1 0 40 0 0 0 28 0 0 0 0 0 0 13 0 5 280 7 2210 1802 974 51 0 52 1977 5 248 34 2 0 3 0 1924 0 1 2 36 0 1 1 1182 262 0 0 36 0 121
0 2 0 0 2 0 0 1 3 1 7 0 175 0 1 0 0 0 0 1 0 0 0 0 12 6 7 0 1 0 6 4 0 2 13 10 0 3 8 44 8 15 37 52 0 102 786 56 9 2 4 1351 55 12 2 3 1 12 102 542 12 16 308 3 39 728 0 1212
0 0 0 22 6 55 2 1 28 102 0 594 30 0 54 0 0 0 0 72 0 0 0 15 0 0 0 51 0 0 0 2 0 1 5 1 0 446 35 2694 20 263 254 1977 102 0 3 97 874 0 0 4 0 1844 0 0 0 336 0 10 5 206 161 0 1 56 0 72
0 5 1 0 1 0 0 0 2 0 79 0 582 1 0 0 0 16 0 0 0 15 0 1 166 156 165 0 2 0 125 3 0 6 2 76 0 0 2 1 1 1 37 5 786 3 0 2 9 0 0 6 0 0 0 14 0 14 718 101 684 3 18 0 259 143 0 15
0 0 0 0 0 0 0 0 0 0 0 0 0 0 0 0 0 0 0 0 0 0 0 2 0 0 0 2 0 0 0 0 0 1 1188 0 199 3 0 41 2156 2641 9 248 56 97 2 0 4 3 88 1 19 11 1 4 95 20 0 40 13 42 1386 169 0 28 7 76
0 1 0 4 14 3 0 0 30 6 0 62 12 0 15 1 0 0 0 15 0 1 0 4 0 0 2 7 1 0 0 0 0 2 0 9 0 8 730 417 1 25 402 34 9 874 9 4 0 2 0 0 0 19 6 43 3 223 7 3 48 39 28 0 0 28 0 18
0 0 1 0 0 2 1 0 12 0 0 0 1 2 13 973 1 0 0 0 56 87 428 36 0 0 270 31 7 2 0 0 0 22 1 2 3 0 0 0 10 0 0 2 2 0 0 3 2 0 8 0 0 0 844 1141 1097 1268 0 1 1404 278 16 5 0 0 0 33
0 3 5 0 0 0 0 0 0 0 0 0 0 0 0 0 1 0 0 0 0 0 2 1 0 5 54 0 0 0 0 0 0 1 28 1 1609 0 0 0 195 29 0 0 4 0 0 88 0 8 0 23 1482 0 6 0 1051 1 0 718 723 20 6 140 0 0 0 962
0 0 1 0 0 0 0 0 0 0 3 0 5 0 0 0 0 0 0 0 0 0 0 0 0 8 9 0 0 0 1 0 0 0 3 0 0 0 0 2 4 0 3 3 1351 4 6 1 0 0 23 0 235 2 2 1 0 0 0 228 19 1 2 8 0 0 0 121
0 0 3 0 0 0 0 0 0 0 0 0 0 0 0 0 1 0 0 0 0 0 0 0 0 6 6 0 0 0 0 0 0 2 33 1 20 0 0 0 36 2 1 0 55 0 0 19 0 0 1482 235 0 0 3 0 12 0 0 884 71 3 7 51 0 0 0 745
0 0 0 63 3 7 0 0 24 100 0 72 6 0 14 0 0 0 0 114 0 1 0 19 0 0 0 101 0 0 0 0 0 0 1 0 0 1606 9 51 3 10 91 1924 12 1844 0 11 19 0 0 2 0 0 0 0 0 51 0 1 1 697 26 0 0 10 0 10
1 0 0 0 0 0 0 0 1 0 0 0 0 0 3 23 0 0 0 0 11 3 6 8 0 0 1 9 4 0 0 0 2 10 1 0 42 0 0 1 97 0 0 0 2 0 0 1 6 844 6 2 3 0 0 2 5677 22 0 0 10 1677 24 1640 0 4 10 1375
0 12 1 0 0 0 1 0 77 0 2 0 8 0 5 99 2 1 0 0 5 351 12 32 14 1 171 8 3 0 1 1 0 3 0 331 1 0 13 2 2 0 281 1 3 0 14 4 43 1141 0 1 0 0 2 0 8 985 120 2 893 22 13 1 0 0 0 13
0 0 6 0 0 0 0 0 0 0 0 0 0 0 2 237 2 0 0 0 6 6 255 2 0 0 200 2 0 0 0 0 0 2 9 1 1722 0 0 2 673 35 1 2 1 0 0 95 3 1097 1051 0 12 0 5677 8 0 64 0 63 2770 581 10 328 0 3 5 1506
1 9 0 22 1 13 3 4 60 119 0 20 1 1 35 87 0 0 0 46 20 28 11 243 1 0 49 179 42 6 0 0 5 126 3 71 1 240 43 30 100 2 1391 36 12 336 14 20 223 1268 1 0 0 51 22 985 64 0 71 5 752 1756 165 4 0 3 24 143
0 8 2 0 0 0 0 0 8 0 23 0 390 0 0 0 1 2 4 0 0 2 0 1 455 57 234 0 1 0 46 0 0 4 0 588 0 0 0 0 0 0 109 0 102 0 718 0 7 0 0 0 0 0 0 120 0 71 0 3 960 0 2 0 5 9 0 1
0 14 68 0 0 0 0 0 0 0 24 0 87 0 0 1 11 12 18 0 0 4 1 0 21 269 437 0 0 0 18 1 0 12 25 15 1691 0 0 3 53 18 5 1 542 10 101 40 3 1 718 228 884 1 0 2 63 5 3 0 2560 1 5 12 212 17 0 104
2 217 209 0 0 0 4 0 9 0 18 0 85 2 3 71 47 17 29 0 2 118 249 32 113 510 4310 6 2 2 51 0 0 96 7 1677 2982 0 2 4 50 10 225 1 12 5 684 13 48 1404 723 19 71 1 10 893 2770 752 960 2560 0 211 14 13 131 8 0 395
1 0 0 13 0 11 1 1 22 10 0 24 5 0 7 28 0 0 0 48 4 6 5 101 0 0 3 88 11 2 0 0 6 48 5 0 30 1487 11 29 5817 15 68 1182 16 206 3 42 39 278 20 1 3 697 1677 22 581 1756 0 1 211 0 218 876 0 8 11 418
0 0 0 0 0 0 0 1 5 0 0 0 6 0 0 2 0 0 0 0 4 3 0 17 0 0 0 6 1 0 0 0 0 7 779 0 1 9 1 54 105 75 26 262 308 161 18 1386 28 16 6 2 7 26 24 13 10 165 2 5 14 218 0 928 2 325 993 1091
0 0 1 0 0 0 0 0 1 0 0 0 0 0 0 1 0 0 0 0 4 1 0 0 0 0 1 1 0 0 0 0 0 0 435 0 16 0 0 0 956 11 0 0 3 0 0 169 0 5 140 8 51 0 1640 1 328 4 0 12 13 876 928 0 0 0 115 765
0 3 1 0 0 0 0 0 0 0 8 0 24 0 0 0 1 2 1 0 0 0 0 0 9 16 30 0 0 0 12 0 0 0 0 0 0 0 0 0 0 0 0 0 39 1 259 0 0 0 0 0 0 0 0 0 0 0 5 212 131 0 2 0 0 1 0 0
0 0 0 0 0 1 0 2 0 0 0 2 29 1 1 0 0 0 0 0 0 0 0 1 1 0 2 1 1 0 0 0 0 2 0 0 0 1 103 10 1 295 40 36 728 56 143 28 28 0 0 0 0 10 4 0 3 3 9 17 8 8 325 0 1 0 0 230
0 0 0 0 0 0 0 0 0 0 0 0 0 0 0 0 0 0 0 0 0 0 0 1 0 0 0 6 2 0 0 0 1 3 13 0 0 0 0 0 2 0 0 0 0 0 0 7 0 0 0 0 0 0 10 0 5 24 0 0 0 11 993 115 0 0 0 269
0 0 4 0 1 3 0 0 1 0 0 2 5 0 3 3 0 0 0 0 5 1 5 29 0 5 23 19 1 0 0 0 0 9 53 3 26 5 3 16 96 25 21 121 1212 72 15 76 18 33 962 121 745 10 1375 13 1506 143 1 104 395 418 1091 765 0 230 269 0
