0 0 38 0 0 6 640 130 1 7 14 1 1 1036 3 1 84 6 8 0 3 0 67 4 0 21 15 8 1758 229 0 0 3 16 1 1 0 0 0 0 1 0 0 0 0 0 0 0 0 0 0 0 0 0 0 0 0 3 0 0 0 0 0 0 0 0 0 0
0 0 2 0 0 1 0 1 42 0 1 0 90 2 6 1 1 0 6 0 0 189 3 71 906 15 1102 4 0 2 1 0 0 11 1 193 7 0 0 0 0 1 4 0 0 0 8 0 0 3 0 0 3 0 0 19 0 3 32 13 246 1 1 0 0 0 0 2
38 2 0 0 0 1 253 57 0 1 1 0 0 125 0 0 1557 1 32 0 24 4 2055 1 0 1712 4214 57 12 130 0 0 0 87 0 10 336 0 0 0 0 0 0 0 1 0 0 0 0 9 46 0 2 0 1 14 100 0 0 42 459 0 0 1 0 0 0 21
0 0 0 0 14 25 1 4 64 948 0 798 5 12 40 0 0 0 0 2128 0 1 0 606 0 0 0 2264 11 0 0 0 0 13 0 0 0 280 1 6 4 0 31 13 0 117 0 0 2 0 0 0 0 66 0 0 0 72 0 0 0 47 0 0 0 0 0 1
0 0 0 14 0 400 4 14 150 15 32 97 102 0 763 1 0 0 0 4 2 7 3 81 0 1 0 44 4 1 0 21 1 470 0 0 0 0 2 4 0 0 2 4 0 3 0 0 14 1 0 0 0 0 0 0 0 1 0 0 0 0 0 0 0 0 0 0
6 1 1 25 400 0 124 2218 93 2747 39 3472 90 88 878 0 1 6 4 26 1 2 3 30 0 3 6 120 40 1 0 22 0 68 1 0 0 4 8 34 23 1 13 35 0 127 1 0 15 0 0 0 0 18 1 0 0 22 0 0 0 63 2 3 0 1 2 0
640 0 253 1 4 124 0 306 14 2001 18 3 15 1947 16 2 14 1 2 1 29 0 255 149 0 7 7 4080 425 2086 0 2 5 99 0 0 0 3 0 4 11 0 10 1 0 2 1 0 6 4 0 0 0 2 1 0 1 55 0 0 0 61 2 3 0 0 1 3
130 1 57 4 14 2218 306 0 16 671 8 167 21 3277 28 0 26 8 6 17 1 0 40 3 0 5 6 42 44 33 0 72 0 17 0 0 0 0 0 2 0 0 0 3 0 3 0 0 3 0 0 0 0 4 0 1 0 5 0 0 0 6 0 0 0 0 0 0
1 42 0 64 150 93 14 16 0 71 13 391 35 3 369 3 1 0 2 61 0 303 0 2207 84 4 279 154 28 2 0 6 3 18 0 4 0 19 0 9 17 3 275 44 0 18 3 0 7 1 0 0 0 23 3 12 0 177 3 0 5 77 2 2 0 0 0 3
7 0 1 948 15 2747 2001 671 71 0 25 2345 56 457 65 0 0 1 0 982 0 0 1 41 0 0 0 2457 155 2 0 5 1 168 0 0 0 2 1 12 3 0 52 2 0 45 2 0 25 0 0 0 0 1 0 0 0 191 0 0 0 23 0 0 0 0 0 0
14 1 1 0 32 39 18 8 13 25 0 38 412 21 21 0 17 1463 217 0 3 0 3 4 1 710 51 8 191 5 46 198 1 1301 0 2 0 0 0 0 0 0 3 0 57 0 339 0 0 0 0 0 0 0 0 1 0 0 30 34 31 0 0 0 14 0 0 0
1 0 0 798 97 3472 3 167 391 2345 38 0 31 54 665 0 0 3 1 1847 0 0 0 377 0 2 1 321 52 0 0 11 0 70 1 0 0 21 3 223 11 1 18 65 0 207 0 1 46 1 0 0 0 21 0 0 0 55 0 0 0 63 2 0 0 0 0 2
1 90 0 5 102 90 15 21 35 56 412 31 0 4 72 0 1 3 3 11 7 36 8 21 837 39 278 39 30 8 198 61 2 419 1 28 1 0 54 41 21 3 16 24 61 10 866 1 32 0 0 1 0 4 2 10 0 11 527 81 93 19 4 3 54 43 0 155
1036 2 125 12 0 88 1947 3277 3 457 21 54 4 0 4 0 130 10 14 7 7 2 178 9 0 15 23 61 1642 344 1 182 2 33 0 0 0 0 0 1 2 0 0 0 0 0 0 0 1 2 0 0 0 0 0 0 0 2 0 0 1 1 0 0 0 0 0 0
3 6 0 40 763 878 16 28 369 65 21 665 72 4 0 0 2 2 1 44 27 8 9 229 0 2 43 138 33 18 0 13 0 41 2 0 0 17 3 20 27 2 12 57 0 39 0 0 9 0 0 0 0 14 2 0 0 30 0 0 0 38 5 7 0 0 1 4
1 1 0 0 1 0 2 0 3 0 0 0 0 0 0 0 1 0 0 0 868 1173 662 683 3 1 844 178 0 0 0 0 1 16 0 3 5 0 0 0 2 0 5 0 0 0 0 0 0 972 0 0 0 0 53 118 367 74 0 0 231 24 0 5 0 0 0 2
84 1 1557 0 0 1 14 26 1 0 17 0 1 130 2 1 0 17 1798 1 104 5 1529 5 0 539 994 18 102 271 0 0 7 1169 0 5 70 0 0 0 0 0 0 0 0 0 0 0 0 7 5 0 2 0 0 3 8 0 0 23 89 0 0 1 0 0 0 4
6 0 1 0 0 6 1 8 0 1 1463 3 3 10 2 0 17 0 1021 0 0 0 1 0 0 334 10 1 51 1 0 6 0 192 0 0 0 0 0 0 0 0 0 0 0 0 1 0 0 0 0 0 1 0 0 0 0 0 1 6 7 0 0 0 0 0 0 0
8 6 32 0 0 4 2 6 2 0 217 1 3 14 1 0 1798 1021 0 1 7 1 27 2 0 1127 333 0 60 16 0 3 2 792 0 5 8 0 0 0 0 0 0 0 0 0 0 0 0 0 0 1 4 0 0 1 0 0 6 34 68 0 0 0 0 0 0 1
0 0 0 2128 4 26 1 17 61 982 0 1847 11 7 44 0 1 0 1 0 0 0 0 134 0 0 0 556 15 0 0 2 1 23 0 0 0 25 0 8 11 0 11 70 0 25 0 0 11 0 0 0 0 17 0 0 0 70 0 0 0 160 0 0 0 0 0 0
3 0 24 0 2 1 29 1 0 0 3 0 7 7 27 868 104 0 7 0 0 24 6766 141 0 2 89 1919 32 3036 0 2 10 1280 0 0 0 0 0 0 1 0 2 0 0 0 0 0 0 106 0 0 0 0 37 23 48 54 0 0 12 11 2 5 0 0 0 1
0 189 4 1 7 2 0 0 303 0 0 0 36 2 8 1173 5 0 1 0 24 0 6 827 320 7 1221 31 1 0 0 0 0 7 0 12 5 0 0 0 3 0 26 4 0 1 6 0 0 94 0 0 0 1 7 292 22 58 5 7 128 16 0 1 0 0 0 0
67 3 2055 0 3 3 255 40 0 1 3 0 8 178 9 662 1529 1 27 0 6766 6 0 32 0 34 2572 539 73 699 0 0 1 1734 0 1 41 0 0 0 0 0 3 0 0 0 2 0 0 234 2 0 0 0 17 24 404 7 0 2 308 5 0 1 0 0 0 3
4 71 1 606 81 30 149 3 2207 41 4 377 21 9 229 683 5 0 2 134 141 827 32 0 93 4 599 2355 123 16 0 4 24 64 4 4 0 44 0 20 71 0 178 42 0 11 0 2 12 42 0 0 0 33 39 35 9 1056 2 0 11 374 12 25 0 0 0 24
0 906 0 0 0 0 0 0 84 0 1 0 837 0 0 3 0 0 0 0 0 320 0 93 0 20 1073 0 0 0 11 0 0 0 0 56 0 0 0 0 0 0 6 0 1 0 124 0 0 0 0 0 1 0 0 0 0 2 153 27 178 0 0 0 2 0 0 2
21 15 1712 0 1 3 7 5 4 0 710 2 39 15 2 1 539 334 1127 0 2 7 34 4 20 0 3380 6 53 20 263 2 4 182 0 77 194 0 0 0 0 0 0 0 16 0 122 0 0 0 42 5 66 0 0 3 0 0 51 680 1038 0 0 0 26 0 0 15
15 1102 4214 0 0 6 7 6 279 0 51 1 278 23 43 844 994 10 333 0 89 1221 2572 599 1073 3380 0 278 104 17 43 4 5 1015 0 266 447 0 1 0 0 0 6 0 8 0 95 0 0 327 50 4 41 0 11 210 431 23 127 474 3723 2 0 0 15 0 0 35
8 4 57 2264 44 120 4080 42 154 2457 8 321 39 61 138 178 18 1 0 556 1919 31 539 2355 0 6 278 0 196 1633 0 2 20 210 2 1 0 25 2 45 92 2 101 9 0 49 2 0 65 63 0 0 0 10 33 12 10 674 0 0 11 371 12 34 0 0 2 22
1758 0 12 11 4 40 425 44 28 155 191 52 30 1642 33 0 102 51 60 15 32 1 73 123 0 53 104 196 0 1454 1 95 844 862 0 0 0 1 0 1 8 0 16 1 0 0 1 1 3 14 0 0 0 0 2 4 0 33 0 0 8 12 6 6 0 0 1 1
229 2 130 0 1 1 2086 33 2 2 5 0 8 344 18 0 271 1 16 0 3036 0 699 16 0 20 17 1633 1454 0 0 5 232 998 0 0 1 0 0 2 2 1 2 0 0 0 0 0 0 11 1 0 0 0 16 1 3 43 0 0 3 22 2 5 0 0 0 6
0 1 0 0 0 0 0 0 0 0 46 0 198 1 0 0 0 0 0 0 0 0 0 0 11 263 43 0 1 0 0 0 0 8 0 1 0 0 0 0 0 0 0 0 19 0 124 0 0 0 0 0 0 0 0 0 0 0 12 44 86 0 0 0 21 0 0 0
0 0 0 0 21 22 2 72 6 5 198 11 61 182 13 0 0 6 3 2 2 0 0 4 0 2 4 2 95 5 0 0 1 360 0 0 0 0 0 0 0 0 0 0 0 0 0 0 0 0 0 0 0 0 0 0 0 0 0 0 0 0 0 0 0 0 0 0
3 0 0 0 1 0 5 0 3 1 1 0 2 2 0 1 7 0 2 1 10 0 1 24 0 4 5 20 844 232 0 1 0 418 0 0 0 0 0 1 0 0 0 0 0 0 1 0 2 3 0 0 0 0 1 0 0 8 0 0 0 2 0 1 0 0 0 1
16 11 87 13 470 68 99 17 18 168 1301 70 419 33 41 16 1169 192 792 23 1280 7 1734 64 0 182 1015 210 862 998 8 360 418 0 1 17 39 0 0 4 15 1 7 0 0 2 5 0 16 20 5 0 4 0 27 8 31 90 2 26 230 63 4 17 0 0 0 7
1 1 0 0 0 1 0 0 0 0 0 1 1 0 2 0 0 0 0 0 0 0 0 4 0 0 0 2 0 0 0 0 0 1 0 1 8 1 0 9 334 69 0 11 19 5 0 1063 0 0 12 7 11 0 1 0 1 8 0 9 9 10 679 833 0 0 5 31
1 193 10 0 0 0 0 0 4 0 2 0 28 0 0 3 5 0 5 0 0 12 1 4 56 77 266 1 0 0 1 0 0 17 1 0 3 1 0 1 0 1 63 0 3 3 88 1 2 7 4 0 17 0 2 390 4 130 842 24 1418 4 1 4 0 2 0 3
0 7 336 0 0 0 0 0 0 0 0 0 1 0 0 5 70 0 8 0 0 5 41 0 0 194 447 0 0 1 0 0 0 39 8 3 0 0 0 6 284 29 1 0 0 0 0 27 0 0 606 0 16 0 88 1 1686 0 0 1616 3823 67 0 63 0 0 0 34
0 0 0 280 0 4 3 0 19 2 0 21 0 0 17 0 0 0 0 25 0 0 0 44 0 0 0 25 1 0 0 0 0 0 1 1 0 0 11 21 1 0 72 732 0 719 0 1 48 0 0 0 0 2887 0 0 0 525 0 0 0 2993 0 0 0 1 0 11
0 0 0 1 2 8 0 0 0 1 0 3 54 0 3 0 0 0 0 0 0 0 0 0 0 0 1 2 0 0 0 0 0 0 0 0 0 11 0 166 6 18 118 16 11 45 16 0 763 2 0 0 0 10 4 3 6 68 2 0 0 59 2 2 0 44 0 232
0 0 0 6 4 34 4 2 9 12 0 223 41 1 20 0 0 0 0 8 0 0 0 20 0 0 0 45 1 2 0 0 1 4 9 1 6 21 166 0 257 2587 141 4037 43 2571 3 49 1663 0 1 6 2 51 0 1 0 41 0 1 0 172 60 2 0 29 0 91
1 0 0 4 0 23 11 0 17 3 0 11 21 2 27 2 0 0 0 11 1 3 0 71 0 0 0 92 8 2 0 0 0 15 334 0 284 1 6 257 0 1089 15 2247 18 7 4 1662 32 8 176 0 38 1 96 4 248 142 0 58 32 5256 256 2673 0 5 7 188
0 1 0 0 0 1 0 0 3 0 0 1 3 0 2 0 0 0 0 0 0 0 0 0 0 0 0 2 0 1 0 0 0 1 69 1 29 0 18 2587 1089 0 15 1306 54 50 4 2381 31 0 14 4 4 8 6 0 11 4 0 9 1 38 95 33 0 109 1 47
0 4 0 31 2 13 10 0 275 52 3 18 16 0 12 5 0 0 0 11 2 26 3 178 6 0 6 101 16 2 0 0 0 7 0 63 1 72 118 141 15 15 0 87 19 248 53 7 363 2 1 1 4 71 0 275 1 2354 155 5 187 239 19 6 0 27 1 44
0 0 0 13 4 35 1 3 44 2 0 65 24 0 57 0 0 0 0 70 0 4 0 42 0 0 0 9 1 0 0 0 0 0 11 0 0 732 16 4037 2247 1306 87 0 29 1835 6 93 71 0 0 0 0 878 0 1 2 31 0 0 0 2292 89 1 0 7 0 241
0 0 1 0 0 0 0 0 0 0 57 0 61 0 0 0 0 0 0 0 0 0 0 0 1 16 8 0 0 0 19 0 0 0 19 3 0 0 11 43 18 54 19 29 0 52 459 101 31 0 11 1352 207 2 4 1 4 4 57 519 27 3 179 18 10 297 3 1355
0 0 0 117 3 127 2 3 18 45 0 207 10 0 39 0 0 0 0 25 0 1 0 11 0 0 0 49 0 0 0 0 0 2 5 3 0 719 45 2571 7 50 248 1835 52 0 2 16 732 0 0 0 0 1831 0 2 0 472 0 0 7 583 41 1 0 24 0 193
0 8 0 0 0 1 1 0 3 2 339 0 866 0 0 0 0 1 0 0 0 6 2 0 124 122 95 2 1 0 124 0 1 5 0 88 0 0 16 3 4 4 53 6 459 2 0 4 19 0 0 0 0 0 0 28 0 17 866 65 667 0 6 0 280 149 0 106
0 0 0 0 0 0 0 0 0 0 0 1 1 0 0 0 0 0 0 0 0 0 0 2 0 0 0 0 1 0 0 0 0 0 1063 1 27 1 0 49 1662 2381 7 93 101 16 4 0 6 0 17 9 10 2 1 2 10 10 0 11 8 15 1205 381 0 58 0 87
0 0 0 2 14 15 6 3 7 25 0 46 32 1 9 0 0 0 0 11 0 0 0 12 0 0 0 65 3 0 0 0 2 16 0 2 0 48 763 1663 32 31 363 71 31 732 19 6 0 4 0 0 0 41 18 3 5 312 0 0 14 172 25 12 0 27 1 52
0 3 9 0 1 0 4 0 1 0 0 1 0 2 0 972 7 0 0 0 106 94 234 42 0 0 327 63 14 11 0 0 3 20 0 7 0 0 2 0 8 0 2 0 0 0 0 0 4 0 0 0 2 0 1206 1713 1276 443 0 3 1011 291 2 4 0 0 0 5
0 0 46 0 0 0 0 0 0 0 0 0 0 0 0 0 5 0 0 0 0 0 2 0 0 42 50 0 0 1 0 0 0 5 12 4 606 0 0 1 176 14 1 0 11 0 0 17 0 0 0 6 1857 0 194 1 1815 1 0 690 702 16 3 453 0 0 1 997
0 0 0 0 0 0 0 0 0 0 0 0 1 0 0 0 0 0 1 0 0 0 0 0 0 5 4 0 0 0 0 0 0 0 7 0 0 0 0 6 0 4 1 0 1352 0 0 9 0 0 6 0 576 0 3 0 2 1 0 528 6 0 3 15 0 0 1 107
0 3 2 0 0 0 0 0 0 0 0 0 0 0 0 0 2 1 4 0 0 0 0 0 1 66 41 0 0 0 0 0 0 4 11 17 16 0 0 2 38 4 4 0 207 0 0 10 0 2 1857 576 0 0 34 1 69 1 0 986 207 3 3 110 0 0 3 908
0 0 0 66 0 18 2 4 23 1 0 21 4 0 14 0 0 0 0 17 0 1 0 33 0 0 0 10 0 0 0 0 0 0 0 0 0 2887 10 51 1 8 71 878 2 1831 0 2 41 0 0 0 0 0 0 1 0 205 0 0 0 772 19 0 0 1 0 45
0 0 1 0 0 1 1 0 3 0 0 0 2 0 2 53 0 0 0 0 37 7 17 39 0 0 11 33 2 16 0 0 1 27 1 2 88 0 4 0 96 6 0 0 4 0 0 1 18 1206 194 3 34 0 0 29 6185 143 0 8 95 1964 7 2765 0 0 4 877
0 19 14 0 0 0 0 1 12 0 1 0 10 0 0 118 3 0 1 0 23 292 24 35 0 3 210 12 4 1 0 0 0 8 0 390 1 0 3 1 4 0 275 1 1 2 28 2 3 1713 1 0 1 1 29 0 39 1071 129 2 1270 36 3 3 0 2 0 2
0 0 100 0 0 0 1 0 0 0 0 0 0 0 0 367 8 0 0 0 48 22 404 9 0 0 431 10 0 3 0 0 0 31 1 4 1686 0 6 0 248 11 1 2 4 0 0 10 5 1276 1815 2 69 0 6185 39 0 10 0 160 1970 160 2 484 0 0 0 642
3 3 0 72 1 22 55 5 177 191 0 55 11 2 30 74 0 0 0 70 54 58 7 1056 2 0 23 674 33 43 0 0 8 90 8 130 0 525 68 41 142 4 2354 31 4 472 17 10 312 443 1 1 1 205 143 1071 10 0 226 2 466 3762 40 27 0 3 4 27
0 32 0 0 0 0 0 0 3 0 30 0 527 0 0 0 0 1 6 0 0 5 0 2 153 51 127 0 0 0 12 0 0 2 0 842 0 0 2 0 0 0 155 0 57 0 866 0 0 0 0 0 0 0 0 129 0 226 0 3 900 0 0 0 0 3 0 4
0 13 42 0 0 0 0 0 0 0 34 0 81 0 0 0 23 6 34 0 0 7 2 0 27 680 474 0 0 0 44 0 0 26 9 24 1616 0 0 1 58 9 5 0 519 0 65 11 0 3 690 528 986 0 8 2 160 2 3 0 2597 3 4 54 181 0 1 81
0 246 459 0 0 0 0 0 5 0 31 0 93 1 0 231 89 7 68 0 12 128 308 11 178 1038 3723 11 8 3 86 0 0 230 9 1418 3823 0 0 0 32 1 187 0 27 7 667 8 14 1011 702 6 207 0 95 1270 1970 466 900 2597 0 194 8 49 92 0 2 323
0 1 0 47 0 63 61 6 77 23 0 63 19 1 38 24 0 0 0 160 11 16 5 374 0 0 2 371 12 22 0 0 2 63 10 4 67 2993 59 172 5256 38 239 2292 3 583 0 15 172 291 16 0 3 772 1964 36 160 3762 0 3 194 0 111 1276 0 3 6 133
0 1 0 0 0 2 2 0 2 0 0 2 4 0 5 0 0 0 0 0 2 0 0 12 0 0 0 12 6 2 0 0 0 4 679 1 0 0 2 60 256 95 19 89 179 41 6 1205 25 2 3 3 3 19 7 3 2 40 0 4 8 111 0 1095 0 115 1435 675
0 0 1 0 0 3 3 0 2 0 0 0 3 0 7 5 1 0 0 0 5 1 1 25 0 0 0 34 6 5 0 0 1 17 833 4 63 0 2 2 2673 33 6 1 18 1 0 381 12 4 453 15 110 0 2765 3 484 27 0 54 49 1276 1095 0 0 2 249 1446
0 0 0 0 0 0 0 0 0 0 14 0 54 0 0 0 0 0 0 0 0 0 0 0 2 26 15 0 0 0 21 0 0 0 0 0 0 0 0 0 0 0 0 0 10 0 280 0 0 0 0 0 0 0 0 0 0 0 0 181 92 0 0 0 0 0 0 1
0 0 0 0 0 1 0 0 0 0 0 0 43 0 0 0 0 0 0 0 0 0 0 0 0 0 0 0 0 0 0 0 0 0 0 2 0 1 44 29 5 109 27 7 297 24 149 58 27 0 0 0 0 1 0 2 0 3 3 0 0 3 115 2 0 0 0 498
0 0 0 0 0 2 1 0 0 0 0 0 0 0 1 0 0 0 0 0 0 0 0 0 0 0 0 2 1 0 0 0 0 0 5 0 0 0 0 0 7 1 1 0 3 0 0 0 1 0 1 1 3 0 4 0 0 4 0 1 2 6 1435 249 0 0 0 269
0 2 21 1 0 0 3 0 3 0 0 2 155 0 4 2 4 0 1 0 1 0 3 24 2 15 35 22 1 6 0 0 1 7 31 3 34 11 232 91 188 47 44 241 1355 193 106 87 52 5 997 107 908 45 877 2 642 27 4 81 323 133 675 1446 1 498 269 0
