0 1 15 0 0 0 288 41 1 3 0 0 0 1155 0 0 23 0 3 0 0 0 16 2 0 6 2 11 1129 299 0 0 14 13 0 0 0 0 0 0 0 1 0 0 0 0 0 0 0 1 0 0 0 0 0 0 0 0 0 0 0 1 0 0 0 0 0 0
1 0 0 0 0 2 0 1 46 0 4 0 96 1 5 4 3 0 1 0 2 330 2 76 681 4 1733 4 1 0 0 0 1 5 0 231 4 0 0 0 0 0 2 0 3 0 13 0 0 1 4 2 0 0 0 49 3 2 27 32 314 0 1 0 9 1 0 5
15 0 0 0 1 12 68 273 0 0 0 0 0 150 0 0 1224 3 12 0 48 0 2114 1 0 1684 2367 34 53 80 0 0 1 107 0 8 39 0 0 0 2 0 0 0 0 0 0 0 0 3 8 0 1 0 3 1 3 5 0 31 161 1 0 0 0 0 0 2
0 0 0 0 4 26 9 1 43 400 1 208 4 3 16 0 0 0 0 1405 0 0 0 133 0 0 0 1559 8 0 0 1 0 2 0 0 0 39 0 16 2 0 9 4 0 9 0 0 4 0 0 0 0 6 0 0 0 80 0 0 0 3 0 0 0 0 0 0
0 0 1 4 0 141 2 11 78 7 17 89 70 2 1117 0 0 0 1 4 6 4 15 38 0 0 2 24 1 2 0 126 0 469 0 0 0 0 15 9 0 6 2 1 0 5 0 0 6 0 0 0 0 0 0 1 0 4 0 0 0 1 0 0 0 0 0 0
0 2 12 26 141 0 104 2237 120 1953 53 3264 41 75 976 0 3 20 18 60 2 0 9 65 2 22 16 192 69 1 1 95 0 42 0 0 0 9 2 98 13 9 27 26 0 167 1 7 29 2 0 0 0 21 0 0 0 138 0 0 1 64 9 1 1 0 3 22
288 0 68 9 2 104 0 640 4 1217 10 9 24 1955 13 1 2 8 4 2 162 0 110 63 0 9 14 5189 247 1570 0 6 12 110 0 0 0 2 0 6 0 2 6 2 0 1 0 1 0 0 0 0 0 5 0 0 0 20 0 0 0 6 2 0 0 0 0 4
41 1 273 1 11 2237 640 0 14 416 14 144 18 2394 77 0 37 9 15 7 49 0 249 46 0 38 12 63 77 118 0 182 1 26 1 0 0 1 2 23 6 2 7 4 0 10 0 6 9 1 0 0 0 2 0 0 0 50 0 0 0 16 6 0 0 0 1 7
1 46 0 43 78 120 4 14 0 32 9 427 36 3 286 0 2 3 0 60 0 363 0 1646 81 4 212 95 8 0 0 16 1 15 1 3 0 11 1 14 4 3 219 19 2 15 2 3 10 3 0 0 0 14 2 23 2 95 0 1 10 29 6 0 0 0 1 10
3 0 0 400 7 1953 1217 416 32 0 11 1678 37 165 22 0 1 0 1 669 0 0 0 91 0 2 0 1297 122 1 0 1 0 86 1 0 0 4 0 48 1 3 17 12 0 38 1 2 11 0 0 0 0 6 0 0 0 206 0 0 0 22 0 1 0 0 0 1
0 4 0 1 17 53 10 14 9 11 0 53 572 21 15 0 75 1171 503 1 0 4 2 1 41 696 49 1 212 2 47 198 1 1178 0 1 0 0 1 0 0 0 2 0 54 0 44 0 0 0 0 0 0 0 0 0 0 0 12 5 19 0 2 0 15 8 0 4
0 0 0 208 89 3264 9 144 427 1678 53 0 57 96 871 0 3 8 7 1372 0 0 0 277 3 8 3 192 140 0 0 13 0 122 0 0 0 12 4 112 4 17 26 35 0 439 0 0 16 0 0 0 0 31 0 0 0 166 0 0 0 17 0 0 0 0 0 4
0 96 0 4 70 41 24 18 36 37 572 57 0 4 83 0 0 1 2 11 3 42 5 8 626 23 705 27 13 0 157 138 1 450 0 10 0 0 12 7 1 1 30 7 161 2 291 1 6 1 0 0 0 3 0 8 3 5 217 14 61 3 2 0 37 17 0 108
1155 1 150 3 2 75 1955 2394 3 165 21 96 4 0 14 0 101 6 12 4 24 0 184 17 0 28 11 72 2034 581 0 95 2 19 0 0 0 0 0 1 0 0 4 0 0 0 0 0 0 1 0 0 0 0 0 0 0 8 1 0 0 2 1 0 0 0 0 0
0 5 0 16 1117 976 13 77 286 22 15 871 83 14 0 2 0 2 4 38 4 8 13 157 7 2 39 51 25 0 0 44 0 28 1 0 0 8 10 9 4 2 8 8 0 21 7 0 14 2 0 0 0 8 1 2 3 38 0 0 1 26 5 2 0 0 0 8
0 4 0 0 0 0 1 0 0 0 0 0 0 0 2 0 2 0 1 0 281 948 1110 226 0 1 1245 171 2 5 0 0 0 14 0 2 8 0 0 0 1 0 1 0 0 0 0 0 0 918 0 0 0 0 71 50 383 36 0 0 262 17 0 6 0 0 0 3
23 3 1224 0 0 3 2 37 2 1 75 3 0 101 0 2 0 25 1228 0 25 3 1346 1 0 555 573 7 259 120 0 1 24 1352 0 4 5 0 0 0 0 0 0 0 0 0 0 0 0 0 3 0 1 0 0 0 0 0 0 8 35 0 0 0 0 0 0 0
0 0 3 0 0 20 8 9 3 0 1171 8 1 6 2 0 25 0 629 0 0 0 1 0 0 771 1 0 39 1 0 9 0 97 0 0 0 0 0 0 0 0 0 0 1 0 0 0 0 0 0 0 0 0 0 0 0 0 0 0 1 0 0 0 1 0 0 0
3 1 12 0 1 18 4 15 0 1 503 7 2 12 4 1 1228 629 0 0 1 1 19 0 0 1334 72 1 57 4 0 1 5 549 0 0 0 0 0 0 0 0 0 0 0 0 0 0 0 0 0 0 0 0 0 0 0 0 0 7 20 0 0 0 0 0 0 0
0 0 0 1405 4 60 2 7 60 669 1 1372 11 4 38 0 0 0 0 0 0 0 0 106 0 0 0 398 10 0 0 3 0 8 0 0 0 6 0 11 1 0 6 9 0 13 0 0 14 0 0 0 0 8 0 0 0 92 0 0 0 11 0 0 0 0 0 0
0 2 48 0 6 2 162 49 0 0 0 0 3 24 4 281 25 0 1 0 0 3 5591 3 0 3 78 1220 32 2848 0 0 15 1402 0 0 0 0 0 0 0 0 0 0 0 0 0 0 1 100 0 0 0 0 24 1 22 23 0 0 3 2 1 11 0 0 0 5
0 330 0 0 4 0 0 0 363 0 4 0 42 0 8 948 3 0 1 0 3 0 3 865 189 4 1155 42 2 0 0 0 0 2 0 25 6 0 0 0 0 0 13 1 1 0 3 0 1 93 0 0 0 0 11 369 8 55 5 2 106 6 0 1 0 0 0 3
16 2 2114 0 15 9 110 249 0 0 2 0 5 184 13 1110 1346 1 19 0 5591 3 0 13 0 99 2389 168 109 774 0 0 14 1629 0 4 33 0 0 0 1 0 0 0 0 0 0 0 0 430 2 0 0 0 18 9 267 12 0 1 212 6 0 0 0 0 0 2
2 76 1 133 38 65 63 46 1646 91 1 277 8 17 157 226 1 0 0 106 3 865 13 0 73 2 576 1918 48 13 0 3 5 59 5 4 3 26 3 38 26 7 245 90 0 46 0 21 49 192 0 0 0 37 68 51 33 911 3 0 43 191 45 36 0 0 13 77
0 681 0 0 0 2 0 0 81 0 41 3 626 0 7 0 0 0 0 0 0 189 0 73 0 2 1283 0 1 0 14 3 0 8 0 29 0 0 9 0 0 0 10 0 145 0 175 0 0 0 0 0 1 0 0 6 0 7 301 9 101 0 2 0 19 10 0 13
6 4 1684 0 0 22 9 38 4 2 696 8 23 28 2 1 555 771 1334 0 3 4 99 2 2 0 2924 1 67 6 173 19 4 260 0 18 10 0 0 0 0 0 0 0 39 0 78 0 0 2 12 3 17 0 0 7 0 0 16 324 535 0 0 0 84 0 0 14
2 1733 2367 0 2 16 14 12 212 0 49 3 705 11 39 1245 573 1 72 0 78 1155 2389 576 1283 2924 0 240 38 11 154 0 4 605 0 291 200 0 2 0 0 0 10 0 85 0 236 0 2 150 52 5 14 0 4 84 142 21 236 497 4342 4 0 0 88 5 0 64
11 4 34 1559 24 192 5189 63 95 1297 1 192 27 72 51 171 7 0 1 398 1220 42 168 1918 0 1 240 0 317 919 0 2 66 441 4 0 0 1 0 53 19 3 71 12 0 32 0 8 31 81 0 0 0 5 22 11 15 498 0 0 13 92 18 13 0 0 3 43
1129 1 53 8 1 69 247 77 8 122 212 140 13 2034 25 2 259 39 57 10 32 2 109 48 1 67 38 317 0 784 1 195 1240 1145 0 0 0 0 0 0 2 0 2 0 0 1 0 0 1 4 0 0 0 0 0 1 1 9 0 0 3 5 0 2 0 1 0 2
299 0 80 0 2 1 1570 118 0 1 2 0 0 581 0 5 120 1 4 0 2848 0 774 13 0 6 11 919 784 0 0 0 196 576 0 0 0 0 0 0 0 0 0 0 0 0 0 0 0 5 0 0 0 0 8 0 4 9 0 0 4 2 1 1 0 0 0 1
0 0 0 0 0 1 0 0 0 0 47 0 157 0 0 0 0 0 0 0 0 0 0 0 14 173 154 0 1 0 0 6 0 17 0 0 0 0 0 0 0 0 0 0 41 0 76 0 0 0 0 0 0 0 0 0 0 0 21 4 37 0 1 0 27 1 0 0
0 0 0 1 126 95 6 182 16 1 198 13 138 95 44 0 1 9 1 3 0 0 0 3 3 19 0 2 195 0 6 0 0 460 0 0 0 0 0 0 0 1 0 0 1 0 0 0 0 0 0 0 0 0 0 0 0 0 0 0 0 0 0 0 0 0 0 2
14 1 1 0 0 0 12 1 1 0 1 0 1 2 0 0 24 0 5 0 15 0 14 5 0 4 4 66 1240 196 0 0 0 439 0 0 0 0 0 0 0 0 1 0 0 0 0 0 0 1 0 0 0 0 1 0 1 5 0 0 0 1 1 1 0 0 0 0
13 5 107 2 469 42 110 26 15 86 1178 122 450 19 28 14 1352 97 549 8 1402 2 1629 59 8 260 605 441 1145 576 17 460 439 0 0 1 8 0 0 7 3 1 9 0 2 2 2 0 13 11 2 0 0 0 9 2 2 61 3 27 87 27 3 2 2 1 2 4
0 0 0 0 0 0 0 1 1 1 0 0 0 0 1 0 0 0 0 0 0 0 0 5 0 0 0 4 0 0 0 0 0 0 0 0 17 0 2 1 633 18 1 12 2 5 0 806 0 0 39 9 50 2 1 1 5 8 0 35 13 12 1254 331 0 0 1 11
0 231 8 0 0 0 0 0 3 0 1 0 10 0 0 2 4 0 0 0 0 25 4 4 29 18 291 0 0 0 0 0 0 1 0 0 1 0 0 1 0 2 64 1 1 1 22 3 3 1 5 1 0 0 0 398 0 60 505 20 1657 0 0 0 1 0 0 2
0 4 39 0 0 0 0 0 0 0 0 0 0 0 0 8 5 0 0 0 0 6 33 3 0 10 200 0 0 0 0 0 0 8 17 1 0 0 0 1 280 88 1 1 1 0 0 104 0 0 1016 1 83 0 42 2 2464 6 0 1695 1555 41 6 13 0 0 1 56
0 0 0 39 0 9 2 1 11 4 0 12 0 0 8 0 0 0 0 6 0 0 0 26 0 0 0 1 0 0 0 0 0 0 0 0 0 0 4 47 6 10 29 488 0 459 0 6 44 0 0 0 0 1950 0 0 0 228 0 0 0 813 9 0 0 1 0 17
0 0 0 0 15 2 0 2 1 0 1 4 12 0 10 0 0 0 0 0 0 0 0 3 9 0 2 0 0 0 0 0 0 0 2 0 0 4 0 149 1 22 127 4 58 71 24 2 765 1 0 1 0 4 5 7 6 83 7 4 0 15 0 0 4 28 0 141
0 0 0 16 9 98 6 23 14 48 0 112 7 1 9 0 0 0 0 11 0 0 0 38 0 0 0 53 0 0 0 0 0 7 1 1 1 47 149 0 200 2319 174 1880 32 3125 2 56 627 1 0 29 3 94 0 2 2 112 0 18 2 347 41 0 1 63 0 65
0 0 2 2 0 13 0 6 4 1 0 4 1 0 4 1 0 0 0 1 0 0 1 26 0 0 0 19 2 0 0 0 0 3 633 0 280 6 1 200 0 635 14 1197 5 4 2 2048 16 2 254 9 56 2 94 1 636 216 1 68 12 4596 243 2871 0 0 13 105
1 0 0 0 6 9 2 2 3 3 0 17 1 0 2 0 0 0 0 0 0 0 0 7 0 0 0 3 0 0 0 1 0 1 18 2 88 10 22 2319 635 0 33 274 25 339 1 2187 65 0 14 4 1 18 4 0 108 26 0 24 0 114 38 7 1 127 1 23
0 2 0 9 2 27 6 7 219 17 2 26 30 4 8 1 0 0 0 6 0 13 0 245 10 0 10 71 2 0 0 0 1 9 1 64 1 29 127 174 14 33 0 58 30 285 26 20 289 2 0 14 8 43 0 428 0 2078 106 17 243 102 35 3 0 17 5 94
0 0 0 4 1 26 2 4 19 12 0 35 7 0 8 0 0 0 0 9 0 1 0 90 0 0 0 12 0 0 0 0 0 0 12 1 1 488 4 1880 1197 274 58 0 5 1285 0 142 17 0 0 2 1 616 1 0 2 89 0 1 0 951 110 1 0 5 2 124
0 3 0 0 0 0 0 0 2 0 54 0 161 0 0 0 0 1 0 0 0 1 0 0 145 39 85 0 0 0 41 1 0 2 2 1 1 0 58 32 5 25 30 5 0 30 595 69 9 0 20 1532 65 1 3 1 3 8 47 830 22 3 316 8 81 253 5 1241
0 0 0 9 5 167 1 10 15 38 0 439 2 0 21 0 0 0 0 13 0 0 0 46 0 0 0 32 1 0 0 0 0 2 5 1 0 459 71 3125 4 339 285 1285 30 0 3 116 671 0 0 18 1 1774 0 0 0 568 0 9 7 226 126 0 0 2 0 132
0 13 0 0 0 1 0 0 2 1 44 0 291 0 7 0 0 0 0 0 0 3 0 0 175 78 236 0 0 0 76 0 0 2 0 22 0 0 24 2 2 1 26 0 595 3 0 0 13 2 0 0 0 0 1 13 0 6 541 15 651 0 2 0 164 39 0 224
0 0 0 0 0 7 1 6 3 2 0 0 1 0 0 0 0 0 0 0 0 0 0 21 0 0 0 8 0 0 0 0 0 0 806 3 104 6 2 56 2048 2187 20 142 69 116 0 0 9 0 93 17 33 19 3 0 83 50 0 81 13 93 1547 126 1 50 9 81
0 0 0 4 6 29 0 9 10 11 0 16 6 0 14 0 0 0 0 14 1 1 0 49 0 0 2 31 1 0 0 0 0 13 0 3 0 44 765 627 16 65 289 17 9 671 13 9 0 7 0 3 0 35 25 14 8 192 1 3 20 77 16 3 0 14 2 41
1 1 3 0 0 2 0 1 3 0 0 0 1 1 2 918 0 0 0 0 100 93 430 192 0 2 150 81 4 5 0 0 1 11 0 1 0 0 1 1 2 0 2 0 0 0 2 0 7 0 0 0 2 0 821 1060 1142 1159 0 1 1387 212 2 15 0 0 0 40
0 4 8 0 0 0 0 0 0 0 0 0 0 0 0 0 3 0 0 0 0 0 2 0 0 12 52 0 0 0 0 0 0 2 39 5 1016 0 0 0 254 14 0 0 20 0 0 93 0 0 0 41 873 0 31 0 838 3 0 619 371 9 28 201 0 0 1 886
0 2 0 0 0 0 0 0 0 0 0 0 0 0 0 0 0 0 0 0 0 0 0 0 0 3 5 0 0 0 0 0 0 0 9 1 1 0 1 29 9 4 14 2 1532 18 0 17 3 0 41 0 707 0 1 1 12 5 0 333 29 0 42 21 0 8 3 265
0 0 1 0 0 0 0 0 0 0 0 0 0 0 0 0 1 0 0 0 0 0 0 0 1 17 14 0 0 0 0 0 0 0 50 0 83 0 0 3 56 1 8 1 65 1 0 33 0 2 873 707 0 0 14 0 53 2 0 735 147 2 105 181 0 0 8 463
0 0 0 6 0 21 5 2 14 6 0 31 3 0 8 0 0 0 0 8 0 0 0 37 0 0 0 5 0 0 0 0 0 0 2 0 0 1950 4 94 2 18 43 616 1 1774 0 19 35 0 0 0 0 0 0 0 0 96 0 0 0 283 29 0 0 1 1 36
0 0 3 0 0 0 0 0 2 0 0 0 0 0 1 71 0 0 0 0 24 11 18 68 0 0 4 22 0 8 0 0 1 9 1 0 42 0 5 0 94 4 0 1 3 0 1 3 25 821 31 1 14 0 0 13 5534 72 0 6 12 1165 13 1909 0 0 6 921
0 49 1 0 1 0 0 0 23 0 0 0 8 0 2 50 0 0 0 0 1 369 9 51 6 7 84 11 1 0 0 0 0 2 1 398 2 0 7 2 1 0 428 0 1 0 13 0 14 1060 0 1 0 0 13 0 21 695 166 1 923 6 1 11 0 0 0 14
0 3 3 0 0 0 0 0 2 0 0 0 3 0 3 383 0 0 0 0 22 8 267 33 0 0 142 15 1 4 0 0 1 2 5 0 2464 0 6 2 636 108 0 2 3 0 0 83 8 1142 838 12 53 0 5534 21 0 55 0 63 1375 318 41 286 0 0 4 1446
0 2 5 80 4 138 20 50 95 206 0 166 5 8 38 36 0 0 0 92 23 55 12 911 7 0 21 498 9 9 0 0 5 61 8 60 6 228 83 112 216 26 2078 89 8 568 6 50 192 1159 3 5 2 96 72 695 55 0 83 1 480 2105 258 49 0 4 31 218
0 27 0 0 0 0 0 0 0 0 12 0 217 1 0 0 0 0 0 0 0 5 0 3 301 16 236 0 0 0 21 0 0 3 0 505 0 0 7 0 1 0 106 0 47 0 541 0 1 0 0 0 0 0 0 166 0 83 0 12 732 1 0 0 3 10 0 20
0 32 31 0 0 0 0 0 1 0 5 0 14 0 0 0 8 0 7 0 0 2 1 0 9 324 497 0 0 0 4 0 0 27 35 20 1695 0 4 18 68 24 17 1 830 9 15 81 3 1 619 333 735 0 6 1 63 1 12 0 2746 2 34 18 114 24 0 85
0 314 161 0 0 1 0 0 10 0 19 0 61 0 1 262 35 1 20 0 3 106 212 43 101 535 4342 13 3 4 37 0 0 87 13 1657 1555 0 0 2 12 0 243 0 22 7 651 13 20 1387 371 29 147 0 12 923 1375 480 732 2746 0 36 16 6 107 1 4 456
1 0 1 3 1 64 6 16 29 22 0 17 3 2 26 17 0 0 0 11 2 6 6 191 0 0 4 92 5 2 0 0 1 27 12 0 41 813 15 347 4596 114 102 951 3 226 0 93 77 212 9 0 2 283 1165 6 318 2105 1 2 36 0 351 420 0 2 65 464
0 1 0 0 0 9 2 6 6 0 2 0 2 1 5 0 0 0 0 0 1 0 0 45 2 0 0 18 0 1 1 0 1 3 1254 0 6 9 0 41 243 38 35 110 316 126 2 1547 16 2 28 42 105 29 13 1 41 258 0 34 16 351 0 905 6 64 794 1042
0 0 0 0 0 1 0 0 0 1 0 0 0 0 2 6 0 0 0 0 11 1 0 36 0 0 0 13 2 1 0 0 1 2 331 0 13 0 0 0 2871 7 3 1 8 0 0 126 3 15 201 21 181 0 1909 11 286 49 0 18 6 420 905 0 0 0 221 665
0 9 0 0 0 1 0 0 0 0 15 0 37 0 0 0 0 1 0 0 0 0 0 0 19 84 88 0 0 0 27 0 0 2 0 1 0 0 4 1 0 1 0 0 81 0 164 1 0 0 0 0 0 0 0 0 0 0 3 114 107 0 6 0 0 7 0 8
0 1 0 0 0 0 0 0 0 0 8 0 17 0 0 0 0 0 0 0 0 0 0 0 10 0 5 0 1 0 1 0 0 1 0 0 0 1 28 63 0 127 17 5 253 2 39 50 14 0 0 8 0 1 0 0 0 4 10 24 1 2 64 0 7 0 0 490
0 0 0 0 0 3 0 1 1 0 0 0 0 0 0 0 0 0 0 0 0 0 0 13 0 0 0 3 0 0 0 0 0 2 1 0 1 0 0 0 13 1 5 2 5 0 0 9 2 0 1 3 8 1 6 0 4 31 0 0 4 65 794 221 0 0 0 246
0 5 2 0 0 22 4 7 10 1 4 4 108 0 8 3 0 0 0 0 5 3 2 77 13 14 64 43 2 1 0 2 0 4 11 2 56 17 141 65 105 23 94 124 1241 132 224 81 41 40 886 265 463 36 921 14 1446 218 20 85 456 464 1042 665 8 490 246 0
