0 0 36 0 0 5 256 25 0 15 5 0 0 870 0 1 50 4 10 0 0 0 48 2 0 25 4 6 945 305 0 0 1 14 2 0 0 0 0 1 0 0 0 0 0 0 0 0 0 0 0 0 0 0 0 0 0 9 0 0 0 1 0 2 0 0 1 1
0 0 1 0 1 0 0 1 51 0 2 1 81 1 1 4 2 0 0 0 0 472 1 98 397 4 2041 0 0 0 0 0 0 2 0 207 2 0 0 0 0 0 0 0 1 0 12 0 0 0 0 0 1 0 0 21 0 0 17 23 177 0 0 0 0 0 0 2
36 1 0 0 0 4 264 115 1 8 0 0 0 176 1 0 1033 2 8 0 66 1 3473 4 0 1639 1914 37 26 34 0 0 1 123 0 6 102 0 0 0 0 0 0 0 0 0 0 0 0 5 15 0 1 0 1 0 34 3 0 6 260 0 0 4 0 0 0 3
0 0 0 0 8 7 0 4 42 526 0 471 2 3 34 0 0 0 0 1969 0 0 0 393 0 0 0 1173 8 0 0 0 0 3 0 0 0 80 0 6 5 0 15 13 0 11 0 0 5 0 0 0 0 54 0 0 0 37 0 0 0 56 0 0 0 0 0 0
0 1 0 8 0 199 2 16 96 2 45 41 66 0 1004 0 0 0 0 7 0 2 4 32 0 1 1 15 10 0 0 14 0 371 0 0 0 0 16 4 0 14 1 15 0 4 0 0 6 0 0 0 0 0 0 0 0 0 0 0 0 0 0 0 0 0 0 4
5 0 4 7 199 0 34 3294 80 2650 51 2830 49 91 1393 0 1 21 13 34 1 0 3 10 0 38 11 50 39 2 0 99 1 36 1 0 0 8 4 26 3 5 9 11 0 71 0 0 6 1 0 0 0 16 1 0 0 24 2 0 0 30 2 1 0 0 0 23
256 0 264 0 2 34 0 223 14 1147 4 2 2 1331 24 0 15 0 7 0 196 1 371 70 0 8 14 4625 143 2008 0 0 19 88 0 0 0 5 0 6 7 1 18 0 0 0 0 0 1 0 0 0 0 4 0 1 0 29 0 0 0 36 2 0 0 0 0 6
25 1 115 4 16 3294 223 0 15 1285 22 273 7 2943 25 0 13 12 5 13 13 0 65 44 0 22 6 43 53 48 1 77 1 20 0 0 0 0 0 29 7 8 16 0 0 2 0 0 4 0 0 0 0 2 0 0 0 43 0 0 0 17 0 0 0 0 0 7
0 51 1 42 96 80 14 15 0 11 9 366 58 2 309 0 2 0 0 61 0 420 0 1524 134 3 193 88 13 4 0 0 0 12 2 2 0 23 3 5 7 2 227 14 0 19 0 1 4 1 0 0 0 10 0 3 0 73 2 0 1 69 7 0 0 0 0 4
15 0 8 526 2 2650 1147 1285 11 0 10 1504 15 381 29 0 0 0 2 1041 0 0 13 32 0 0 0 1008 183 12 0 2 2 126 0 0 0 18 0 24 10 2 16 11 0 12 0 1 4 0 0 0 0 39 0 0 0 75 0 0 0 60 0 0 0 0 2 8
5 2 0 0 45 51 4 22 9 10 0 40 682 14 2 0 44 1387 478 2 2 1 5 1 6 875 5 2 112 3 42 65 1 1061 0 0 0 0 0 0 0 0 2 0 11 0 95 0 0 0 0 0 0 0 0 2 0 0 39 5 11 0 0 0 8 0 0 0
0 1 0 471 41 2830 2 273 366 1504 40 0 22 33 573 0 0 5 0 826 0 0 1 295 1 5 0 236 69 0 0 1 0 108 0 0 0 39 2 86 2 1 28 32 1 493 0 2 21 0 0 0 0 65 0 0 0 30 0 0 0 18 3 0 0 0 0 3
0 81 0 2 66 49 2 7 58 15 682 22 0 0 27 1 0 11 2 10 0 85 0 12 697 112 595 11 29 0 165 15 0 300 0 14 0 0 0 3 2 0 4 0 32 1 1136 0 3 0 0 0 0 1 0 6 0 3 266 18 133 1 0 0 21 0 0 110
870 1 176 3 0 91 1331 2943 2 381 14 33 0 0 5 0 118 12 15 7 20 0 191 8 0 53 5 40 1556 460 1 109 2 34 0 0 0 0 0 1 1 0 0 0 0 0 0 0 0 1 0 0 0 0 0 0 0 8 0 0 0 1 0 0 0 0 0 4
0 1 1 34 1004 1393 24 25 309 29 2 573 27 5 0 5 0 0 0 22 27 5 79 169 4 0 13 111 16 8 0 0 1 35 0 0 0 2 6 5 0 5 3 6 0 17 0 1 12 1 0 0 0 5 1 0 0 9 0 0 0 4 1 0 0 0 0 3
1 4 0 0 0 0 0 0 0 0 0 0 1 0 5 0 0 0 1 0 194 781 826 790 1 0 1193 88 0 5 0 0 0 14 0 0 5 0 0 0 0 0 0 0 0 0 0 0 2 509 0 0 0 0 41 105 167 60 0 0 225 32 0 8 0 0 0 6
50 2 1033 0 0 1 15 13 2 0 44 0 0 118 0 0 0 21 1543 0 31 0 1136 4 0 334 519 4 212 160 0 0 11 1135 0 7 4 0 0 0 0 0 0 0 0 0 0 0 0 0 3 0 0 0 0 0 1 0 0 10 38 0 0 0 0 0 0 1
4 0 2 0 0 21 0 12 0 0 1387 5 11 12 0 0 21 0 871 0 1 0 0 0 0 496 0 0 32 0 0 0 0 64 0 0 0 0 0 0 0 0 0 0 0 0 1 0 0 0 0 0 0 0 0 0 0 0 0 0 1 0 0 0 0 0 0 0
10 0 8 0 0 13 7 5 0 2 478 0 2 15 0 1 1543 871 0 0 5 0 17 0 0 1143 57 2 46 26 0 0 3 468 0 2 0 0 0 0 0 0 0 0 0 0 0 0 0 1 0 0 0 0 0 0 0 0 2 5 5 0 0 0 0 0 0 1
0 0 0 1969 7 34 0 13 61 1041 2 826 10 7 22 0 0 0 0 0 0 0 1 74 0 0 0 364 14 0 0 0 0 16 0 0 0 71 0 22 8 7 9 58 0 33 0 1 6 0 0 0 0 118 0 0 0 36 0 0 0 129 0 0 0 0 0 1
0 0 66 0 0 1 196 13 0 0 2 0 0 20 27 194 31 1 5 0 0 4 6339 20 0 2 34 1640 96 2876 0 0 59 1321 0 0 2 0 0 0 0 0 0 0 0 0 0 0 4 66 1 0 0 0 84 6 43 67 0 0 9 52 1 44 0 0 0 32
0 472 1 0 2 0 1 0 420 0 1 0 85 0 5 781 0 0 0 0 4 0 7 873 165 2 856 11 1 2 0 0 0 3 0 10 0 0 0 0 0 0 19 0 1 0 15 0 0 55 1 0 0 0 1 188 4 28 5 2 57 12 1 2 0 0 0 1
48 1 3473 0 4 3 371 65 0 13 5 1 0 191 79 826 1136 0 17 1 6339 7 0 76 0 151 1707 524 119 700 0 0 15 1247 0 2 44 0 0 0 1 0 1 0 0 0 0 1 0 411 0 0 0 0 14 44 555 23 0 0 442 9 1 7 0 0 0 13
2 98 4 393 32 10 70 44 1524 32 1 295 12 8 169 790 4 0 0 74 20 873 76 0 74 0 688 1175 18 25 0 0 14 56 1 7 1 42 0 1 19 7 37 34 1 15 0 4 4 41 0 0 0 38 29 41 5 305 2 0 16 184 23 14 0 0 2 22
0 397 0 0 0 0 0 0 134 0 6 1 697 0 4 1 0 0 0 0 0 165 0 74 0 6 1454 0 0 0 0 0 0 3 0 44 0 0 0 0 0 0 1 0 3 0 107 0 0 0 0 0 0 0 0 1 0 2 357 23 118 0 0 0 9 0 0 36
25 4 1639 0 1 38 8 22 3 0 875 5 112 53 0 0 334 496 1143 0 2 2 151 0 6 0 4421 0 83 15 188 2 8 263 0 14 11 0 0 0 0 0 0 0 3 0 127 0 0 0 6 0 4 0 0 2 0 0 38 351 547 0 0 0 56 0 0 3
4 2041 1914 0 1 11 14 6 193 0 5 0 595 5 13 1193 519 0 57 0 34 856 1707 688 1454 4421 0 192 19 5 94 0 2 795 0 295 237 0 0 0 1 0 2 0 1 1 113 0 0 95 29 0 12 0 4 108 159 10 203 460 3616 10 0 1 28 0 0 14
6 0 37 1173 15 50 4625 43 88 1008 2 236 11 40 111 88 4 0 2 364 1640 11 524 1175 0 0 192 0 103 698 0 0 21 200 0 1 3 47 1 14 16 5 32 21 0 21 0 4 3 16 0 0 0 52 28 7 12 216 0 0 12 157 20 24 0 0 4 24
945 0 26 8 10 39 143 53 13 183 112 69 29 1556 16 0 212 32 46 14 96 1 119 18 0 83 19 103 0 1446 0 104 849 777 1 0 0 0 0 3 1 2 1 1 0 0 1 2 0 1 0 0 0 0 1 0 0 22 2 0 0 14 6 5 0 0 3 12
305 0 34 0 0 2 2008 48 4 12 3 0 0 460 8 5 160 0 26 0 2876 2 700 25 0 15 5 698 1446 0 0 0 240 620 0 0 0 0 0 0 1 0 3 1 0 0 0 1 0 5 0 0 0 0 15 0 8 32 0 0 3 42 18 28 0 0 5 18
0 0 0 0 0 0 0 1 0 0 42 0 165 1 0 0 0 0 0 0 0 0 0 0 0 188 94 0 0 0 0 0 0 2 0 0 0 0 0 0 0 0 0 0 1 0 59 0 0 0 0 0 0 0 0 0 0 0 3 2 29 0 0 0 6 0 0 0
0 0 0 0 14 99 0 77 0 2 65 1 15 109 0 0 0 0 0 0 0 0 0 0 0 2 0 0 104 0 0 0 0 282 0 0 0 0 0 0 0 0 0 0 0 0 1 0 0 0 0 0 0 0 0 0 0 0 1 0 0 0 0 0 0 0 0 0
1 0 1 0 0 1 19 1 0 2 1 0 0 2 1 0 11 0 3 0 59 0 15 14 0 8 2 21 849 240 0 0 0 379 0 0 0 0 0 0 0 0 0 0 0 0 0 0 0 0 0 0 0 0 0 0 0 5 0 0 0 8 1 2 0 0 0 2
14 2 123 3 371 36 88 20 12 126 1061 108 300 34 35 14 1135 64 468 16 1321 3 1247 56 3 263 795 200 777 620 2 282 379 0 2 2 14 0 2 4 5 2 6 1 0 0 1 4 5 6 1 0 0 1 5 5 9 38 2 12 62 37 19 15 0 0 2 26
2 0 0 0 0 1 0 0 2 0 0 0 0 0 0 0 0 0 0 0 0 0 0 1 0 0 0 0 1 0 0 0 0 2 0 0 17 0 0 5 448 27 0 9 8 4 0 1160 0 0 16 8 20 1 8 0 6 5 0 42 9 4 599 424 0 1 2 28
0 207 6 0 0 0 0 0 2 0 0 0 14 0 0 0 7 0 2 0 0 10 2 7 44 14 295 1 0 0 0 0 0 2 0 0 0 0 2 0 0 2 22 0 10 0 31 2 3 12 1 0 0 0 0 502 1 76 609 7 1662 0 0 0 0 0 0 0
0 2 102 0 0 0 0 0 0 0 0 0 0 0 0 5 4 0 0 0 2 0 44 1 0 11 237 3 0 0 0 0 0 14 17 0 0 0 0 4 73 77 0 47 0 0 0 128 0 0 1007 0 5 0 9 0 1353 0 0 1299 2175 10 0 72 0 0 0 11
0 0 0 80 0 8 5 0 23 18 0 39 0 0 2 0 0 0 0 71 0 0 0 42 0 0 0 47 0 0 0 0 0 0 0 0 0 0 13 12 1 1 101 1230 0 601 0 4 47 0 0 0 0 1287 0 0 0 390 1 0 0 715 6 0 0 0 0 10
0 0 0 0 16 4 0 0 3 0 0 2 0 0 6 0 0 0 0 0 0 0 0 0 0 0 0 1 0 0 0 0 0 2 0 2 0 13 0 390 3 99 123 12 81 34 13 0 920 3 0 0 0 7 3 6 9 50 3 4 0 26 0 0 0 31 0 432
1 0 0 6 4 26 6 29 5 24 0 86 3 1 5 0 0 0 0 22 0 0 0 1 0 0 0 14 3 0 0 0 0 4 5 0 4 12 390 0 269 2980 40 2080 18 2662 1 55 1000 0 0 6 1 26 4 0 4 31 4 4 4 53 52 0 0 3 3 36
0 0 0 5 0 3 7 7 7 10 0 2 2 1 0 0 0 0 0 8 0 0 1 19 0 0 1 16 1 1 0 0 0 5 448 0 73 1 3 269 0 198 6 2370 6 7 0 1281 15 1 54 1 5 1 168 0 214 174 0 14 38 4737 240 1335 0 0 21 120
0 0 0 0 14 5 1 8 2 2 0 1 0 0 5 0 0 0 0 7 0 0 0 7 0 0 0 5 2 0 0 0 0 2 27 2 77 1 99 2980 198 0 10 1078 26 339 0 2087 70 0 6 7 0 9 6 1 105 19 0 29 1 18 54 10 2 126 0 63
0 0 0 15 1 9 18 16 227 16 2 28 4 0 3 0 0 0 0 9 0 19 1 37 1 0 2 32 1 3 0 0 0 6 0 22 0 101 123 40 6 10 0 23 16 272 20 8 219 0 1 1 0 51 2 234 0 2086 158 1 118 101 8 0 0 0 1 10
0 0 0 13 15 11 0 0 14 11 0 32 0 0 6 0 0 0 0 58 0 0 0 34 0 0 0 21 1 1 0 0 0 1 9 0 47 1230 12 2080 2370 1078 23 0 8 1791 0 338 39 0 0 0 4 1062 14 1 92 44 3 1 1 1390 161 1 0 0 6 151
0 1 0 0 0 0 0 0 0 0 11 1 32 0 0 0 0 0 0 0 0 1 0 1 3 3 1 0 0 0 1 0 0 0 8 10 0 0 81 18 6 26 16 8 0 25 620 43 8 0 37 1459 92 2 2 5 1 7 167 786 4 6 181 6 56 145 1 1100
0 0 0 11 4 71 0 2 19 12 0 493 1 0 17 0 0 0 0 33 0 0 0 15 0 0 1 21 0 0 0 0 0 0 4 0 0 601 34 2662 7 339 272 1791 25 0 0 68 274 0 0 6 3 1081 2 2 0 150 0 6 0 166 154 0 0 1 0 197
0 12 0 0 0 0 0 0 0 0 95 0 1136 0 0 0 0 1 0 0 0 15 0 0 107 127 113 0 1 0 59 1 0 1 0 31 0 0 13 1 0 0 20 0 620 0 0 0 0 0 0 0 0 0 0 20 0 7 880 66 833 0 4 0 452 8 0 223
0 0 0 0 0 0 0 0 1 1 0 2 0 0 1 0 0 0 0 1 0 0 1 4 0 0 0 4 2 1 0 0 0 4 1160 2 128 4 0 55 1281 2087 8 338 43 68 0 0 5 0 45 11 9 17 9 1 114 16 0 77 15 13 1231 219 0 52 1 95
0 0 0 5 6 6 1 4 4 4 0 21 3 0 12 2 0 0 0 6 4 0 0 4 0 0 0 3 0 0 0 0 0 5 0 3 0 47 920 1000 15 70 219 39 8 274 0 5 0 5 0 0 0 22 7 6 14 157 7 7 19 69 5 0 0 10 1 43
0 0 5 0 0 1 0 0 1 0 0 0 0 1 1 509 0 0 1 0 66 55 411 41 0 0 95 16 1 5 0 0 0 6 0 12 0 0 3 0 1 0 0 0 0 0 0 0 5 0 2 1 0 0 500 894 1041 933 0 0 1280 205 0 2 0 0 0 18
0 0 15 0 0 0 0 0 0 0 0 0 0 0 0 0 3 0 0 0 1 1 0 0 0 6 29 0 0 0 0 0 0 1 16 1 1007 0 0 0 54 6 1 0 37 0 0 45 0 2 0 29 743 0 33 0 1754 2 0 571 648 1 10 413 0 0 0 1243
0 0 0 0 0 0 0 0 0 0 0 0 0 0 0 0 0 0 0 0 0 0 0 0 0 0 0 0 0 0 0 0 0 0 8 0 0 0 0 6 1 7 1 0 1459 6 0 11 0 1 29 0 695 0 1 0 2 2 0 320 4 1 24 10 0 2 0 227
0 1 1 0 0 0 0 0 0 0 0 0 0 0 0 0 0 0 0 0 0 0 0 0 0 4 12 0 0 0 0 0 0 0 20 0 5 0 0 1 5 0 0 4 92 3 0 9 0 0 743 695 0 0 4 0 7 1 0 1151 82 0 15 25 0 0 0 612
0 0 0 54 0 16 4 2 10 39 0 65 1 0 5 0 0 0 0 118 0 0 0 38 0 0 0 52 0 0 0 0 0 1 1 0 0 1287 7 26 1 9 51 1062 2 1081 0 17 22 0 0 0 0 0 0 0 0 38 1 1 0 61 36 0 0 0 1 43
0 0 1 0 0 1 0 0 0 0 0 0 0 0 1 41 0 0 0 0 84 1 14 29 0 0 4 28 1 15 0 0 0 5 8 0 9 0 3 4 168 6 2 14 2 2 0 9 7 500 33 1 4 0 0 4 5236 39 0 1 24 1536 68 2477 0 0 32 1056
0 21 0 0 0 0 1 0 3 0 2 0 6 0 0 105 0 0 0 0 6 188 44 41 1 2 108 7 0 0 0 0 0 5 0 502 0 0 6 0 0 1 234 1 5 2 20 1 6 894 0 0 0 0 4 0 32 841 186 0 1150 11 0 0 0 1 0 20
0 0 34 0 0 0 0 0 0 0 0 0 0 0 0 167 1 0 0 0 43 4 555 5 0 0 159 12 0 8 0 0 0 9 6 1 1353 0 9 4 214 105 0 92 1 0 0 114 14 1041 1754 2 7 0 5236 32 0 19 0 122 2772 238 34 957 0 0 1 948
9 0 3 37 0 24 29 43 73 75 0 30 3 8 9 60 0 0 0 36 67 28 23 305 2 0 10 216 22 32 0 0 5 38 5 76 0 390 50 31 174 19 2086 44 7 150 7 16 157 933 2 2 1 38 39 841 19 0 176 0 503 2154 60 13 0 0 22 114
0 17 0 0 0 2 0 0 2 0 39 0 266 0 0 0 0 0 2 0 0 5 0 2 357 38 203 0 2 0 3 1 0 2 0 609 0 1 3 4 0 0 158 3 167 0 880 0 7 0 0 0 0 1 0 186 0 176 0 17 1419 0 1 0 2 4 0 199
0 23 6 0 0 0 0 0 0 0 5 0 18 0 0 0 10 0 5 0 0 2 0 0 23 351 460 0 0 0 2 0 0 12 42 7 1299 0 4 4 14 29 1 1 786 6 66 77 7 0 571 320 1151 1 1 0 122 0 17 0 2654 0 22 29 104 11 0 219
0 177 260 0 0 0 0 0 1 0 11 0 133 0 0 225 38 1 5 0 9 57 442 16 118 547 3616 12 0 3 29 0 0 62 9 1662 2175 0 0 4 38 1 118 1 4 0 833 15 19 1280 648 4 82 0 24 1150 2772 503 1419 2654 0 149 1 17 44 0 0 219
1 0 0 56 0 30 36 17 69 60 0 18 1 1 4 32 0 0 0 129 52 12 9 184 0 0 10 157 14 42 0 0 8 37 4 0 10 715 26 53 4737 18 101 1390 6 166 0 13 69 205 1 1 0 61 1536 11 238 2154 0 0 149 0 88 1414 0 0 27 255
0 0 0 0 0 2 2 0 7 0 0 3 0 0 1 0 0 0 0 0 1 1 1 23 0 0 0 20 6 18 0 0 1 19 599 0 0 6 0 52 240 54 8 161 181 154 4 1231 5 0 10 24 15 36 68 0 34 60 1 22 1 88 0 816 2 86 949 1110
2 0 4 0 0 1 0 0 0 0 0 0 0 0 0 8 0 0 0 0 44 2 7 14 0 0 1 24 5 28 0 0 2 15 424 0 72 0 0 0 1335 10 0 1 6 0 0 219 0 2 413 10 25 0 2477 0 957 13 0 29 17 1414 816 0 0 0 185 485
0 0 0 0 0 0 0 0 0 0 8 0 21 0 0 0 0 0 0 0 0 0 0 0 9 56 28 0 0 0 6 0 0 0 0 0 0 0 0 0 0 2 0 0 56 0 452 0 0 0 0 0 0 0 0 0 0 0 2 104 44 0 2 0 0 0 0 24
0 0 0 0 0 0 0 0 0 0 0 0 0 0 0 0 0 0 0 0 0 0 0 0 0 0 0 0 0 0 0 0 0 0 1 0 0 0 31 3 0 126 0 0 145 1 8 52 10 0 0 2 0 0 0 1 0 0 4 11 0 0 86 0 0 0 0 574
1 0 0 0 0 0 0 0 0 2 0 0 0 0 0 0 0 0 0 0 0 0 0 2 0 0 0 4 3 5 0 0 0 2 2 0 0 0 0 3 21 0 1 6 1 0 0 1 1 0 0 0 0 1 32 0 1 22 0 0 0 27 949 185 0 0 0 345
1 2 3 0 4 23 6 7 4 8 0 3 110 4 3 6 1 0 1 1 32 1 13 22 36 3 14 24 12 18 0 0 2 26 28 0 11 10 432 36 120 63 10 151 1100 197 223 95 43 18 1243 227 612 43 1056 20 948 114 199 219 219 255 1110 485 24 574 345 0
