0 0 1 0 0 2 761 119 0 4 0 2 1 2028 0 0 35 0 2 0 0 0 8 0 0 7 0 0 668 140 0 0 0 21 0 0 0 0 0 0 0 0 0 0 0 0 0 0 0 0 0 0 0 0 0 0 0 0 0 0 0 0 0 0 0 0 0 0
0 0 0 0 0 0 0 0 65 0 0 0 29 0 1 5 0 0 2 0 0 333 0 59 229 6 1670 1 0 0 2 0 0 1 0 170 2 0 0 0 0 0 1 0 0 0 0 0 0 0 0 0 0 0 0 15 0 3 11 13 132 0 0 0 0 0 0 0
1 0 0 0 0 0 191 9 0 2 0 0 1 15 0 0 362 0 22 0 218 0 2297 3 0 3179 2772 72 1 5 0 0 0 118 0 0 16 0 0 0 0 0 0 0 0 0 0 0 0 1 1 0 0 0 0 0 0 0 0 15 101 0 0 0 0 0 0 0
0 0 0 0 9 33 2 8 80 1405 0 675 2 1 29 0 0 0 0 1567 0 0 0 612 0 0 1 1658 1 0 0 0 0 6 0 0 0 72 0 1 0 0 32 7 0 66 0 0 5 0 0 0 0 19 0 1 0 150 0 0 0 32 0 0 0 0 0 0
0 0 0 9 0 116 0 0 45 3 7 66 20 0 567 0 0 0 0 4 0 0 0 38 0 0 0 12 1 0 0 152 0 251 0 0 0 0 3 0 0 0 1 0 0 3 0 0 2 0 0 0 0 0 0 0 0 0 0 0 0 0 0 0 0 0 0 0
2 0 0 33 116 0 211 1499 51 1729 27 3001 22 142 278 0 3 1 1 117 0 0 0 30 0 2 0 52 48 5 0 254 0 36 1 0 0 0 0 11 2 0 1 1 0 51 0 1 1 0 0 0 0 21 0 0 0 49 0 0 0 44 0 0 0 0 0 2
761 0 191 2 0 211 0 210 6 2701 28 10 1 1874 17 0 146 1 13 4 3 0 118 50 0 129 1 4259 414 1810 0 1 6 116 0 0 0 1 0 1 0 0 1 0 0 2 0 0 0 0 0 0 0 0 0 0 0 3 0 0 0 2 0 0 0 0 0 0
119 0 9 8 0 1499 210 0 5 411 5 295 2 2867 7 0 205 0 5 27 3 0 18 0 0 24 0 8 48 85 0 17 0 54 0 0 0 0 0 0 0 0 2 0 0 7 0 0 0 0 0 0 0 0 0 0 0 3 0 0 0 0 0 0 0 0 0 0
0 65 0 80 45 51 6 5 0 32 11 208 28 2 333 0 0 0 0 46 0 582 0 2272 198 1 329 312 8 0 0 1 0 19 0 2 0 4 0 7 1 0 74 8 0 14 0 0 2 1 0 0 0 6 2 37 0 97 0 0 0 53 0 0 0 0 0 1
4 0 2 1405 3 1729 2701 411 32 0 8 1533 0 586 48 0 1 0 3 1173 0 0 2 49 0 3 0 1418 143 5 0 3 3 247 0 0 0 7 0 0 1 0 23 0 0 46 0 0 7 0 0 0 0 2 0 0 0 74 0 0 0 4 0 0 0 0 0 0
0 0 0 0 7 27 28 5 11 8 0 32 678 27 0 0 12 926 481 7 0 0 4 5 21 1050 9 2 152 6 29 171 1 853 0 0 0 0 0 0 0 0 0 0 15 0 96 0 0 0 0 0 0 0 0 0 0 0 23 15 25 0 0 0 25 0 0 0
2 0 0 675 66 3001 10 295 208 1533 32 0 8 70 516 0 0 1 0 1457 0 0 0 426 0 0 2 215 46 2 0 0 0 64 0 0 0 23 1 10 1 0 95 8 0 613 0 0 12 0 0 0 0 17 0 0 0 31 0 0 0 60 0 0 0 0 0 0
1 29 1 2 20 22 1 2 28 0 678 8 0 11 11 1 0 1 0 3 5 15 0 10 1125 87 258 10 32 1 271 129 0 307 0 5 0 0 2 3 0 4 1 0 20 2 518 2 0 1 0 1 0 0 1 2 0 1 168 28 132 3 2 1 79 4 0 10
2028 0 15 1 0 142 1874 2867 2 586 27 70 11 0 6 0 243 0 4 15 5 0 59 1 1 44 1 9 1996 301 0 206 1 93 0 0 0 0 0 0 0 0 0 0 0 1 0 0 0 0 0 0 0 0 0 2 0 0 0 0 0 0 0 0 0 0 0 0
0 1 0 29 567 278 17 7 333 48 0 516 11 6 0 1 0 0 0 33 20 4 12 114 2 0 6 112 10 19 0 1 0 21 0 0 0 3 7 2 0 0 3 1 0 8 0 0 17 0 0 0 0 7 1 0 0 10 0 0 0 3 0 0 0 0 0 0
0 5 0 0 0 0 0 0 0 0 0 0 1 0 1 0 0 0 0 0 406 824 859 652 1 0 1356 119 0 0 0 0 0 0 0 1 0 0 0 0 0 0 16 0 0 0 0 0 3 694 0 0 0 0 41 23 177 63 0 0 75 41 0 0 0 0 0 0
35 0 362 0 0 3 146 205 0 1 12 0 0 243 0 0 0 3 1043 0 16 1 934 1 0 1295 409 36 64 161 0 0 7 1364 0 0 8 0 0 0 0 0 0 0 0 0 0 0 0 0 0 0 0 0 0 0 1 0 0 9 28 0 0 0 0 0 0 1
0 0 0 0 0 1 1 0 0 0 926 1 1 0 0 0 3 0 678 0 0 0 0 1 0 295 3 0 27 1 0 2 1 167 0 0 0 0 0 0 0 0 0 0 0 0 0 0 0 0 0 1 0 0 0 0 0 0 0 4 6 0 0 0 0 0 0 0
2 2 22 0 0 1 13 5 0 3 481 0 0 4 0 0 1043 678 0 1 8 1 21 0 0 1611 153 2 30 17 0 0 2 870 0 2 1 0 0 0 0 0 0 0 0 0 0 0 0 0 0 0 0 0 0 0 0 0 0 16 33 0 0 0 0 0 0 0
0 0 0 1567 4 117 4 27 46 1173 7 1457 3 15 33 0 0 0 1 0 0 0 0 135 0 0 0 267 8 1 0 0 0 21 0 0 0 36 0 15 3 0 13 50 0 63 0 0 8 0 0 0 0 73 0 1 0 167 0 0 0 78 0 0 0 0 0 0
0 0 218 0 0 0 3 3 0 0 0 0 5 5 20 406 16 0 8 0 0 12 5213 11 0 30 210 1517 26 3065 0 0 18 868 0 0 0 0 0 0 0 0 6 0 0 0 0 0 0 73 0 0 0 0 7 2 9 13 0 0 6 3 0 1 0 0 0 2
0 333 0 0 0 0 0 0 582 0 0 0 15 0 4 824 1 0 1 0 12 0 0 944 147 3 990 53 0 0 4 0 0 1 0 8 0 0 0 1 0 0 32 0 0 0 0 0 1 42 0 0 0 0 2 101 6 30 2 3 69 23 1 0 0 0 0 0
8 0 2297 0 0 0 118 18 0 2 4 0 0 59 12 859 934 0 21 0 5213 0 0 15 0 334 2051 362 26 238 0 0 1 1532 0 0 1 0 0 0 0 0 1 0 0 0 0 0 0 232 0 0 0 0 10 0 123 13 0 1 62 13 0 0 0 0 0 0
0 59 3 612 38 30 50 0 2272 49 5 426 10 1 114 652 1 1 0 135 11 944 15 0 53 0 339 1565 6 0 0 0 0 14 2 3 1 40 0 20 4 0 63 81 0 85 0 1 2 89 0 0 0 61 16 39 17 568 0 0 18 350 2 0 0 0 0 7
0 229 0 0 0 0 0 0 198 0 21 0 1125 1 2 1 0 0 0 0 0 147 0 53 0 10 1029 0 0 0 4 0 0 2 0 19 0 0 0 0 0 0 1 0 5 0 138 0 0 0 0 0 0 0 0 1 0 1 212 18 165 0 0 0 2 0 0 0
7 6 3179 0 0 2 129 24 1 3 1050 0 87 44 0 0 1295 295 1611 0 30 3 334 0 10 0 3282 19 11 9 182 0 0 122 0 4 25 0 0 0 0 0 0 0 4 0 76 0 0 0 0 6 12 0 0 0 0 0 11 330 652 0 0 0 28 0 0 0
0 1670 2772 1 0 0 1 0 329 0 9 2 258 1 6 1356 409 3 153 0 210 990 2051 339 1029 3282 0 178 2 1 106 0 0 630 0 440 123 0 0 0 0 0 0 0 0 0 46 0 0 363 7 1 10 0 1 61 140 31 243 452 5230 2 0 0 8 0 0 1
0 1 72 1658 12 52 4259 8 312 1418 2 215 10 9 112 119 36 0 2 267 1517 53 362 1565 0 19 178 0 61 1126 0 1 5 141 1 1 0 47 0 5 4 0 66 2 0 104 0 1 10 60 0 0 0 24 12 9 6 421 0 0 2 112 2 3 0 0 4 11
668 0 1 1 1 48 414 48 8 143 152 46 32 1996 10 0 64 27 30 8 26 0 26 6 0 11 2 61 0 1339 0 47 1105 1369 0 0 0 0 0 0 0 2 0 0 2 0 0 1 0 0 0 0 0 0 1 0 0 3 1 0 0 5 0 0 0 0 0 0
140 0 5 0 0 5 1810 85 0 5 6 2 1 301 19 0 161 1 17 1 3065 0 238 0 0 9 1 1126 1339 0 0 0 387 743 0 0 0 0 0 0 0 0 0 0 0 0 0 0 0 0 0 0 0 0 0 0 0 1 0 0 0 3 0 0 0 0 1 0
0 2 0 0 0 0 0 0 0 0 29 0 271 0 0 0 0 0 0 0 0 4 0 0 4 182 106 0 0 0 0 0 0 1 0 0 0 0 0 0 0 0 0 0 1 0 79 0 0 0 0 1 0 0 0 0 0 0 7 36 70 0 0 0 12 0 0 0
0 0 0 0 152 254 1 17 1 3 171 0 129 206 1 0 0 2 0 0 0 0 0 0 0 0 0 1 47 0 0 0 0 485 0 0 0 0 0 0 0 0 0 0 1 0 0 1 0 0 0 0 0 0 0 0 0 0 0 0 0 0 0 0 0 0 0 1
0 0 0 0 0 0 6 0 0 3 1 0 0 1 0 0 7 1 2 0 18 0 1 0 0 0 0 5 1105 387 0 0 0 387 0 0 0 0 0 0 0 0 0 0 0 0 0 0 0 0 0 0 0 0 0 0 0 0 0 0 0 0 0 0 0 0 0 0
21 1 118 6 251 36 116 54 19 247 853 64 307 93 21 0 1364 167 870 21 868 1 1532 14 2 122 630 141 1369 743 1 485 387 0 1 0 1 0 0 1 0 0 0 0 0 2 0 1 0 0 0 0 0 0 3 0 0 4 1 7 19 9 0 0 0 1 0 1
0 0 0 0 0 1 0 0 0 0 0 0 0 0 0 0 0 0 0 0 0 0 0 2 0 0 0 1 0 0 0 0 0 1 0 0 0 0 0 4 338 30 0 10 20 10 0 1919 1 0 0 3 1 3 0 0 0 0 0 2 0 5 981 277 0 0 0 48
0 170 0 0 0 0 0 0 2 0 0 0 5 0 0 1 0 0 2 0 0 8 0 3 19 4 440 1 0 0 0 0 0 0 0 0 0 0 0 0 0 0 232 0 0 1 4 0 10 39 1 0 0 0 0 428 0 116 584 3 1778 2 0 0 0 0 0 1
0 2 16 0 0 0 0 0 0 0 0 0 0 0 0 0 8 0 1 0 0 0 1 1 0 25 123 0 0 0 0 0 0 1 0 0 0 0 0 0 109 10 0 1 0 0 0 5 0 0 274 0 2 0 220 0 3589 0 0 1817 2507 57 0 10 0 0 0 41
0 0 0 72 0 0 1 0 4 7 0 23 0 0 3 0 0 0 0 36 0 0 0 40 0 0 0 47 0 0 0 0 0 0 0 0 0 0 4 10 0 4 37 1619 0 426 0 0 13 0 0 0 0 2164 0 1 0 543 0 0 0 1813 6 0 0 0 0 12
0 0 0 0 3 0 0 0 0 0 0 1 2 0 7 0 0 0 0 0 0 0 0 0 0 0 0 0 0 0 0 0 0 0 0 0 0 4 0 270 2 1 41 3 25 87 25 0 426 0 0 0 0 2 2 1 10 43 2 0 0 20 0 0 0 290 0 161
0 0 0 1 0 11 1 0 7 0 0 10 3 0 2 0 0 0 0 15 0 1 0 20 0 0 0 5 0 0 0 0 0 1 4 0 0 10 270 0 232 2306 58 2133 11 3255 3 50 760 1 0 0 0 39 0 1 1 27 0 0 1 77 42 1 0 231 0 66
0 0 0 0 0 2 0 0 1 1 0 1 0 0 0 0 0 0 0 3 0 0 0 4 0 0 0 4 0 0 0 0 0 0 338 0 109 0 2 232 0 1026 11 2467 10 11 0 2165 17 5 279 2 5 3 230 1 75 16 0 204 6 4423 111 2010 0 0 12 186
0 0 0 0 0 0 0 0 0 0 0 0 4 0 0 0 0 0 0 0 0 0 0 0 0 0 0 0 2 0 0 0 0 0 30 0 10 4 1 2306 1026 0 10 359 16 176 0 2195 16 0 1 0 0 9 3 0 1 8 0 5 0 22 20 6 0 185 0 31
0 1 0 32 1 1 1 2 74 23 0 95 1 0 3 16 0 0 0 13 6 32 1 63 1 0 0 66 0 0 0 0 0 0 0 232 0 37 41 58 11 10 0 49 4 232 3 14 299 0 0 0 0 24 1 666 0 1799 133 1 30 212 7 0 0 1 1 10
0 0 0 7 0 1 0 0 8 0 0 8 0 0 1 0 0 0 0 50 0 0 0 81 0 0 0 2 0 0 0 0 0 0 10 0 1 1619 3 2133 2467 359 49 0 15 2483 0 145 45 1 0 0 1 884 0 0 0 42 0 0 0 1532 97 0 0 0 2 217
0 0 0 0 0 0 0 0 0 0 15 0 20 0 0 0 0 0 0 0 0 0 0 0 5 4 0 0 2 0 1 1 0 0 20 0 0 0 25 11 10 16 4 15 0 24 806 138 3 1 14 922 363 3 0 1 1 4 34 416 2 8 144 14 139 349 2 1171
0 0 0 66 3 51 2 7 14 46 0 613 2 1 8 0 0 0 0 63 0 0 0 85 0 0 0 104 0 0 0 0 0 2 10 1 0 426 87 3255 11 176 232 2483 24 0 1 51 821 0 0 2 0 2008 0 3 0 515 0 0 1 347 43 0 0 12 0 133
0 0 0 0 0 0 0 0 0 0 96 0 518 0 0 0 0 0 0 0 0 0 0 0 138 76 46 0 0 0 79 0 0 0 0 4 0 0 25 3 0 0 3 0 806 1 0 13 0 0 0 6 0 0 0 2 0 0 1205 86 460 0 7 0 452 170 0 21
0 0 0 0 0 1 0 0 0 0 0 0 2 0 0 0 0 0 0 0 0 0 0 1 0 0 0 1 1 0 0 1 0 1 1919 0 5 0 0 50 2165 2195 14 145 138 51 13 0 9 0 0 4 0 9 2 0 2 2 1 9 0 10 1839 318 5 9 0 171
0 0 0 5 2 1 0 0 2 7 0 12 0 0 17 3 0 0 0 8 0 1 0 2 0 0 0 10 0 0 0 0 0 0 1 10 0 13 426 760 17 16 299 45 3 821 0 9 0 1 0 0 0 11 33 3 6 103 4 0 1 103 3 0 0 17 0 8
0 0 1 0 0 0 0 0 1 0 0 0 1 0 0 694 0 0 0 0 73 42 232 89 0 0 363 60 0 0 0 0 0 0 0 39 0 0 0 1 5 0 0 1 1 0 0 0 1 0 0 0 0 0 895 818 465 1238 9 0 796 569 0 2 0 0 0 0
0 0 1 0 0 0 0 0 0 0 0 0 0 0 0 0 0 0 0 0 0 0 0 0 0 0 7 0 0 0 0 0 0 0 0 1 274 0 0 0 279 1 0 0 14 0 0 0 0 0 0 1 623 0 52 0 1438 0 0 537 131 9 6 136 0 0 1 1244
0 0 0 0 0 0 0 0 0 0 0 0 1 0 0 0 0 1 0 0 0 0 0 0 0 6 1 0 0 0 1 0 0 0 3 0 0 0 0 0 2 0 0 0 922 2 6 4 0 0 1 0 295 1 0 0 0 0 0 412 2 1 1 2 1 0 2 246
0 0 0 0 0 0 0 0 0 0 0 0 0 0 0 0 0 0 0 0 0 0 0 0 0 12 10 0 0 0 0 0 0 0 1 0 2 0 0 0 5 0 0 1 363 0 0 0 0 0 623 295 0 0 3 0 10 0 0 1467 105 2 2 21 0 0 0 793
0 0 0 19 0 21 0 0 6 2 0 17 0 0 7 0 0 0 0 73 0 0 0 61 0 0 0 24 0 0 0 0 0 0 3 0 0 2164 2 39 3 9 24 884 3 2008 0 9 11 0 0 1 0 0 0 1 0 173 0 0 0 450 8 0 0 1 0 28
0 0 0 0 0 0 0 0 2 0 0 0 1 0 1 41 0 0 0 0 7 2 10 16 0 0 1 12 1 0 0 0 0 3 0 0 220 0 2 0 230 3 1 0 0 0 0 2 33 895 52 0 3 0 0 3 5759 14 2 122 14 2199 28 1944 0 0 10 922
0 15 0 1 0 0 0 0 37 0 0 0 2 2 0 23 0 0 0 1 2 101 0 39 1 0 61 9 0 0 0 0 0 0 0 428 0 1 1 1 1 0 666 0 1 3 2 0 3 818 0 0 0 1 3 0 2 1227 40 0 600 80 0 0 0 0 0 2
0 0 0 0 0 0 0 0 0 0 0 0 0 0 0 177 1 0 0 0 9 6 123 17 0 0 140 6 0 0 0 0 0 0 0 0 3589 0 10 1 75 1 0 0 1 0 0 2 6 465 1438 0 10 0 5759 2 0 14 1 437 935 105 3 275 0 0 0 937
0 3 0 150 0 49 3 3 97 74 0 31 1 0 10 63 0 0 0 167 13 30 13 568 1 0 31 421 3 1 0 0 0 4 0 116 0 543 43 27 16 8 1799 42 4 515 0 2 103 1238 0 0 0 173 14 1227 14 0 17 0 125 2438 5 2 0 0 0 15
0 11 0 0 0 0 0 0 0 0 23 0 168 0 0 0 0 0 0 0 0 2 0 0 212 11 243 0 1 0 7 0 0 1 0 584 0 0 2 0 0 0 133 0 34 0 1205 1 4 9 0 0 0 0 2 40 1 17 0 3 1447 1 0 0 0 9 0 6
0 13 15 0 0 0 0 0 0 0 15 0 28 0 0 0 9 4 16 0 0 3 1 0 18 330 452 0 0 0 36 0 0 7 2 3 1817 0 0 0 204 5 1 0 416 0 86 9 0 0 537 412 1467 0 122 0 437 0 3 0 2148 55 2 28 324 1 0 89
0 132 101 0 0 0 0 0 0 0 25 0 132 0 0 75 28 6 33 0 6 69 62 18 165 652 5230 2 0 0 70 0 0 19 0 1778 2507 0 0 1 6 0 30 0 2 1 460 0 1 796 131 2 105 0 14 600 935 125 1447 2148 0 8 0 6 250 0 1 117
0 0 0 32 0 44 2 0 53 4 0 60 3 0 3 41 0 0 0 78 3 23 13 350 0 0 2 112 5 3 0 0 0 9 5 2 57 1813 20 77 4423 22 212 1532 8 347 0 10 103 569 9 1 2 450 2199 80 105 2438 1 55 8 0 168 490 0 0 47 246
0 0 0 0 0 0 0 0 0 0 0 0 2 0 0 0 0 0 0 0 0 1 0 2 0 0 0 2 0 0 0 0 0 0 981 0 0 6 0 42 111 20 7 97 144 43 7 1839 3 0 6 1 2 8 28 0 3 5 0 2 0 168 0 795 3 170 1352 987
0 0 0 0 0 0 0 0 0 0 0 0 1 0 0 0 0 0 0 0 1 0 0 0 0 0 0 3 0 0 0 0 0 0 277 0 10 0 0 1 2010 6 0 0 14 0 0 318 0 2 136 2 21 0 1944 0 275 2 0 28 6 490 795 0 0 0 263 824
0 0 0 0 0 0 0 0 0 0 25 0 79 0 0 0 0 0 0 0 0 0 0 0 2 28 8 0 0 0 12 0 0 0 0 0 0 0 0 0 0 0 0 0 139 0 452 5 0 0 0 1 0 0 0 0 0 0 0 324 250 0 3 0 0 2 0 7
0 0 0 0 0 0 0 0 0 0 0 0 4 0 0 0 0 0 0 0 0 0 0 0 0 0 0 0 0 0 0 0 0 1 0 0 0 0 290 231 0 185 1 0 349 12 170 9 17 0 0 0 0 1 0 0 0 0 9 1 0 0 170 0 2 0 0 490
0 0 0 0 0 0 0 0 0 0 0 0 0 0 0 0 0 0 0 0 0 0 0 0 0 0 0 4 0 1 0 0 0 0 0 0 0 0 0 0 12 0 1 2 2 0 0 0 0 0 1 2 0 0 10 0 0 0 0 0 1 47 1352 263 0 0 0 567
0 0 0 0 0 2 0 0 1 0 0 0 10 0 0 0 1 0 0 0 2 0 0 7 0 0 1 11 0 0 0 1 0 1 48 1 41 12 161 66 186 31 10 217 1171 133 21 171 8 0 1244 246 793 28 922 2 937 15 6 89 117 246 987 824 7 490 567 0
