0 0 2 0 0 1 277 38 0 1 1 0 0 1174 0 0 12 2 3 0 1 0 20 0 0 3 0 0 926 290 0 0 3 6 1 0 0 0 0 0 0 0 0 0 0 0 0 0 0 0 0 0 0 0 0 0 0 0 0 0 0 1 1 0 0 0 0 0
0 0 0 0 0 0 0 0 34 0 0 0 111 0 0 2 2 0 0 0 0 309 0 60 267 4 1568 2 0 0 0 0 0 2 0 170 0 0 0 0 0 0 3 0 0 0 8 0 0 3 2 0 2 0 0 42 6 2 4 9 195 1 0 0 1 0 0 0
2 0 0 0 1 8 215 50 0 0 0 0 1 19 0 0 2560 2 7 0 55 1 2361 2 0 1886 3521 57 2 19 0 0 2 75 0 13 96 0 0 0 0 0 0 0 0 0 3 0 0 8 18 0 4 0 1 5 29 1 1 60 360 0 0 0 0 0 0 4
0 0 0 0 1 10 0 3 71 642 0 568 1 2 11 0 0 0 0 2680 0 0 0 686 0 0 4 1638 6 0 0 0 0 6 0 0 0 167 0 1 1 0 9 3 0 38 0 0 3 0 0 0 0 72 0 0 0 79 0 0 0 38 0 0 0 0 0 0
0 0 1 1 0 322 1 0 168 1 68 52 21 0 1004 0 0 0 0 6 15 2 12 23 0 0 1 4 0 0 0 190 0 265 0 0 0 0 11 4 0 0 1 2 0 0 0 0 15 0 0 0 0 0 1 0 1 1 0 0 0 0 0 0 0 0 0 0
1 0 8 10 322 0 460 1858 38 2266 21 4247 36 68 577 0 6 2 2 154 0 0 14 16 0 0 0 139 88 0 0 31 0 39 0 0 0 1 0 5 1 1 8 2 4 31 0 0 15 1 0 0 0 7 0 0 0 35 0 0 0 28 2 0 0 0 0 5
277 0 215 0 1 460 0 612 2 1747 10 15 12 929 36 0 25 4 6 1 121 0 346 24 0 6 2 3511 402 1203 0 1 41 144 0 0 0 0 0 0 0 0 1 0 0 2 1 0 2 0 0 0 0 6 0 0 0 13 0 0 0 5 0 0 0 0 0 0
38 0 50 3 0 1858 612 0 1 809 10 305 28 2250 23 0 200 0 18 12 7 0 194 1 0 7 0 12 55 44 0 0 0 16 0 0 0 0 1 1 0 1 0 0 1 0 0 0 0 0 0 0 0 1 0 0 0 1 0 0 0 1 1 0 0 0 0 0
0 34 0 71 168 38 2 1 0 16 8 354 10 0 316 0 0 0 0 86 0 598 0 2145 24 1 208 95 3 1 0 3 0 6 1 1 0 15 5 9 2 1 212 14 1 59 0 2 11 0 0 0 0 21 0 10 0 120 0 0 3 33 0 0 0 3 0 1
1 0 0 642 1 2266 1747 809 16 0 9 1086 8 266 22 0 1 3 2 1036 0 0 0 120 0 0 1 909 173 0 0 1 0 109 0 0 0 3 0 1 1 0 18 2 0 57 1 0 5 0 0 0 0 21 0 0 0 98 0 0 0 14 0 0 0 0 0 0
1 0 0 0 68 21 10 10 8 9 0 47 385 9 3 0 17 1388 452 9 2 0 1 0 120 648 19 5 201 1 58 101 1 854 0 7 0 0 0 0 0 0 1 0 53 0 159 0 0 0 0 1 0 0 0 0 0 0 28 19 24 0 2 0 17 3 0 1
0 0 0 568 52 4247 15 305 354 1086 47 0 37 135 768 0 0 2 2 2104 0 2 0 708 0 3 1 258 155 0 0 1 0 126 0 0 0 32 2 44 1 0 19 17 2 499 0 0 25 0 0 0 0 48 0 0 1 48 0 0 0 19 2 0 0 0 0 3
0 111 1 1 21 36 12 28 10 8 385 37 0 7 79 1 0 1 0 11 3 50 6 8 761 23 406 19 33 0 207 56 0 208 0 21 0 3 1 1 2 3 3 2 77 14 456 4 23 0 0 1 0 9 2 3 1 2 103 34 103 3 2 0 46 4 0 12
1174 0 19 2 0 68 929 2250 0 266 9 135 7 0 0 0 188 2 17 10 17 0 189 2 0 11 0 25 1660 434 0 0 1 30 0 0 0 0 0 0 0 0 1 0 0 1 0 0 2 0 0 0 0 0 0 0 0 4 0 0 0 3 0 0 0 0 0 0
0 0 0 11 1004 577 36 23 316 22 3 768 79 0 0 0 0 0 0 15 34 7 12 113 0 0 7 95 19 1 0 32 0 36 0 0 0 2 4 5 0 0 5 4 1 16 0 0 27 1 0 0 0 4 4 0 2 11 0 0 0 6 1 0 0 0 0 1
0 2 0 0 0 0 0 0 0 0 0 0 1 0 0 0 0 0 0 0 466 967 1054 360 0 0 531 59 0 0 0 0 0 2 1 1 2 0 0 0 0 0 2 0 0 0 0 0 0 552 1 0 0 0 46 166 381 73 0 0 29 36 3 5 0 0 1 2
12 2 2560 0 0 6 25 200 0 1 17 0 0 188 0 0 0 17 1971 0 18 0 1104 0 0 1442 326 2 140 207 0 0 4 1024 0 3 5 0 0 0 0 0 0 0 0 0 4 0 0 1 1 0 1 0 0 4 2 0 1 39 92 0 0 0 1 0 0 2
2 0 2 0 0 2 4 0 0 3 1388 2 1 2 0 0 17 0 334 1 0 1 0 0 0 375 1 0 31 2 0 1 2 77 0 0 0 0 0 0 0 0 0 0 0 0 2 0 0 0 1 0 0 0 0 0 0 0 0 2 3 0 0 0 0 0 0 0
3 0 7 0 0 2 6 18 0 2 452 2 0 17 0 0 1971 334 0 0 9 1 13 0 0 770 72 4 73 21 0 0 7 1030 0 2 0 0 0 0 0 0 0 0 0 0 1 0 0 0 0 0 0 0 0 1 0 0 0 11 21 0 0 0 0 0 0 0
0 0 0 2680 6 154 1 12 86 1036 9 2104 11 10 15 0 0 1 0 0 0 0 0 267 0 0 0 743 25 0 0 0 0 15 0 0 0 34 1 5 11 0 9 12 0 75 0 0 14 0 0 0 0 214 0 0 0 140 0 0 0 132 0 0 0 0 0 0
1 0 55 0 15 0 121 7 0 0 2 0 3 17 34 466 18 0 9 0 0 22 5165 36 0 3 26 1283 67 2175 0 0 16 1465 0 0 0 0 0 0 1 0 2 0 0 0 1 0 1 44 0 0 0 0 19 42 10 80 0 0 1 28 4 7 0 0 1 18
0 309 1 0 2 0 0 0 598 0 0 2 50 0 7 967 0 1 1 0 22 0 11 651 107 7 1065 8 1 0 0 0 0 0 1 10 2 2 0 0 0 0 39 0 0 2 2 0 1 86 0 0 0 0 5 266 13 57 1 2 48 6 1 1 0 0 0 0
20 0 2361 0 12 14 346 194 0 0 1 0 6 189 12 1054 1104 0 13 0 5165 11 0 38 0 31 1797 354 36 411 0 0 7 1624 0 3 100 0 0 0 0 0 0 0 0 0 1 0 0 331 1 0 0 0 23 34 993 15 0 10 321 6 0 0 0 0 0 6
0 60 2 686 23 16 24 1 2145 120 0 708 8 2 113 360 0 0 0 267 36 651 38 0 21 1 493 1420 31 0 0 1 3 18 1 1 1 90 1 11 11 0 203 53 0 114 0 0 40 53 0 0 0 95 8 57 10 846 0 0 15 373 9 0 0 0 1 25
0 267 0 0 0 0 0 0 24 0 120 0 761 0 0 0 0 0 0 0 0 107 0 21 0 11 1075 0 0 0 2 3 0 1 0 97 1 0 0 0 0 0 6 0 17 0 111 0 0 0 0 0 0 0 0 5 0 1 305 5 130 0 0 0 4 1 0 6
3 4 1886 0 0 0 6 7 1 0 648 3 23 11 0 0 1442 375 770 0 3 7 31 1 11 0 2630 1 17 2 139 0 0 134 0 21 2 0 0 0 0 0 0 0 14 0 156 0 0 0 4 2 0 0 0 6 0 0 12 217 442 0 0 0 34 0 0 0
0 1568 3521 4 1 0 2 0 208 1 19 1 406 0 7 531 326 1 72 0 26 1065 1797 493 1075 2630 0 215 11 1 91 0 1 408 0 458 254 0 0 0 0 0 12 0 7 0 175 0 0 353 47 2 9 0 1 413 483 21 78 318 4533 3 1 0 30 0 0 20
0 2 57 1638 4 139 3511 12 95 909 5 258 19 25 95 59 2 0 4 743 1283 8 354 1420 0 1 215 0 150 1016 0 0 64 406 3 0 1 39 0 15 7 0 85 12 0 76 0 0 64 27 0 0 0 125 6 11 6 561 0 0 8 218 2 4 0 0 1 12
926 0 2 6 0 88 402 55 3 173 201 155 33 1660 19 0 140 31 73 25 67 1 36 31 0 17 11 150 0 1175 0 44 903 714 0 0 0 0 0 1 0 1 2 0 1 3 0 1 0 2 0 0 0 0 1 0 0 11 0 0 0 4 1 0 0 0 0 0
290 0 19 0 0 0 1203 44 1 0 1 0 0 434 1 0 207 2 21 0 2175 0 411 0 0 2 1 1016 1175 0 0 0 200 484 0 0 0 0 0 0 0 0 0 0 0 0 0 0 0 0 0 0 0 0 0 0 0 1 0 0 0 1 1 0 0 0 0 0
0 0 0 0 0 0 0 0 0 0 58 0 207 0 0 0 0 0 0 0 0 0 0 0 2 139 91 0 0 0 0 0 0 0 0 0 0 0 0 0 0 0 0 0 12 0 57 0 0 0 0 1 0 0 0 1 0 0 7 11 28 0 0 0 11 0 0 0
0 0 0 0 190 31 1 0 3 1 101 1 56 0 32 0 0 1 0 0 0 0 0 1 3 0 0 0 44 0 0 0 0 316 0 0 0 0 0 1 0 0 0 0 3 0 2 0 1 0 0 0 0 0 0 0 0 0 0 0 0 0 0 0 0 0 0 0
3 0 2 0 0 0 41 0 0 0 1 0 0 1 0 0 4 2 7 0 16 0 7 3 0 0 1 64 903 200 0 0 0 460 0 0 0 0 0 0 0 0 0 0 0 0 0 0 0 0 0 0 0 0 0 0 0 2 0 0 0 2 0 0 0 0 0 0
6 2 75 6 265 39 144 16 6 109 854 126 208 30 36 2 1024 77 1030 15 1465 0 1624 18 1 134 408 406 714 484 0 316 460 0 1 3 6 0 0 0 0 1 7 0 3 6 3 1 8 4 1 0 0 0 5 5 35 21 1 9 82 17 0 0 0 0 0 4
1 0 0 0 0 0 0 0 1 0 0 0 0 0 0 1 0 0 0 0 0 1 0 1 0 0 0 3 0 0 0 0 0 1 0 0 2 0 0 0 1289 7 0 1 2 1 0 366 0 0 26 2 7 0 0 0 10 2 0 13 1 7 1455 397 0 0 15 25
0 170 13 0 0 0 0 0 1 0 7 0 21 0 0 1 3 0 2 0 0 10 3 1 97 21 458 0 0 0 0 0 0 3 0 0 3 0 1 0 1 1 128 0 0 0 43 0 8 0 3 0 1 0 1 393 2 89 512 3 1150 2 0 0 0 0 0 0
0 0 96 0 0 0 0 0 0 0 0 0 0 0 0 2 5 0 0 0 0 2 100 1 1 2 254 1 0 0 0 0 0 6 2 3 0 0 0 5 176 14 0 0 1 0 0 30 1 2 1131 0 4 0 85 0 2423 1 0 1930 3070 43 2 2 0 0 0 32
0 0 0 167 0 1 0 0 15 3 0 32 3 0 2 0 0 0 0 34 0 2 0 90 0 0 0 39 0 0 0 0 0 0 0 0 0 0 6 27 2 5 79 1519 2 852 0 6 10 0 0 0 0 2019 0 0 0 758 1 0 1 1605 7 0 0 0 0 18
0 0 0 0 11 0 0 1 5 0 0 2 1 0 4 0 0 0 0 1 0 0 0 1 0 0 0 0 0 0 0 0 0 0 0 1 0 6 0 158 4 4 143 6 27 50 15 1 1066 0 0 0 0 3 0 6 1 65 0 0 0 10 0 0 0 382 0 242
0 0 0 1 4 5 0 1 9 1 0 44 1 0 5 0 0 0 0 5 0 0 0 11 0 0 0 15 1 0 0 1 0 0 0 0 5 27 158 0 282 1553 56 2210 32 2562 3 106 833 0 0 0 0 250 0 4 3 56 0 0 0 234 46 0 0 109 0 35
0 0 0 1 0 1 0 0 2 1 0 1 2 0 0 0 0 0 0 11 1 0 0 11 0 0 0 7 0 0 0 0 0 0 1289 1 176 2 4 282 0 579 5 904 26 85 2 1403 44 9 119 1 19 5 207 0 543 152 0 23 3 4515 374 1819 0 4 21 175
0 0 0 0 0 1 0 1 1 0 0 0 3 0 0 0 0 0 0 0 0 0 0 0 0 0 0 0 1 0 0 0 0 1 7 1 14 5 4 1553 579 0 15 703 20 150 1 3248 42 0 22 1 2 15 4 0 28 15 0 0 0 37 100 1 0 454 0 20
0 3 0 9 1 8 1 0 212 18 1 19 3 1 5 2 0 0 0 9 2 39 0 203 6 0 12 85 2 0 0 0 0 7 0 128 0 79 143 56 5 15 0 12 11 488 11 8 268 0 1 2 1 88 0 350 0 2190 69 2 170 75 19 0 0 24 0 27
0 0 0 3 2 2 0 0 14 2 0 17 2 0 4 0 0 0 0 12 0 0 0 53 0 0 0 12 0 0 0 0 0 0 1 0 0 1519 6 2210 904 703 12 0 46 1388 2 631 49 0 0 1 0 1474 0 0 1 79 0 0 1 1969 162 0 0 2 0 179
0 0 0 0 0 4 0 1 1 0 53 2 77 0 1 0 0 0 0 0 0 0 0 0 17 14 7 0 1 0 12 3 0 3 2 0 1 2 27 32 26 20 11 46 0 112 571 45 7 0 35 1271 123 27 1 2 4 13 28 678 13 25 250 7 64 302 0 1023
0 0 0 38 0 31 2 0 59 57 0 499 14 1 16 0 0 0 0 75 0 2 0 114 0 0 0 76 3 0 0 0 0 6 1 0 0 852 50 2562 85 150 488 1388 112 0 0 128 611 0 0 2 5 2758 0 1 0 609 0 3 0 264 186 0 0 8 0 163
0 8 3 0 0 0 1 0 0 1 159 0 456 0 0 0 4 2 1 0 1 2 1 0 111 156 175 0 0 0 57 2 0 3 0 43 0 0 15 3 2 1 11 2 571 0 0 1 7 0 0 3 0 2 0 5 1 1 392 106 646 0 11 0 268 107 0 41
0 0 0 0 0 0 0 0 2 0 0 0 4 0 0 0 0 0 0 0 0 0 0 0 0 0 0 0 1 0 0 0 0 1 366 0 30 6 1 106 1403 3248 8 631 45 128 1 0 27 0 78 3 14 18 8 0 72 12 0 26 1 32 1582 60 1 4 0 59
0 0 0 3 15 15 2 0 11 5 0 25 23 2 27 0 0 0 0 14 1 1 0 40 0 0 0 64 0 0 0 1 0 8 0 8 1 10 1066 833 44 42 268 49 7 611 7 27 0 0 0 0 0 18 13 6 9 125 4 0 6 83 8 0 0 39 0 19
0 3 8 0 0 1 0 0 0 0 0 0 0 0 1 552 1 0 0 0 44 86 331 53 0 0 353 27 2 0 0 0 0 4 0 0 2 0 0 0 9 0 0 0 0 0 0 0 0 0 1 1 4 0 646 1105 996 818 0 0 1341 486 4 1 0 0 0 3
0 2 18 0 0 0 0 0 0 0 0 0 0 0 0 1 1 1 0 0 0 0 1 0 0 4 47 0 0 0 0 0 0 1 26 3 1131 0 0 0 119 22 1 0 35 0 0 78 0 1 0 44 749 0 29 0 1536 0 0 268 404 12 5 184 0 0 0 843
0 0 0 0 0 0 0 0 0 0 1 0 1 0 0 0 0 0 0 0 0 0 0 0 0 2 2 0 0 0 1 0 0 0 2 0 0 0 0 0 1 1 2 1 1271 2 3 3 0 1 44 0 624 0 0 0 1 0 0 510 0 0 13 8 1 0 1 96
0 2 4 0 0 0 0 0 0 0 0 0 0 0 0 0 1 0 0 0 0 0 0 0 0 0 9 0 0 0 0 0 0 0 7 1 4 0 0 0 19 2 1 0 123 5 0 14 0 4 749 624 0 0 20 3 8 0 0 733 30 5 20 91 0 0 1 457
0 0 0 72 0 7 6 1 21 21 0 48 9 0 4 0 0 0 0 214 0 0 0 95 0 0 0 125 0 0 0 0 0 0 0 0 0 2019 3 250 5 15 88 1474 27 2758 2 18 18 0 0 0 0 0 0 0 0 231 0 0 0 318 32 0 0 8 0 19
0 0 1 0 1 0 0 0 0 0 0 0 2 0 4 46 0 0 0 0 19 5 23 8 0 0 1 6 1 0 0 0 0 5 0 1 85 0 0 0 207 4 0 0 1 0 0 8 13 646 29 0 20 0 0 12 4680 10 0 3 16 1644 18 2060 0 2 3 1054
0 42 5 0 0 0 0 0 10 0 0 0 3 0 0 166 4 0 1 0 42 266 34 57 5 6 413 11 0 0 1 0 0 5 0 393 0 0 6 4 0 0 350 0 2 1 5 0 6 1105 0 0 3 0 12 0 25 738 82 8 564 28 0 1 0 3 1 7
0 6 29 0 1 0 0 0 0 0 0 1 1 0 2 381 2 0 0 0 10 13 993 10 0 0 483 6 0 0 0 0 0 35 10 2 2423 0 1 3 543 28 0 1 4 0 1 72 9 996 1536 1 8 0 4680 25 0 19 0 74 2034 324 7 484 0 0 1 902
0 2 1 79 1 35 13 1 120 98 0 48 2 4 11 73 0 0 0 140 80 57 15 846 1 0 21 561 11 1 0 0 2 21 2 89 1 758 65 56 152 15 2190 79 13 609 1 12 125 818 0 0 0 231 10 738 19 0 18 4 355 1909 24 1 0 16 1 34
0 4 1 0 0 0 0 0 0 0 28 0 103 0 0 0 1 0 0 0 0 1 0 0 305 12 78 0 0 0 7 0 0 1 0 512 0 1 0 0 0 0 69 0 28 0 392 0 4 0 0 0 0 0 0 82 0 18 0 0 985 0 2 0 2 4 0 1
0 9 60 0 0 0 0 0 0 0 19 0 34 0 0 0 39 2 11 0 0 2 10 0 5 217 318 0 0 0 11 0 0 9 13 3 1930 0 0 0 23 0 2 0 678 3 106 26 0 0 268 510 733 0 3 8 74 4 0 0 2028 0 14 31 194 0 2 109
0 195 360 0 0 0 0 0 3 0 24 0 103 0 0 29 92 3 21 0 1 48 321 15 130 442 4533 8 0 0 28 0 0 82 1 1150 3070 1 0 0 3 0 170 1 13 0 646 1 6 1341 404 0 30 0 16 564 2034 355 985 2028 0 195 5 3 108 0 1 146
1 1 0 38 0 28 5 1 33 14 0 19 3 3 6 36 0 0 0 132 28 6 6 373 0 0 3 218 4 1 0 0 2 17 7 2 43 1605 10 234 4515 37 75 1969 25 264 0 32 83 486 12 0 5 318 1644 28 324 1909 0 0 195 0 157 967 0 1 25 372
1 0 0 0 0 2 0 1 0 0 2 2 2 0 1 3 0 0 0 0 4 1 0 9 0 0 1 2 1 1 0 0 0 0 1455 0 2 7 0 46 374 100 19 162 250 186 11 1582 8 4 5 13 20 32 18 0 7 24 2 14 5 157 0 886 1 25 1021 920
0 0 0 0 0 0 0 0 0 0 0 0 0 0 0 5 0 0 0 0 7 1 0 0 0 0 0 4 0 0 0 0 0 0 397 0 2 0 0 0 1819 1 0 0 7 0 0 60 0 1 184 8 91 0 2060 1 484 1 0 31 3 967 886 0 0 0 85 613
0 1 0 0 0 0 0 0 0 0 17 0 46 0 0 0 1 0 0 0 0 0 0 0 4 34 30 0 0 0 11 0 0 0 0 0 0 0 0 0 0 0 0 0 64 0 268 1 0 0 0 1 0 0 0 0 0 0 2 194 108 0 1 0 0 1 0 0
0 0 0 0 0 0 0 0 3 0 3 0 4 0 0 0 0 0 0 0 0 0 0 0 1 0 0 0 0 0 0 0 0 0 0 0 0 0 382 109 4 454 24 2 302 8 107 4 39 0 0 0 0 8 2 3 0 16 4 0 0 1 25 0 1 0 0 407
0 0 0 0 0 0 0 0 0 0 0 0 0 0 0 1 0 0 0 0 1 0 0 1 0 0 0 1 0 0 0 0 0 0 15 0 0 0 0 0 21 0 0 0 0 0 0 0 0 0 0 1 1 0 3 1 1 1 0 2 1 25 1021 85 0 0 0 464
0 0 4 0 0 5 0 0 1 0 1 3 12 0 1 2 2 0 0 0 18 0 6 25 6 0 20 12 0 0 0 0 0 4 25 0 32 18 242 35 175 20 27 179 1023 163 41 59 19 3 843 96 457 19 1054 7 902 34 1 109 146 372 920 613 0 407 464 0
