0 0 3 0 0 1 256 38 0 1 0 1 0 1274 1 0 20 0 7 0 1 0 17 0 0 7 0 1 929 322 0 0 7 7 0 0 0 0 0 0 0 0 0 0 0 0 0 0 0 0 0 0 0 0 0 0 0 0 0 0 0 3 0 0 0 0 0 0
0 0 2 0 1 1 0 0 31 0 0 1 124 0 5 4 0 0 0 0 1 317 1 76 280 3 1656 2 1 0 0 0 0 2 0 169 2 0 0 0 0 0 5 0 0 0 2 0 1 7 3 0 0 0 0 47 2 4 3 6 190 0 0 0 0 0 0 0
3 2 0 0 0 10 218 51 0 0 0 0 0 24 0 0 2738 0 12 0 67 0 2481 3 1 1980 3679 70 0 10 0 0 0 65 0 4 98 0 0 0 0 0 0 0 1 0 5 0 0 7 11 0 4 0 0 16 47 0 0 67 366 0 0 0 1 0 0 4
0 0 0 0 1 18 0 1 61 642 0 619 1 2 15 0 0 0 0 2787 0 0 0 717 0 0 0 1697 6 0 0 0 0 10 0 0 0 174 0 1 2 0 12 8 0 43 0 0 1 0 0 0 0 52 0 0 0 80 0 0 0 50 0 0 0 0 0 0
0 1 0 1 0 350 5 1 170 1 68 67 21 0 1046 0 0 1 1 3 10 1 17 18 0 0 0 11 0 0 0 195 0 280 0 0 0 0 13 7 0 0 0 1 0 2 0 0 19 0 0 0 0 0 0 0 0 0 0 0 0 0 0 0 0 0 0 0
1 1 10 18 350 0 468 1925 38 2446 23 4498 45 78 609 0 2 0 0 145 1 0 11 14 0 3 0 137 87 1 0 44 1 57 0 0 0 1 1 0 3 0 3 1 2 22 0 1 10 0 0 0 0 7 0 0 0 22 0 0 0 28 6 1 0 0 0 1
256 0 218 0 5 468 0 646 5 1809 13 13 13 968 39 0 22 1 7 2 124 0 370 27 0 3 1 3695 375 1270 0 0 45 153 0 0 0 1 0 0 1 0 7 0 1 1 0 0 3 0 0 0 0 3 0 0 0 13 0 0 0 3 0 0 0 0 0 1
38 0 51 1 1 1925 646 0 4 866 10 363 20 2345 20 0 193 0 15 15 13 0 196 4 0 18 0 17 54 46 0 0 0 11 0 0 0 0 0 0 0 3 0 0 5 0 0 0 0 0 0 0 0 0 0 0 0 2 0 0 0 3 1 0 0 1 0 0
0 31 0 61 170 38 5 4 0 16 5 361 11 2 339 0 0 0 1 98 0 625 0 2239 35 1 233 109 10 0 0 3 0 14 0 2 0 31 2 5 4 0 255 11 0 55 0 1 12 0 0 0 0 33 0 15 0 136 1 0 6 34 2 0 0 1 0 1
1 0 0 642 1 2446 1809 866 16 0 16 1092 8 290 28 0 0 2 0 1113 0 0 0 133 0 1 0 1013 181 0 0 0 0 120 0 0 0 2 0 0 0 0 18 1 0 84 0 0 6 0 0 0 0 38 0 0 0 102 0 0 0 12 0 0 0 0 0 0
0 0 0 0 68 23 13 10 5 16 0 28 411 12 7 0 19 1464 477 6 3 2 0 0 130 660 18 8 219 2 48 107 0 867 0 2 0 0 0 1 0 0 0 0 65 0 174 1 0 0 0 0 0 0 0 0 0 0 33 24 17 0 0 0 11 6 0 1
1 1 0 619 67 4498 13 363 361 1092 28 0 34 122 799 0 0 3 5 2152 0 0 0 766 0 1 2 266 183 0 0 4 0 137 0 0 0 32 6 56 1 0 24 23 1 561 0 0 18 0 0 0 0 47 0 2 0 44 0 0 0 25 1 0 0 0 0 1
0 124 0 1 21 45 13 20 11 8 411 34 0 8 77 1 0 0 0 9 4 45 8 8 808 22 423 17 32 1 224 60 0 208 0 32 0 0 2 5 1 1 6 3 84 16 469 1 11 0 0 1 0 13 1 0 0 4 111 46 98 1 4 0 35 4 0 4
1274 0 24 2 0 78 968 2345 2 290 12 122 8 0 1 0 211 2 21 13 17 0 192 2 0 7 3 22 1728 451 0 0 3 36 0 0 0 0 0 0 0 0 0 0 0 1 0 0 0 0 0 0 0 0 0 0 0 5 0 0 0 2 0 0 0 0 0 0
1 5 0 15 1046 609 39 20 339 28 7 799 77 1 0 0 0 1 0 15 49 1 13 112 1 1 15 95 25 0 0 32 0 43 0 0 0 1 12 4 0 0 2 1 1 16 0 0 45 0 0 0 0 2 0 0 1 4 0 0 0 3 0 0 0 0 0 0
0 4 0 0 0 0 0 0 0 0 0 0 1 0 0 0 0 0 0 0 489 989 1110 379 0 0 555 75 0 0 0 0 0 2 1 1 1 0 0 0 0 0 1 0 0 0 0 0 0 552 0 0 0 0 42 148 402 90 0 0 28 53 4 4 0 0 0 3
20 0 2738 0 0 2 22 193 0 0 19 0 0 211 0 0 0 21 2076 0 24 0 1182 0 0 1477 323 0 141 204 0 0 7 1042 0 0 10 0 0 0 0 0 0 0 0 0 10 0 0 1 8 0 1 0 0 0 0 0 1 30 108 0 0 0 0 0 0 1
0 0 0 0 1 0 1 0 0 2 1464 3 0 2 1 0 21 0 338 0 0 0 0 1 0 361 2 0 35 0 0 0 0 92 0 1 0 0 0 0 0 0 0 0 0 0 2 0 0 0 0 0 0 0 0 0 0 0 0 2 5 0 0 0 1 0 0 0
7 0 12 0 1 0 7 15 1 0 477 5 0 21 0 0 2076 338 0 1 8 2 10 1 0 838 75 2 73 20 0 1 4 1070 0 1 0 0 0 0 0 0 0 0 1 0 4 0 0 0 0 0 0 0 0 0 0 0 2 11 24 0 0 0 0 0 0 0
0 0 0 2787 3 145 2 15 98 1113 6 2152 9 13 15 0 0 0 1 0 0 0 0 338 0 0 0 797 19 0 0 1 0 17 0 0 0 57 1 7 7 0 13 21 0 78 0 0 15 0 0 0 0 186 0 0 0 151 0 0 0 134 0 0 0 0 0 0
1 1 67 0 10 1 124 13 0 0 3 0 4 17 49 489 24 0 8 0 0 20 5478 29 0 2 27 1382 53 2226 0 0 26 1541 1 0 0 0 0 0 0 0 1 0 0 0 1 0 3 51 0 0 0 0 26 53 3 71 0 0 1 31 4 7 0 0 2 18
0 317 0 0 1 0 0 0 625 0 2 0 45 0 1 989 0 0 2 0 20 0 7 651 98 6 1123 10 0 0 0 0 0 1 0 12 5 2 1 0 0 0 45 0 1 2 2 0 0 76 1 0 0 0 3 289 19 71 2 1 51 18 0 0 0 0 0 0
17 1 2481 0 17 11 370 196 0 0 0 0 8 192 13 1110 1182 0 10 0 5478 7 0 30 0 42 1945 369 48 458 0 0 5 1747 0 3 116 0 0 0 0 0 0 0 0 0 1 0 0 388 5 0 0 0 24 42 1003 18 0 9 328 6 0 1 0 0 1 5
0 76 3 717 18 14 27 4 2239 133 0 766 8 2 112 379 0 1 1 338 29 651 30 0 20 1 525 1524 23 0 0 1 2 21 1 13 3 92 1 11 18 0 219 83 0 119 0 1 46 51 0 0 0 95 3 63 10 892 0 0 19 371 6 4 0 0 1 25
0 280 1 0 0 0 0 0 35 0 130 0 808 0 1 0 0 0 0 0 0 98 0 20 0 8 1166 0 0 0 3 2 0 2 0 106 0 0 0 0 0 0 4 0 27 0 118 0 0 0 0 0 0 0 0 6 0 0 331 6 131 0 1 0 5 3 0 4
7 3 1980 0 0 3 3 18 1 1 660 1 22 7 1 0 1477 361 838 0 2 6 42 1 8 0 2634 4 22 1 150 1 0 128 0 18 2 0 0 0 0 0 0 0 10 0 179 0 0 0 3 0 4 0 0 6 0 0 17 219 490 0 0 0 25 0 0 4
0 1656 3679 0 0 0 1 0 233 0 18 2 423 3 15 555 323 2 75 0 27 1123 1945 525 1166 2634 0 245 12 2 101 0 3 437 0 451 248 0 0 0 0 0 7 0 9 0 180 0 0 356 32 0 7 0 3 409 514 16 71 320 4766 2 0 1 36 0 0 24
1 2 70 1697 11 137 3695 17 109 1013 8 266 17 22 95 75 0 0 2 797 1382 10 369 1524 0 4 245 0 179 1098 0 0 70 379 0 0 2 41 1 13 5 0 99 17 0 95 1 1 60 22 0 0 0 123 7 11 8 607 0 0 8 229 3 1 0 0 0 19
929 1 0 6 0 87 375 54 10 181 219 183 32 1728 25 0 141 35 73 19 53 0 48 23 0 22 12 179 0 1262 0 41 935 723 0 0 0 0 0 2 0 0 5 0 2 6 0 0 5 1 0 0 0 0 0 0 0 8 1 0 0 4 2 0 0 3 0 2
322 0 10 0 0 1 1270 46 0 0 2 0 1 451 0 0 204 0 20 0 2226 0 458 0 0 1 2 1098 1262 0 0 0 184 483 0 0 0 0 0 0 0 0 0 0 0 0 0 0 0 0 0 0 0 0 4 0 0 5 0 0 1 3 0 0 0 0 0 0
0 0 0 0 0 0 0 0 0 0 48 0 224 0 0 0 0 0 0 0 0 0 0 0 3 150 101 0 0 0 0 0 0 1 0 0 0 0 0 0 0 0 0 0 8 0 67 0 0 0 0 0 0 0 0 0 0 0 4 12 25 0 0 0 13 0 0 0
0 0 0 0 195 44 0 0 3 0 107 4 60 0 32 0 0 0 1 1 0 0 0 1 2 1 0 0 41 0 0 0 0 330 0 0 0 0 0 1 0 0 0 0 2 0 0 0 0 0 0 0 0 0 0 0 0 0 1 0 0 0 0 0 0 0 0 0
7 0 0 0 0 1 45 0 0 0 0 0 0 3 0 0 7 0 4 0 26 0 5 2 0 0 3 70 935 184 0 0 0 505 0 0 0 0 0 0 0 0 0 0 0 0 0 1 0 0 0 0 0 1 0 0 0 3 0 0 0 0 0 0 0 0 0 0
7 2 65 10 280 57 153 11 14 120 867 137 208 36 43 2 1042 92 1070 17 1541 1 1747 21 2 128 437 379 723 483 1 330 505 0 0 3 12 0 0 3 0 1 2 0 3 6 4 1 6 7 1 0 2 0 8 1 22 21 1 17 90 20 1 0 0 0 2 5
0 0 0 0 0 0 0 0 0 0 0 0 0 0 0 1 0 0 0 0 1 0 0 1 0 0 0 0 0 0 0 0 0 0 0 0 3 0 0 1 1337 7 0 0 0 0 0 368 1 0 29 1 14 0 2 0 9 0 0 10 1 5 1510 380 0 0 9 24
0 169 4 0 0 0 0 0 2 0 2 0 32 0 0 1 0 1 1 0 0 12 3 13 106 18 451 0 0 0 0 0 0 3 0 0 1 0 1 0 0 0 145 0 0 1 40 0 9 1 2 0 0 0 2 388 2 77 535 10 1255 1 0 0 0 0 0 1
0 2 98 0 0 0 0 0 0 0 0 0 0 0 0 1 10 0 0 0 0 5 116 3 0 2 248 2 0 0 0 0 0 12 3 1 0 0 0 3 202 19 0 0 1 0 0 34 0 1 1160 0 2 0 94 2 2587 0 0 1993 3203 36 2 4 0 0 0 16
0 0 0 174 0 1 1 0 31 2 0 32 0 0 1 0 0 0 0 57 0 2 0 92 0 0 0 41 0 0 0 0 0 0 0 0 0 0 4 34 5 8 67 1558 1 862 0 1 12 0 0 0 0 2160 0 0 0 777 0 0 1 1699 11 0 0 0 0 15
0 0 0 0 13 1 0 0 2 0 0 6 2 0 12 0 0 0 0 1 0 1 0 1 0 0 0 1 0 0 0 0 0 0 0 1 0 4 0 158 7 1 165 4 18 44 19 2 1087 0 0 0 0 5 1 7 1 57 0 0 0 10 1 0 0 423 0 267
0 0 0 1 7 0 0 0 5 0 1 56 5 0 4 0 0 0 0 7 0 0 0 11 0 0 0 13 2 0 0 1 0 3 1 0 3 34 158 0 299 1628 59 2281 36 2757 2 89 892 0 0 0 0 298 0 0 4 43 0 0 0 239 48 1 0 111 1 21
0 0 0 2 0 3 1 0 4 0 0 1 1 0 0 0 0 0 0 7 0 0 0 18 0 0 0 5 0 0 0 0 0 0 1337 0 202 5 7 299 0 656 9 980 26 72 5 1420 50 4 140 4 13 5 220 0 524 170 0 26 1 4720 355 1890 0 2 21 208
0 0 0 0 0 0 0 3 0 0 0 0 1 0 0 0 0 0 0 0 0 0 0 0 0 0 0 0 0 0 0 0 0 1 7 0 19 8 1 1628 656 0 9 738 22 183 1 3407 49 0 16 0 4 19 9 0 21 14 0 5 1 37 112 3 0 451 1 21
0 5 0 12 0 3 7 0 255 18 0 24 6 0 2 1 0 0 0 13 1 45 0 219 4 0 7 99 5 0 0 0 0 2 0 145 0 67 165 59 9 9 0 20 13 536 1 13 285 0 0 1 1 84 0 398 1 2293 67 3 174 94 25 0 0 27 0 27
0 0 0 8 1 1 0 0 11 1 0 23 3 0 1 0 0 0 0 21 0 0 0 83 0 0 0 17 0 0 0 0 0 0 0 0 0 1558 4 2281 980 738 20 0 52 1478 1 644 50 0 0 1 0 1506 0 0 0 85 0 0 0 2048 144 0 0 3 0 171
0 0 1 0 0 2 1 5 0 0 65 1 84 0 1 0 0 0 1 0 0 1 0 0 27 10 9 0 2 0 8 2 0 3 0 0 1 1 18 36 26 22 13 52 0 122 603 44 14 0 41 1354 117 35 8 0 3 12 11 715 6 16 282 7 71 303 2 1104
0 0 0 43 2 22 1 0 55 84 0 561 16 1 16 0 0 0 0 78 0 2 0 119 0 0 0 95 6 0 0 0 0 6 0 1 0 862 44 2757 72 183 536 1478 122 0 2 134 606 0 0 0 5 2786 0 1 0 678 0 3 0 256 201 0 1 10 0 184
0 2 5 0 0 0 0 0 0 0 174 0 469 0 0 0 10 2 4 0 1 2 1 0 118 179 180 1 0 0 67 0 0 4 0 40 0 0 19 2 5 1 1 1 603 2 0 6 9 0 0 2 0 3 1 8 2 1 459 117 646 2 22 0 268 116 0 37
0 0 0 0 0 1 0 0 1 0 1 0 1 0 0 0 0 0 0 0 0 0 0 1 0 0 0 1 0 0 0 0 1 1 368 0 34 1 2 89 1420 3407 13 644 44 134 6 0 29 0 65 0 15 16 9 0 92 11 0 24 3 30 1627 62 0 3 0 52
0 1 0 1 19 10 3 0 12 6 0 18 11 0 45 0 0 0 0 15 3 0 0 46 0 0 0 60 5 0 0 0 0 6 1 9 0 12 1087 892 50 49 285 50 14 606 9 29 0 3 0 0 0 16 18 4 6 148 2 0 6 107 9 0 0 39 0 22
0 7 7 0 0 0 0 0 0 0 0 0 0 0 0 552 1 0 0 0 51 76 388 51 0 0 356 22 1 0 0 0 0 7 0 1 1 0 0 0 4 0 0 0 0 0 0 0 3 0 3 1 1 0 672 1155 1002 829 0 1 1376 502 0 1 0 0 0 3
0 3 11 0 0 0 0 0 0 0 0 0 0 0 0 0 8 0 0 0 0 1 5 0 0 3 32 0 0 0 0 0 0 1 29 2 1160 0 0 0 140 16 0 0 41 0 0 65 0 3 0 36 720 0 38 1 1675 2 0 262 405 5 12 191 0 0 0 902
0 0 0 0 0 0 0 0 0 0 0 0 1 0 0 0 0 0 0 0 0 0 0 0 0 0 0 0 0 0 0 0 0 0 1 0 0 0 0 0 4 0 1 1 1354 0 2 0 0 1 36 0 655 0 3 1 1 1 0 542 3 0 8 11 1 0 1 110
0 0 4 0 0 0 0 0 0 0 0 0 0 0 0 0 1 0 0 0 0 0 0 0 0 4 7 0 0 0 0 0 0 2 14 0 2 0 0 0 13 4 1 0 117 5 0 15 0 1 720 655 0 1 12 3 18 0 0 767 30 6 20 108 0 0 3 440
0 0 0 52 0 7 3 0 33 38 0 47 13 0 2 0 0 0 0 186 0 0 0 95 0 0 0 123 0 0 0 0 1 0 0 0 0 2160 5 298 5 19 84 1506 35 2786 3 16 16 0 0 0 1 0 0 0 0 230 0 0 0 351 32 0 0 5 0 16
0 0 0 0 0 0 0 0 0 0 0 0 1 0 0 42 0 0 0 0 26 3 24 3 0 0 3 7 0 4 0 0 0 8 2 2 94 0 1 0 220 9 0 0 8 0 1 9 18 672 38 3 12 0 0 7 4909 8 0 7 16 1689 18 2141 0 2 1 1063
0 47 16 0 0 0 0 0 15 0 0 2 0 0 0 148 0 0 0 0 53 289 42 63 6 6 409 11 0 0 0 0 0 1 0 388 2 0 7 0 0 0 398 0 0 1 8 0 4 1155 1 1 3 0 7 0 24 742 87 4 622 21 2 3 0 2 0 3
0 2 47 0 0 0 0 0 0 0 0 0 0 0 1 402 0 0 0 0 3 19 1003 10 0 0 514 8 0 0 0 0 0 22 9 2 2587 0 1 4 524 21 1 0 3 0 2 92 6 1002 1675 1 18 0 4909 24 0 37 0 69 2140 367 12 513 0 0 0 1007
0 4 0 80 0 22 13 2 136 102 0 44 4 5 4 90 0 0 0 151 71 71 18 892 0 0 16 607 8 5 0 0 3 21 0 77 0 777 57 43 170 14 2293 85 12 678 1 11 148 829 2 1 0 230 8 742 37 0 24 6 376 2035 33 1 0 15 3 38
0 3 0 0 0 0 0 0 1 0 33 0 111 0 0 0 1 0 2 0 0 2 0 0 331 17 71 0 1 0 4 1 0 1 0 535 0 0 0 0 0 0 67 0 11 0 459 0 2 0 0 0 0 0 0 87 0 24 0 1 981 0 1 0 1 6 0 0
0 6 67 0 0 0 0 0 0 0 24 0 46 0 0 0 30 2 11 0 0 1 9 0 6 219 320 0 0 0 12 0 0 17 10 10 1993 0 0 0 26 5 3 0 715 3 117 24 0 1 262 542 767 0 7 4 69 6 1 0 2141 1 17 32 218 0 1 120
0 190 366 0 0 0 0 0 6 0 17 0 98 0 0 28 108 5 24 0 1 51 328 19 131 490 4766 8 0 1 25 0 0 90 1 1255 3203 1 0 0 1 1 174 0 6 0 646 3 6 1376 405 3 30 0 16 622 2140 376 981 2141 0 196 2 2 117 2 0 152
3 0 0 50 0 28 3 3 34 12 0 25 1 2 3 53 0 0 0 134 31 18 6 371 0 0 2 229 4 3 0 0 0 20 5 1 36 1699 10 239 4720 37 94 2048 16 256 2 30 107 502 5 0 6 351 1689 21 367 2035 0 1 196 0 192 1014 0 3 23 390
0 0 0 0 0 6 0 1 2 0 0 1 4 0 0 4 0 0 0 0 4 0 0 6 1 0 0 3 2 0 0 0 0 1 1510 0 2 11 1 48 355 112 25 144 282 201 22 1627 9 0 12 8 20 32 18 2 12 33 1 17 2 192 0 863 1 32 1037 949
0 0 0 0 0 1 0 0 0 0 0 0 0 0 0 4 0 0 0 0 7 0 1 4 0 0 1 1 0 0 0 0 0 0 380 0 4 0 0 1 1890 3 0 0 7 0 0 62 0 1 191 11 108 0 2141 3 513 1 0 32 2 1014 863 0 0 0 98 666
0 0 1 0 0 0 0 0 0 0 11 0 35 0 0 0 0 1 0 0 0 0 0 0 5 25 36 0 0 0 13 0 0 0 0 0 0 0 0 0 0 0 0 0 71 1 268 0 0 0 0 1 0 0 0 0 0 0 1 218 117 0 1 0 0 0 0 0
0 0 0 0 0 0 0 1 1 0 6 0 4 0 0 0 0 0 0 0 0 0 0 0 3 0 0 0 3 0 0 0 0 0 0 0 0 0 423 111 2 451 27 3 303 10 116 3 39 0 0 0 0 5 2 2 0 15 6 0 2 3 32 0 0 0 0 430
0 0 0 0 0 0 0 0 0 0 0 0 0 0 0 0 0 0 0 0 2 0 1 1 0 0 0 0 0 0 0 0 0 2 9 0 0 0 0 1 21 1 0 0 2 0 0 0 0 0 0 1 3 0 1 0 0 3 0 1 0 23 1037 98 0 0 0 477
0 0 4 0 0 1 1 0 1 0 1 1 4 0 0 3 1 0 0 0 18 0 5 25 4 4 24 19 2 0 0 0 0 5 24 1 16 15 267 21 208 21 27 171 1104 184 37 52 22 3 902 110 440 16 1063 3 1007 38 0 120 152 390 949 666 0 430 477 0
