0 0 6 1 0 6 201 47 1 2 3 2 0 1528 0 0 27 0 11 2 3 0 25 0 0 23 1 3 1367 300 1 0 6 6 0 0 0 0 0 0 0 0 0 0 0 0 0 0 0 0 0 0 0 0 0 0 0 0 0 0 0 0 0 0 0 0 0 0
0 0 1 0 0 0 1 0 80 0 11 0 107 1 8 9 2 0 0 0 1 408 2 105 275 6 2290 5 0 2 0 0 0 5 0 108 6 0 0 0 0 0 0 0 0 0 0 0 0 0 4 0 2 0 0 7 0 0 0 31 141 0 0 0 1 0 0 3
6 1 0 0 0 2 118 72 5 2 0 0 1 61 0 1 959 0 32 0 111 2 2879 4 0 1405 2400 67 4 149 0 0 0 75 0 2 59 0 0 0 0 0 0 0 0 1 0 0 0 4 12 0 3 0 0 1 3 2 0 45 133 0 0 1 0 0 0 7
1 0 0 0 3 19 9 1 53 1717 0 572 2 2 20 0 0 0 0 1866 0 0 0 320 0 0 1 2070 10 0 0 0 1 5 0 0 0 33 0 1 0 0 25 0 0 215 0 0 4 0 0 0 0 16 0 0 0 67 0 0 0 4 0 0 0 0 0 0
0 0 0 3 0 161 1 4 67 5 5 36 72 0 718 0 0 0 0 1 0 3 2 33 0 0 1 3 4 3 0 170 1 518 0 0 0 0 0 3 0 3 2 2 0 7 0 0 1 0 0 0 0 0 0 0 0 0 0 1 0 0 0 0 0 1 0 0
6 0 2 19 161 0 305 2157 80 2621 26 4601 26 99 525 0 4 2 5 37 1 0 1 36 0 14 3 134 85 3 1 6 0 76 0 0 0 0 5 15 7 2 10 0 0 32 2 2 14 0 0 0 0 0 0 2 0 122 0 0 0 31 0 1 0 1 0 2
201 1 118 9 1 305 0 734 34 2117 5 35 7 1073 10 1 22 1 7 7 217 2 82 168 0 21 3 5101 248 1903 0 1 40 112 0 0 0 0 0 0 4 0 14 0 0 8 0 0 4 1 0 0 0 0 0 6 0 101 0 0 0 21 0 1 0 0 0 3
47 0 72 1 4 2157 734 0 31 842 9 179 27 2637 25 0 47 2 6 4 22 3 42 12 2 26 1 39 82 81 0 318 3 46 0 0 0 0 3 0 0 1 0 0 0 0 0 0 0 0 0 0 0 0 0 0 0 0 0 0 0 0 0 0 0 0 0 2
1 80 5 53 67 80 34 31 0 73 5 356 54 10 389 2 2 0 1 66 4 645 12 2356 77 16 188 153 9 5 0 16 3 17 0 0 0 12 1 2 1 0 113 24 0 18 2 0 5 1 0 0 0 6 1 0 0 63 0 0 2 45 3 3 0 1 0 4
2 0 2 1717 5 2621 2117 842 73 0 2 1466 32 270 19 0 1 1 2 927 1 0 0 131 0 1 0 1207 204 0 0 0 0 93 0 0 0 0 0 0 1 0 49 0 0 37 0 0 2 0 0 0 0 0 0 0 0 107 0 0 0 1 0 0 0 0 0 0
3 11 0 0 5 26 5 9 5 2 0 32 638 29 0 0 14 1173 321 4 0 10 0 4 84 761 20 1 82 1 51 50 0 1122 0 2 0 0 1 0 0 1 0 0 68 0 144 0 0 0 0 4 3 0 0 0 0 0 26 57 22 0 2 0 12 5 0 4
2 0 0 572 36 4601 35 179 356 1466 32 0 58 73 870 0 6 0 6 1517 0 0 0 186 1 4 1 189 150 0 0 2 0 191 0 0 0 7 20 87 6 0 31 11 0 522 0 0 25 0 0 0 0 12 0 0 0 95 0 0 0 60 1 2 0 0 0 0
0 107 1 2 72 26 7 27 54 32 638 58 0 4 81 0 0 3 0 15 0 43 6 5 729 22 444 7 26 1 111 120 0 424 0 9 0 4 29 17 4 19 47 0 163 28 372 4 16 0 0 12 13 8 0 5 0 22 151 118 44 13 5 0 34 40 0 164
1528 1 61 2 0 99 1073 2637 10 270 29 73 4 0 5 0 106 5 18 6 16 2 70 0 0 55 7 19 1787 629 6 27 3 85 0 0 0 0 0 0 0 0 1 0 1 0 2 0 0 0 0 0 0 0 0 0 0 0 0 0 0 0 0 0 0 0 0 1
0 8 0 20 718 525 10 25 389 19 0 870 81 5 0 0 0 0 0 17 4 38 2 116 0 0 8 37 4 1 0 13 1 13 0 0 0 3 0 3 0 0 6 4 0 16 2 0 4 0 0 0 0 8 0 1 0 26 0 0 0 19 0 1 0 0 0 0
0 9 1 0 0 0 1 0 2 0 0 0 0 0 0 0 0 0 0 0 248 1571 1077 768 0 0 1100 220 0 2 0 0 0 7 0 2 2 0 0 0 0 0 19 0 0 0 0 0 0 471 0 0 0 0 9 81 167 97 0 0 299 7 2 4 0 0 0 5
27 2 959 0 0 4 22 47 2 1 14 6 0 106 0 0 0 13 1540 0 13 1 1534 3 0 1413 397 4 101 211 0 1 33 1592 0 0 2 0 0 0 0 0 1 0 0 0 0 0 0 0 1 0 1 0 0 1 0 0 0 17 10 0 0 0 0 0 0 2
0 0 0 0 0 2 1 2 0 1 1173 0 3 5 0 0 13 0 791 0 0 0 0 0 0 469 2 0 5 0 3 0 0 53 0 0 0 0 0 0 0 0 0 0 0 0 0 0 0 0 0 0 0 0 0 0 0 0 0 0 3 0 0 0 1 0 0 0
11 0 32 0 0 5 7 6 1 2 321 6 0 18 0 0 1540 791 0 0 3 0 13 0 0 944 114 2 25 15 0 0 7 652 0 0 0 0 0 0 0 0 0 0 0 0 1 0 0 0 0 2 1 0 0 0 0 0 0 18 14 0 0 0 0 0 0 2
2 0 0 1866 1 37 7 4 66 927 4 1517 15 6 17 0 0 0 0 0 0 0 0 183 0 0 0 222 15 0 0 0 1 8 0 0 0 2 0 2 6 0 27 0 0 45 0 0 21 0 0 0 0 3 0 0 0 173 0 0 0 16 0 0 0 0 0 0
3 1 111 0 0 1 217 22 4 1 0 0 0 16 4 248 13 0 3 0 0 10 6530 4 0 7 33 1800 11 3137 0 0 4 1574 0 0 0 0 0 1 0 0 6 0 0 0 0 0 0 103 0 0 0 0 5 8 28 37 0 0 10 2 0 4 0 0 0 13
0 408 2 0 3 0 2 3 645 0 10 0 43 2 38 1571 1 0 0 0 10 0 15 1607 144 0 819 58 0 1 0 0 0 7 0 6 0 2 1 0 0 1 16 0 0 0 0 0 0 34 2 0 0 0 2 125 8 37 1 5 125 6 1 3 0 0 0 3
25 2 2879 0 2 1 82 42 12 0 0 0 6 70 2 1077 1534 0 13 0 6530 15 0 17 0 116 2473 289 56 660 0 0 4 1787 0 1 44 0 0 0 1 0 9 0 0 1 1 0 0 111 0 0 0 0 3 17 93 8 0 0 322 3 0 3 0 0 0 10
0 105 4 320 33 36 168 12 2356 131 4 186 5 0 116 768 3 0 0 183 4 1607 17 0 78 1 341 2033 17 13 0 1 4 21 0 4 0 67 0 0 35 0 126 12 0 25 0 1 12 21 0 0 0 21 2 11 5 806 2 0 4 211 4 17 0 0 0 12
0 275 0 0 0 0 0 2 77 0 84 1 729 0 0 0 0 0 0 0 0 144 0 78 0 0 1386 0 6 0 0 10 0 13 0 17 0 0 0 0 0 0 0 0 34 0 278 0 0 0 0 1 0 0 0 0 0 0 102 21 50 0 0 0 22 1 0 3
23 6 1405 0 0 14 21 26 16 1 761 4 22 55 0 0 1413 469 944 0 7 0 116 1 0 0 3543 2 31 60 151 0 3 161 0 20 2 0 0 0 0 0 1 0 13 0 38 0 0 0 8 9 35 0 0 0 0 0 15 500 394 0 0 0 8 0 0 19
1 2290 2400 1 1 3 3 1 188 0 20 1 444 7 8 1100 397 2 114 0 33 819 2473 341 1386 3543 0 143 17 13 366 0 3 846 0 177 346 1 0 0 0 0 7 0 21 0 170 0 0 32 90 9 28 0 1 61 49 2 59 622 2570 1 1 2 89 0 0 110
3 5 67 2070 3 134 5101 39 153 1207 1 189 7 19 37 220 4 0 2 222 1800 58 289 2033 0 2 143 0 57 1405 0 0 20 158 0 0 0 78 0 1 17 0 67 1 0 20 0 0 11 29 0 0 0 39 5 9 7 431 0 0 2 83 11 21 0 0 1 16
1367 0 4 10 4 85 248 82 9 204 82 150 26 1787 4 0 101 5 25 15 11 0 56 17 6 31 17 57 0 1842 1 156 931 860 0 0 0 0 1 3 1 1 0 0 1 1 6 1 0 0 0 0 0 0 3 3 1 21 0 2 0 6 0 2 0 0 0 4
300 2 149 0 3 3 1903 81 5 0 1 0 1 629 1 2 211 0 15 0 3137 1 660 13 0 60 13 1405 1842 0 0 4 475 1177 0 0 1 0 0 0 1 0 3 0 0 0 0 0 0 20 0 0 0 0 9 4 21 20 0 0 1 2 0 5 0 0 0 10
1 0 0 0 0 1 0 0 0 0 51 0 111 6 0 0 0 3 0 0 0 0 0 0 0 151 366 0 1 0 0 1 0 12 0 2 0 0 0 0 0 0 0 0 12 0 35 0 0 0 0 1 1 0 0 1 0 0 9 24 8 0 0 0 10 0 0 4
0 0 0 0 170 6 1 318 16 0 50 2 120 27 13 0 1 0 0 0 0 0 0 1 10 0 0 0 156 4 1 0 0 465 0 0 0 0 0 0 0 0 0 0 1 0 4 0 0 0 0 0 0 0 0 0 0 0 0 0 0 0 0 0 0 0 0 3
6 0 0 1 1 0 40 3 3 0 0 0 0 3 1 0 33 0 7 1 4 0 4 4 0 3 3 20 931 475 0 0 0 502 0 0 0 0 0 0 0 0 0 0 0 0 0 0 0 0 0 0 0 0 0 0 0 0 0 0 0 0 1 0 0 0 0 0
6 5 75 5 518 76 112 46 17 93 1122 191 424 85 13 7 1592 53 652 8 1574 7 1787 21 13 161 846 158 860 1177 12 465 502 0 0 4 9 0 0 0 2 6 5 0 3 0 10 1 1 36 4 0 1 0 11 0 19 38 0 16 33 14 2 3 0 7 0 3
0 0 0 0 0 0 0 0 0 0 0 0 0 0 0 0 0 0 0 0 0 0 0 0 0 0 0 0 0 0 0 0 0 0 0 0 5 4 0 3 565 85 7 29 12 6 0 1156 0 0 28 6 35 3 3 0 2 9 0 7 3 21 1001 329 0 0 6 25
0 108 2 0 0 0 0 0 0 0 2 0 9 0 0 2 0 0 0 0 0 6 1 4 17 20 177 0 0 0 2 0 0 4 0 0 1 0 1 0 1 0 62 0 5 1 55 0 11 2 2 0 2 0 0 504 1 92 545 11 2650 0 0 1 0 0 0 3
0 6 59 0 0 0 0 0 0 0 0 0 0 0 0 2 2 0 0 0 0 0 44 0 0 2 346 0 0 1 0 0 0 9 5 1 0 0 0 3 303 54 0 1 0 0 0 86 0 12 880 0 17 0 47 0 2864 10 0 1309 2572 142 0 98 0 0 0 40
0 0 0 33 0 0 0 0 12 0 0 7 4 0 3 0 0 0 0 2 0 2 0 67 0 0 1 78 0 0 0 0 0 0 4 0 0 0 0 9 4 4 35 962 0 265 0 5 4 0 0 0 0 2981 0 0 0 342 0 0 0 2085 15 0 0 0 0 12
0 0 0 0 0 5 0 3 1 0 1 20 29 0 0 0 0 0 0 0 0 1 0 0 0 0 0 0 1 0 0 0 0 0 0 1 0 0 0 309 1 3 187 0 49 26 21 0 851 0 0 2 0 0 0 13 0 25 3 2 0 2 0 0 0 24 0 376
0 0 0 1 3 15 0 0 2 0 0 87 17 0 3 0 0 0 0 2 1 0 0 0 0 0 0 1 3 0 0 0 0 0 3 0 3 9 309 0 261 2630 122 2310 5 2659 1 24 1088 0 1 9 5 54 0 1 1 85 0 6 3 433 13 1 0 4 0 30
0 0 0 0 0 7 4 0 1 1 0 6 4 0 0 0 0 0 0 6 0 0 1 35 0 0 0 17 1 1 0 0 0 2 565 1 303 4 1 261 0 376 13 1860 2 15 1 1673 25 2 76 1 15 5 220 0 186 94 0 25 19 4673 287 1746 0 1 21 102
0 0 0 0 3 2 0 1 0 0 1 0 19 0 0 0 0 0 0 0 0 1 0 0 0 0 0 0 1 0 0 0 0 6 85 0 54 4 3 2630 376 0 72 1137 34 111 1 3492 59 0 19 16 2 14 25 3 15 22 1 13 3 61 57 31 1 83 0 65
0 0 0 25 2 10 14 0 113 49 0 31 47 1 6 19 1 0 0 27 6 16 9 126 0 1 7 67 0 3 0 0 0 5 7 62 0 35 187 122 13 72 0 57 7 429 35 16 347 12 1 1 11 57 11 666 15 2418 82 1 102 116 18 12 1 23 1 30
0 0 0 0 2 0 0 0 24 0 0 11 0 0 4 0 0 0 0 0 0 0 0 12 0 0 0 1 0 0 0 0 0 0 29 0 1 962 0 2310 1860 1137 57 0 0 1155 0 525 30 0 0 0 0 976 3 0 3 120 0 0 0 1454 252 1 0 0 0 140
0 0 0 0 0 0 0 0 0 0 68 0 163 1 0 0 0 0 0 0 0 0 0 0 34 13 21 0 1 0 12 1 0 3 12 5 0 0 49 5 2 34 7 0 0 13 705 88 3 0 0 1374 153 0 0 3 2 6 191 574 4 0 234 8 152 338 0 1219
0 0 1 215 7 32 8 0 18 37 0 522 28 0 16 0 0 0 0 45 0 0 1 25 0 0 0 20 1 0 0 0 0 0 6 1 0 265 26 2659 15 111 429 1155 13 0 3 74 446 1 0 9 14 1726 0 1 0 438 1 2 1 492 104 0 0 3 0 102
0 0 0 0 0 2 0 0 2 0 144 0 372 2 2 0 0 0 1 0 0 0 1 0 278 38 170 0 6 0 35 4 0 10 0 55 0 0 21 1 1 1 35 0 705 3 0 3 9 0 0 41 1 0 1 28 2 14 863 83 470 1 4 0 362 45 0 231
0 0 0 0 0 2 0 0 0 0 0 0 4 0 0 0 0 0 0 0 0 0 0 1 0 0 0 0 1 0 0 0 0 1 1156 0 86 5 0 24 1673 3492 16 525 88 74 3 0 11 0 61 25 21 12 24 4 27 16 0 31 7 85 2172 262 1 94 0 138
0 0 0 4 1 14 4 0 5 2 0 25 16 0 4 0 0 0 0 21 0 0 0 12 0 0 0 11 0 0 0 0 0 1 0 11 0 4 851 1088 25 59 347 30 3 446 9 11 0 3 1 1 1 7 9 40 6 102 2 1 12 69 10 0 0 2 0 13
0 0 4 0 0 0 1 0 1 0 0 0 0 0 0 471 0 0 0 0 103 34 111 21 0 0 32 29 0 20 0 0 0 36 0 2 12 0 0 0 2 0 12 0 0 1 0 0 3 0 0 0 3 0 626 1514 376 1032 0 0 774 192 3 11 0 0 0 24
0 4 12 0 0 0 0 0 0 0 0 0 0 0 0 0 1 0 0 0 0 2 0 0 0 8 90 0 0 0 0 0 0 4 28 2 880 0 0 1 76 19 1 0 0 0 0 61 1 0 0 3 1574 0 7 0 904 0 0 531 216 2 12 218 0 0 0 827
0 0 0 0 0 0 0 0 0 0 4 0 12 0 0 0 0 0 2 0 0 0 0 0 1 9 9 0 0 0 1 0 0 0 6 0 0 0 2 9 1 16 1 0 1374 9 41 25 1 0 3 0 691 0 0 0 0 7 0 753 10 0 24 0 0 11 0 153
0 2 3 0 0 0 0 0 0 0 3 0 13 0 0 0 1 0 1 0 0 0 0 0 0 35 28 0 0 0 1 0 0 1 35 2 17 0 0 5 15 2 11 0 153 14 1 21 1 3 1574 691 0 0 9 1 25 15 0 1027 31 5 18 51 0 0 0 1062
0 0 0 16 0 0 0 0 6 0 0 12 8 0 8 0 0 0 0 3 0 0 0 21 0 0 0 39 0 0 0 0 0 0 3 0 0 2981 0 54 5 14 57 976 0 1726 0 12 7 0 0 0 0 0 0 0 0 187 0 0 0 817 48 0 0 0 0 29
0 0 0 0 0 0 0 0 1 0 0 0 0 0 0 9 0 0 0 0 5 2 3 2 0 0 1 5 3 9 0 0 0 11 3 0 47 0 0 0 220 25 11 3 0 0 1 24 9 626 7 0 9 0 0 16 6008 39 0 0 58 2101 7 2872 0 0 2 1385
0 7 1 0 0 2 6 0 0 0 0 0 5 0 1 81 1 0 0 0 8 125 17 11 0 0 61 9 3 4 1 0 0 0 0 504 0 0 13 1 0 3 666 0 3 1 28 4 40 1514 0 0 1 0 16 0 64 1040 78 1 1418 26 2 1 1 0 0 4
0 0 3 0 0 0 0 0 0 0 0 0 0 0 0 167 0 0 0 0 28 8 93 5 0 0 49 7 1 21 0 0 0 19 2 1 2864 0 0 1 186 15 15 3 2 0 2 27 6 376 904 0 25 0 6008 64 0 34 0 56 2157 168 1 339 0 0 0 1447
0 0 2 67 0 122 101 0 63 107 0 95 22 0 26 97 0 0 0 173 37 37 8 806 0 0 2 431 21 20 0 0 0 38 9 92 10 342 25 85 94 22 2418 120 6 438 14 16 102 1032 0 7 15 187 39 1040 34 0 70 1 322 3271 89 61 0 0 2 57
0 0 0 0 0 0 0 0 0 0 26 0 151 0 0 0 0 0 0 0 0 1 0 2 102 15 59 0 0 0 9 0 0 0 0 545 0 0 3 0 0 1 82 0 191 1 863 0 2 0 0 0 0 0 0 78 0 70 0 3 727 0 0 0 28 9 0 23
0 31 45 0 1 0 0 0 0 0 57 0 118 0 0 0 17 0 18 0 0 5 0 0 21 500 622 0 2 0 24 0 0 16 7 11 1309 0 2 6 25 13 1 0 574 2 83 31 1 0 531 753 1027 0 0 1 56 1 3 0 3713 1 8 12 247 7 0 43
0 141 133 0 0 0 0 0 2 0 22 0 44 0 0 299 10 3 14 0 10 125 322 4 50 394 2570 2 0 1 8 0 0 33 3 2650 2572 0 0 3 19 3 102 0 4 1 470 7 12 774 216 10 31 0 58 1418 2157 322 727 3713 0 100 1 4 236 1 0 315
0 0 0 4 0 31 21 0 45 1 0 60 13 0 19 7 0 0 0 16 2 6 3 211 0 0 1 83 6 2 0 0 0 14 21 0 142 2085 2 433 4673 61 116 1454 0 492 1 85 69 192 2 0 5 817 2101 26 168 3271 0 1 100 0 424 965 0 1 31 339
0 0 0 0 0 0 0 0 3 0 2 1 5 0 0 2 0 0 0 0 0 1 0 4 0 0 1 11 0 0 0 0 1 2 1001 0 0 15 0 13 287 57 18 252 234 104 4 2172 10 3 12 24 18 48 7 2 1 89 0 8 1 424 0 1120 0 58 1042 1230
0 0 1 0 0 1 1 0 3 0 0 2 0 0 1 4 0 0 0 0 4 3 3 17 0 0 2 21 2 5 0 0 0 3 329 1 98 0 0 1 1746 31 12 1 8 0 0 262 0 11 218 0 51 0 2872 1 339 61 0 12 4 965 1120 0 0 0 212 926
0 1 0 0 0 0 0 0 0 0 12 0 34 0 0 0 0 1 0 0 0 0 0 0 22 8 89 0 0 0 10 0 0 0 0 0 0 0 0 0 0 1 1 0 152 0 362 1 0 0 0 0 0 0 0 1 0 0 28 247 236 0 0 0 0 3 0 0
0 0 0 0 1 1 0 0 1 0 5 0 40 0 0 0 0 0 0 0 0 0 0 0 1 0 0 0 0 0 0 0 0 7 0 0 0 0 24 4 1 83 23 0 338 3 45 94 2 0 0 11 0 0 0 0 0 0 9 7 1 1 58 0 3 0 0 431
0 0 0 0 0 0 0 0 0 0 0 0 0 0 0 0 0 0 0 0 0 0 0 0 0 0 0 1 0 0 0 0 0 0 6 0 0 0 0 0 21 0 1 0 0 0 0 0 0 0 0 0 0 0 2 0 0 2 0 0 0 31 1042 212 0 0 0 73
0 3 7 0 0 2 3 2 4 0 4 0 164 1 0 5 2 0 2 0 13 3 10 12 3 19 110 16 4 10 4 3 0 3 25 3 40 12 376 30 102 65 30 140 1219 102 231 138 13 24 827 153 1062 29 1385 4 1447 57 23 43 315 339 1230 926 0 431 73 0
