0 0 26 1 0 11 468 126 6 28 3 6 0 1111 0 0 33 5 10 1 5 1 19 3 0 37 6 27 962 258 0 0 2 4 0 0 0 0 0 0 0 0 0 0 0 0 0 1 0 2 0 0 0 0 1 0 0 3 0 0 0 4 1 1 0 0 0 0
0 0 1 0 3 0 0 1 58 0 5 2 100 1 16 12 5 0 1 0 0 296 0 103 895 21 1785 1 0 0 0 0 0 9 0 88 5 0 0 0 0 1 1 0 1 0 2 0 1 0 0 0 0 0 0 10 0 7 53 32 475 0 0 0 2 0 0 2
26 1 0 0 0 5 143 143 1 8 0 0 0 183 1 0 1510 0 4 0 144 1 2005 4 0 2427 2407 154 5 108 0 0 0 49 0 1 117 0 0 0 1 0 0 0 0 0 0 1 0 2 4 0 2 0 1 0 15 0 0 8 203 1 0 2 0 0 0 5
1 0 0 0 8 72 23 15 66 812 0 639 0 8 10 0 0 0 0 2306 0 1 0 571 0 0 3 1728 24 0 0 0 0 22 0 0 0 323 0 12 2 0 7 1 0 15 0 0 1 0 0 0 0 39 0 0 0 75 0 0 0 34 1 0 0 0 0 0
0 3 0 8 0 152 1 12 192 7 64 46 76 1 727 0 0 0 0 4 1 22 7 88 6 0 2 19 1 0 0 115 0 261 0 0 0 1 0 6 0 1 2 0 0 4 2 0 7 0 0 0 0 1 0 0 0 0 0 0 0 0 0 0 0 0 0 0
11 0 5 72 152 0 113 1946 259 2887 37 2880 82 86 652 0 0 8 7 64 0 0 8 46 2 13 7 141 53 1 0 20 2 44 0 0 0 27 4 65 4 4 20 31 0 127 2 1 9 0 0 0 0 43 0 0 0 58 0 0 0 103 1 0 0 1 0 17
468 0 143 23 1 113 0 883 27 1960 2 5 3 1552 4 0 31 0 4 4 37 0 100 168 0 15 3 4489 191 1132 0 0 12 35 0 0 1 0 0 3 0 0 4 1 0 0 0 2 1 0 0 0 0 1 0 0 0 13 0 0 3 5 1 0 0 0 0 1
126 1 143 15 12 1946 883 0 41 913 21 227 23 2854 37 0 36 14 3 25 17 1 67 35 1 46 3 90 103 78 1 282 1 15 0 0 0 2 0 11 0 2 7 3 0 6 2 0 4 0 0 0 0 0 0 0 0 14 0 0 0 16 0 1 0 1 0 5
6 58 1 66 192 259 27 41 0 79 24 367 82 20 338 1 3 3 6 55 1 430 0 2029 153 8 125 156 31 4 0 4 7 84 0 1 0 25 2 14 3 0 173 26 0 61 0 5 11 1 0 0 2 19 1 1 0 113 0 2 5 61 7 1 0 0 3 10
28 0 8 812 7 2887 1960 913 79 0 5 1941 16 531 49 0 0 0 5 977 3 0 5 56 3 2 0 939 242 3 0 0 3 127 0 0 0 20 0 29 4 0 21 17 0 50 0 0 14 0 0 0 0 41 0 1 0 128 0 0 0 32 1 0 0 0 0 0
3 5 0 0 64 37 2 21 24 5 0 24 452 97 4 0 17 1222 307 3 1 1 0 7 46 489 1 3 224 3 35 209 3 698 0 9 0 0 0 1 0 0 0 0 18 1 174 0 0 0 0 0 0 0 0 5 0 0 10 20 13 0 0 0 45 1 0 1
6 2 0 639 46 2880 5 227 367 1941 24 0 28 96 351 1 0 6 6 1873 0 3 1 408 3 3 1 458 197 0 1 1 0 157 0 0 0 44 1 180 0 2 24 73 0 713 0 1 21 0 0 0 0 76 0 0 0 72 0 0 0 52 0 0 0 0 0 2
0 100 0 0 76 82 3 23 82 16 452 28 0 18 50 0 0 0 0 4 0 63 0 14 1267 11 254 17 17 0 196 83 0 391 0 18 0 1 7 16 3 4 7 5 25 9 447 1 11 0 0 2 0 4 2 4 7 3 104 97 229 6 2 1 193 0 1 132
1111 1 183 8 1 86 1552 2854 20 531 97 96 18 0 9 1 158 28 40 16 21 0 60 61 0 130 12 135 1601 390 3 181 0 28 0 0 0 1 0 2 1 0 4 1 0 0 4 0 1 1 0 0 0 1 1 1 0 23 0 0 0 3 0 3 0 1 0 3
0 16 1 10 727 652 4 37 338 49 4 351 50 9 0 2 0 1 0 23 20 23 19 167 20 1 28 62 18 1 0 3 2 41 0 0 0 17 5 10 2 3 14 33 0 69 1 1 19 6 0 0 0 16 2 0 7 19 0 0 1 19 1 9 0 0 0 7
0 12 0 0 0 0 0 0 1 0 0 1 0 1 2 0 2 0 0 0 881 1344 791 1025 3 0 657 282 0 3 0 0 0 28 0 5 1 0 0 0 0 0 1 0 0 0 0 1 1 498 0 0 0 0 43 72 293 62 0 0 336 37 8 40 0 0 0 18
33 5 1510 0 0 0 31 36 3 0 17 0 0 158 0 2 0 17 1431 0 29 1 956 5 0 1028 773 18 137 342 0 0 8 1114 0 0 29 0 0 0 0 0 0 0 0 0 0 0 0 1 2 0 0 0 0 1 4 0 0 10 80 0 0 0 0 0 0 0
5 0 0 0 0 8 0 14 3 0 1222 6 0 28 1 0 17 0 434 0 0 0 0 0 0 540 2 0 55 2 0 5 0 109 0 0 0 0 0 0 0 0 0 0 0 0 0 0 0 0 0 0 0 0 0 0 0 0 0 7 5 0 0 0 0 0 0 0
10 1 4 0 0 7 4 3 6 5 307 6 0 40 0 0 1431 434 0 1 3 1 11 3 0 1283 40 7 71 31 0 0 1 1044 0 0 1 0 0 0 0 0 1 0 0 0 0 0 0 0 0 0 0 0 0 1 0 0 0 12 16 0 0 0 1 0 0 0
1 0 0 2306 4 64 4 25 55 977 3 1873 4 16 23 0 0 0 1 0 0 0 0 81 0 0 0 1181 36 0 0 0 0 23 0 0 0 21 0 11 1 0 16 12 0 15 0 0 8 0 0 0 0 23 0 0 0 59 0 0 0 20 0 0 0 0 0 1
5 0 144 0 1 0 37 17 1 3 1 0 0 21 20 881 29 0 3 0 0 15 5715 18 0 3 101 1757 63 2024 0 1 9 1271 0 0 0 0 0 0 1 0 2 0 0 0 0 0 0 80 0 0 0 0 23 4 26 25 0 0 4 12 2 38 0 0 0 9
1 296 1 1 22 0 0 1 430 0 1 3 63 0 23 1344 1 0 1 0 15 0 23 1319 207 4 611 48 2 14 0 0 1 8 0 6 1 1 1 0 0 0 23 1 0 0 0 2 1 55 1 0 0 2 4 116 11 45 0 1 27 5 2 8 1 0 0 5
19 0 2005 0 7 8 100 67 0 5 0 1 0 60 19 791 956 0 11 0 5715 23 0 17 0 86 3288 270 24 480 0 0 5 1925 0 1 24 0 0 0 0 0 1 0 0 0 0 0 1 273 0 0 0 0 18 16 349 2 0 0 288 4 0 2 0 0 0 6
3 103 4 571 88 46 168 35 2029 56 7 408 14 61 167 1025 5 0 3 81 18 1319 17 0 123 4 357 1531 178 37 0 0 35 88 5 3 1 40 0 40 9 2 101 36 0 13 0 4 21 21 0 0 0 18 8 26 3 770 2 0 17 271 44 24 0 0 7 62
0 895 0 0 6 2 0 1 153 3 46 3 1267 0 20 3 0 0 0 0 0 207 0 123 0 23 1278 5 2 1 4 1 0 22 0 34 0 0 2 9 0 5 9 11 2 8 113 2 4 2 0 0 0 3 1 20 13 1 322 40 262 4 1 2 10 1 0 62
37 21 2427 0 0 13 15 46 8 2 489 3 11 130 1 0 1028 540 1283 0 3 4 86 4 23 0 2266 1 66 28 371 9 2 332 0 13 107 0 0 0 0 0 0 0 24 0 63 0 0 1 10 7 10 0 1 4 0 2 38 508 651 0 0 1 34 0 0 15
6 1785 2407 3 2 7 3 3 125 0 1 1 254 12 28 657 773 2 40 0 101 611 3288 357 1278 2266 0 285 26 7 189 0 1 812 0 125 389 0 0 1 1 1 2 0 8 0 23 0 0 53 15 5 9 0 1 75 243 20 106 636 4156 7 0 1 12 0 0 44
27 1 154 1728 19 141 4489 90 156 939 3 458 17 135 62 282 18 0 7 1181 1757 48 270 1531 5 1 285 0 508 1598 0 1 120 389 5 0 4 25 0 56 2 1 60 5 0 40 0 3 32 33 0 0 0 34 12 9 3 428 0 0 6 143 31 48 0 0 6 52
962 0 5 24 1 53 191 103 31 242 224 197 17 1601 18 0 137 55 71 36 63 2 24 178 2 66 26 508 0 1356 1 242 985 810 2 0 0 0 0 4 0 0 10 0 0 1 5 2 4 5 0 0 0 0 3 4 0 55 0 0 0 21 14 13 0 0 2 9
258 0 108 0 0 1 1132 78 4 3 3 0 0 390 1 3 342 2 31 0 2024 14 480 37 1 28 7 1598 1356 0 0 0 428 1034 2 0 0 0 0 0 1 0 2 0 0 0 0 4 2 63 0 0 0 0 26 9 17 59 0 0 1 18 13 30 0 0 0 13
0 0 0 0 0 0 0 1 0 0 35 1 196 3 0 0 0 0 0 0 0 0 0 0 4 371 189 0 1 0 0 1 0 5 0 0 0 0 0 0 0 0 0 0 10 0 44 0 0 0 0 0 0 0 0 1 0 0 4 55 35 0 0 0 27 0 0 0
0 0 0 0 115 20 0 282 4 0 209 1 83 181 3 0 0 5 0 0 1 0 0 0 1 9 0 1 242 0 1 0 0 317 0 5 0 0 0 1 0 2 0 0 1 0 24 0 0 0 0 0 0 0 0 0 0 0 4 0 1 0 0 0 0 0 0 2
2 0 0 0 0 2 12 1 7 3 3 0 0 0 2 0 8 0 1 0 9 1 5 35 0 2 1 120 985 428 0 0 0 342 1 0 0 0 0 2 0 1 0 0 0 0 0 0 3 0 0 0 0 0 3 1 0 19 0 0 0 9 2 8 0 0 0 2
4 9 49 22 261 44 35 15 84 127 698 157 391 28 41 28 1114 109 1044 23 1271 8 1925 88 22 332 812 389 810 1034 5 317 342 0 4 12 39 0 0 17 1 4 16 0 0 4 7 5 7 19 0 0 0 0 14 13 16 56 2 37 186 56 27 36 1 1 1 29
0 0 0 0 0 0 0 0 0 0 0 0 0 0 0 0 0 0 0 0 0 0 0 5 0 0 0 5 2 2 0 0 1 4 0 0 7 1 0 3 758 16 0 9 0 1 0 1025 0 0 3 3 6 0 4 1 2 6 0 10 7 7 952 446 0 0 4 16
0 88 1 0 0 0 0 0 1 0 9 0 18 0 0 5 0 0 0 0 0 6 1 3 34 13 125 0 0 0 0 5 0 12 0 0 1 0 6 0 2 2 51 0 0 1 47 2 23 3 0 0 0 0 0 216 0 118 476 3 1426 5 0 1 0 0 0 4
0 5 117 0 0 0 1 0 0 0 0 0 0 0 0 1 29 0 1 0 0 1 24 1 0 107 389 4 0 0 0 0 0 39 7 1 0 0 0 27 342 98 0 7 0 0 0 36 1 6 409 0 15 0 108 2 2135 11 0 1763 3203 267 2 36 0 0 0 42
0 0 0 323 1 27 0 2 25 20 0 44 1 1 17 0 0 0 0 21 0 1 0 40 0 0 0 25 0 0 0 0 0 0 1 0 0 0 20 28 16 4 100 1390 0 932 0 6 32 0 0 0 1 2322 0 1 0 460 1 0 2 2201 33 0 0 1 0 22
0 0 0 0 0 4 0 0 2 0 0 1 7 0 5 0 0 0 0 0 0 1 0 0 2 0 0 0 0 0 0 0 0 0 0 6 0 20 0 488 4 15 190 5 56 57 73 1 866 0 0 3 0 7 0 27 0 95 0 11 0 35 0 0 1 67 0 359
0 0 0 12 6 65 3 11 14 29 1 180 16 2 10 0 0 0 0 11 0 0 0 40 9 0 1 56 4 0 0 1 2 17 3 0 27 28 488 0 146 2398 106 3335 17 2955 1 77 538 0 2 7 5 38 5 1 1 47 1 23 2 170 52 1 8 12 0 137
0 0 1 2 0 4 0 0 3 4 0 0 3 1 2 0 0 0 0 1 1 0 0 9 0 0 1 2 0 1 0 0 0 1 758 2 342 16 4 146 0 698 20 1483 4 8 0 1624 5 0 263 4 46 8 217 4 163 88 0 181 17 4829 150 1479 0 0 7 57
0 1 0 0 1 4 0 2 0 0 0 2 4 0 3 0 0 0 0 0 0 0 0 2 5 0 1 1 0 0 0 2 1 4 16 2 98 4 15 2398 698 0 17 827 20 125 0 2936 53 0 16 16 3 6 12 4 16 12 0 65 7 18 24 16 10 276 0 47
0 1 0 7 2 20 4 7 173 21 0 24 7 4 14 1 0 0 1 16 2 23 1 101 9 0 2 60 10 2 0 0 0 16 0 51 0 100 190 106 20 17 0 30 6 274 28 18 255 0 0 7 4 76 1 428 0 1919 120 9 80 119 40 4 0 5 1 32
0 0 0 1 0 31 1 3 26 17 0 73 5 1 33 0 0 0 0 12 0 1 0 36 11 0 0 5 0 0 0 0 0 0 9 0 7 1390 5 3335 1483 827 30 0 12 1562 0 514 50 0 3 1 11 1935 1 2 1 73 0 3 0 1403 254 2 0 0 0 178
0 1 0 0 0 0 0 0 0 0 18 0 25 0 0 0 0 0 0 0 0 0 0 0 2 24 8 0 0 0 10 1 0 0 0 0 0 0 56 17 4 20 6 12 0 34 542 43 0 0 0 1562 142 11 1 1 0 4 0 440 9 4 206 0 76 201 0 1041
0 0 0 15 4 127 0 6 61 50 1 713 9 0 69 0 0 0 0 15 0 0 0 13 8 0 0 40 1 0 0 0 0 4 1 1 0 932 57 2955 8 125 274 1562 34 0 1 164 319 1 0 3 8 2352 0 1 0 297 1 16 6 301 152 0 2 0 0 178
0 2 0 0 2 2 0 2 0 0 174 0 447 4 1 0 0 0 0 0 0 0 0 0 113 63 23 0 5 0 44 24 0 7 0 47 0 0 73 1 0 0 28 0 542 1 0 0 0 0 0 0 0 0 0 48 0 12 776 89 505 0 5 1 324 80 0 188
1 0 1 0 0 1 2 0 5 0 0 1 1 0 1 1 0 0 0 0 0 2 0 4 2 0 0 3 2 4 0 0 0 5 1025 2 36 6 1 77 1624 2936 18 514 43 164 0 0 6 0 24 19 25 20 5 5 13 28 0 71 9 48 1181 244 4 56 0 75
0 1 0 1 7 9 1 4 11 14 0 21 11 1 19 1 0 0 0 8 0 1 1 21 4 0 0 32 4 2 0 0 3 7 0 23 1 32 866 538 5 53 255 50 0 319 0 6 0 12 0 0 0 18 28 24 10 230 20 3 26 89 14 1 0 2 0 20
2 0 2 0 0 0 0 0 1 0 0 0 0 1 6 498 1 0 0 0 80 55 273 21 2 1 53 33 5 63 0 0 0 19 0 3 6 0 0 0 0 0 0 0 0 1 0 0 12 0 1 1 0 0 473 894 1618 1028 0 3 1044 520 6 17 0 1 1 24
0 0 4 0 0 0 0 0 0 0 0 0 0 0 0 0 2 0 0 0 0 1 0 0 0 10 15 0 0 0 0 0 0 0 3 0 409 0 0 2 263 16 0 3 0 0 0 24 0 1 0 7 433 0 17 3 664 1 0 444 581 49 0 201 0 0 1 952
0 0 0 0 0 0 0 0 0 0 0 0 2 0 0 0 0 0 0 0 0 0 0 0 0 7 5 0 0 0 0 0 0 0 3 0 0 0 3 7 4 16 7 1 1562 3 0 19 0 1 7 0 496 1 0 0 2 0 0 377 1 1 60 4 2 19 0 82
0 0 2 0 0 0 0 0 2 0 0 0 0 0 0 0 0 0 0 0 0 0 0 0 0 10 9 0 0 0 0 0 0 0 6 0 15 1 0 5 46 3 4 11 142 8 0 25 0 0 433 496 0 3 4 3 8 8 0 1699 26 7 20 63 0 1 0 742
0 0 0 39 1 43 1 0 19 41 0 76 4 1 16 0 0 0 0 23 0 2 0 18 3 0 0 34 0 0 0 0 0 0 0 0 0 2322 7 38 8 6 76 1935 11 2352 0 20 18 0 0 1 3 0 0 0 0 130 0 0 0 524 31 0 0 0 0 32
1 0 1 0 0 0 0 0 1 0 0 0 2 1 2 43 0 0 0 0 23 4 18 8 1 1 1 12 3 26 0 0 3 14 4 0 108 0 0 5 217 12 1 1 1 0 0 5 28 473 17 0 4 0 0 14 5311 98 0 17 67 2279 11 1936 0 0 5 1115
0 10 0 0 0 0 0 0 1 1 5 0 4 1 0 72 1 0 1 0 4 116 16 26 20 4 75 9 4 9 1 0 1 13 1 216 2 1 27 1 4 4 428 2 1 1 48 5 24 894 3 0 3 0 14 0 14 1208 134 13 881 60 16 29 0 0 4 20
0 0 15 0 0 0 0 0 0 0 0 0 7 0 7 293 4 0 0 0 26 11 349 3 13 0 243 3 0 17 0 0 0 16 2 0 2135 0 0 1 163 16 0 1 0 0 0 13 10 1618 664 2 8 0 5311 14 0 36 0 118 1940 200 4 213 0 0 0 802
3 7 0 75 0 58 13 14 113 128 0 72 3 23 19 62 0 0 0 59 25 45 2 770 1 2 20 428 55 59 0 0 19 56 6 118 11 460 95 47 88 12 1919 73 4 297 12 28 230 1028 1 0 8 130 98 1208 36 0 125 10 484 2227 196 28 0 2 33 96
0 53 0 0 0 0 0 0 0 0 10 0 104 0 0 0 0 0 0 0 0 0 0 2 322 38 106 0 0 0 4 4 0 2 0 476 0 1 0 1 0 0 120 0 0 1 776 0 20 0 0 0 0 0 0 134 0 125 0 5 1249 0 0 0 4 0 0 2
0 32 8 0 0 0 0 0 2 0 20 0 97 0 0 0 10 7 12 0 0 1 0 0 40 508 636 0 0 0 55 0 0 37 10 3 1763 0 11 23 181 65 9 3 440 16 89 71 3 3 444 377 1699 0 17 13 118 10 5 0 2804 32 46 47 238 33 0 206
0 475 203 0 0 0 3 0 5 0 13 0 229 0 1 336 80 5 16 0 4 27 288 17 262 651 4156 6 0 1 35 1 0 186 7 1426 3203 2 0 2 17 7 80 0 9 6 505 9 26 1044 581 1 26 0 67 881 1940 484 1249 2804 0 76 6 12 88 2 0 552
4 0 1 34 0 103 5 16 61 32 0 52 6 3 19 37 0 0 0 20 12 5 4 271 4 0 7 143 21 18 0 0 9 56 7 5 267 2201 35 170 4829 18 119 1403 4 301 0 48 89 520 49 1 7 524 2279 60 200 2227 0 32 76 0 405 1238 0 0 70 337
1 0 0 1 0 1 1 0 7 1 0 0 2 0 1 8 0 0 0 0 2 2 0 44 1 0 0 31 14 13 0 0 2 27 952 0 2 33 0 52 150 24 40 254 206 152 5 1181 14 6 0 60 20 31 11 16 4 196 0 46 6 405 0 833 13 48 710 1221
1 0 2 0 0 0 0 1 1 0 0 0 1 3 9 40 0 0 0 0 38 8 2 24 2 1 1 48 13 30 0 0 8 36 446 1 36 0 0 1 1479 16 4 2 0 0 1 244 1 17 201 4 63 0 1936 29 213 28 0 47 12 1238 833 0 0 0 130 1209
0 2 0 0 0 0 0 0 0 0 45 0 193 0 0 0 0 0 1 0 0 1 0 0 10 34 12 0 0 0 27 0 0 1 0 0 0 0 1 8 0 10 0 0 76 2 324 4 0 0 0 2 0 0 0 0 0 0 4 238 88 0 13 0 0 15 0 16
0 0 0 0 0 1 0 1 0 0 1 0 0 1 0 0 0 0 0 0 0 0 0 0 1 0 0 0 0 0 0 0 0 1 0 0 0 1 67 12 0 276 5 0 201 0 80 56 2 1 0 19 1 0 0 0 0 2 0 33 2 0 48 0 15 0 0 671
0 0 0 0 0 0 0 0 3 0 0 0 1 0 0 0 0 0 0 0 0 0 0 7 0 0 0 6 2 0 0 0 0 1 4 0 0 0 0 0 7 0 1 0 0 0 0 0 0 1 1 0 0 0 5 4 0 33 0 0 0 70 710 130 0 0 0 352
0 2 5 0 0 17 1 5 10 0 1 2 132 3 7 18 0 0 0 1 9 5 6 62 62 15 44 52 9 13 0 2 2 29 16 4 42 22 359 137 57 47 32 178 1041 178 188 75 20 24 952 82 742 32 1115 20 802 96 2 206 552 337 1221 1209 16 671 352 0
