0 0 17 0 0 0 431 146 1 5 1 1 0 1248 0 0 67 2 12 1 1 0 16 0 0 18 1 0 800 544 1 0 3 23 0 0 0 0 0 0 0 0 0 0 0 0 0 0 0 0 0 0 0 0 0 0 0 0 0 0 0 0 0 0 0 0 0 0
0 0 1 0 0 0 0 0 22 0 8 0 35 0 0 20 0 0 0 0 0 426 1 52 487 2 1992 0 1 0 0 0 0 5 0 82 2 0 0 0 0 0 4 0 0 0 9 0 0 0 1 0 0 0 0 5 1 0 12 12 257 0 0 0 1 0 0 0
17 1 0 0 0 2 567 76 0 9 0 0 0 198 0 0 981 0 32 0 143 0 2960 1 0 2036 3180 209 6 113 0 0 0 75 0 8 50 0 0 0 0 0 0 0 0 0 0 0 0 2 2 0 0 0 0 2 17 0 0 14 285 0 0 0 0 0 0 1
0 0 0 0 10 4 5 10 87 977 0 385 3 2 58 0 0 0 0 2151 0 0 0 644 0 0 0 1150 6 0 0 0 0 13 0 0 0 91 1 0 0 0 26 0 0 49 0 0 6 0 0 0 0 40 0 0 0 100 0 0 0 9 0 0 0 0 0 0
0 0 0 10 0 264 0 0 132 4 11 87 21 0 555 0 0 0 0 27 0 1 0 66 0 0 0 23 0 0 0 37 0 217 0 0 0 0 1 0 0 0 1 0 0 5 0 0 7 0 0 0 0 1 0 0 0 1 0 0 0 0 0 0 0 0 0 2
0 0 2 4 264 0 284 1795 73 2433 25 2468 33 84 535 0 0 3 4 19 0 0 0 4 0 4 0 21 42 0 0 20 0 31 0 0 0 0 1 3 1 0 3 0 0 28 1 7 5 0 0 0 0 1 0 0 0 36 0 0 0 14 0 0 0 1 0 5
431 0 567 5 0 284 0 262 9 1887 11 34 13 1841 27 0 38 1 1 0 44 1 163 58 0 26 0 2889 210 2356 0 0 28 164 0 0 0 5 0 0 2 0 2 0 0 1 0 0 0 0 0 0 0 4 0 0 0 11 0 0 0 14 0 0 0 0 0 0
146 0 76 10 0 1795 262 0 22 712 2 166 9 2224 20 0 76 0 2 17 4 0 25 0 0 16 0 5 54 107 0 459 1 22 0 0 0 0 0 2 0 0 0 0 0 0 0 0 0 0 0 0 0 0 0 0 0 0 0 0 0 0 0 0 0 0 0 1
1 22 0 87 132 73 9 22 0 46 10 312 11 10 369 0 0 0 0 118 0 489 0 2008 70 1 83 82 16 0 0 4 0 4 0 3 0 33 1 5 1 2 161 63 0 64 0 1 2 13 0 0 0 39 1 28 0 116 0 0 0 77 3 0 0 0 0 1
5 0 9 977 4 2433 1887 712 46 0 2 1492 19 429 35 0 0 0 0 1288 0 0 1 22 0 1 0 327 159 3 0 0 1 284 0 0 0 1 0 1 0 0 42 0 0 58 0 0 3 0 0 0 0 8 0 0 0 116 0 0 0 2 0 0 0 0 0 0
1 8 0 0 11 25 11 2 10 2 0 30 493 22 1 0 4 1277 553 6 0 26 0 1 88 718 31 3 190 7 60 59 1 1026 0 3 0 0 0 0 0 0 0 0 91 0 132 1 0 0 0 0 0 0 0 1 0 0 82 35 42 0 1 0 41 3 0 5
1 0 0 385 87 2468 34 166 312 1492 30 0 26 81 891 0 0 1 2 1508 0 1 0 182 1 0 0 87 74 0 0 1 0 117 0 0 0 13 1 15 2 0 10 13 0 999 0 0 29 0 0 0 0 43 0 0 0 37 0 0 0 59 0 0 0 0 0 2
0 35 0 3 21 33 13 9 11 19 493 26 0 13 33 0 0 3 1 3 0 38 0 3 1000 25 854 8 51 0 181 83 0 554 0 19 0 0 1 3 1 1 1 0 53 3 453 2 7 0 0 0 0 0 0 3 0 2 245 16 53 1 2 0 27 3 0 50
1248 0 198 2 0 84 1841 2224 10 429 22 81 13 0 6 0 148 7 9 8 6 0 74 0 0 37 6 5 1458 425 0 64 2 62 0 0 0 0 0 0 0 1 0 0 0 0 0 0 0 0 0 0 0 0 0 2 0 0 0 0 0 0 1 0 0 0 0 1
0 0 0 58 555 535 27 20 369 35 1 891 33 6 0 2 0 0 0 57 26 2 15 136 0 0 1 109 13 3 0 2 0 13 0 0 0 2 8 6 0 1 9 1 0 29 2 0 13 3 0 0 0 20 0 0 0 2 0 0 0 3 1 0 0 0 0 2
0 20 0 0 0 0 0 0 0 0 0 0 0 0 2 0 0 0 0 0 356 1176 497 231 3 0 1376 173 0 0 0 0 0 0 0 0 0 0 0 0 0 0 0 0 0 0 0 0 0 467 0 0 0 0 39 35 255 88 0 0 288 41 0 0 0 0 0 0
67 0 981 0 0 0 38 76 0 0 4 0 0 148 0 0 0 20 1655 0 34 0 1342 0 0 863 591 5 125 170 0 0 2 1486 0 1 3 0 0 0 0 0 0 0 0 0 0 0 0 0 0 0 0 0 0 0 0 0 0 2 14 0 0 0 0 0 0 0
2 0 0 0 0 3 1 0 0 0 1277 1 3 7 0 0 20 0 623 0 0 0 1 0 0 600 0 0 12 0 0 0 0 84 0 0 0 0 0 0 0 0 0 0 0 0 1 0 0 0 0 0 0 0 0 0 0 0 0 0 0 0 0 0 0 0 0 0
12 0 32 0 0 4 1 2 0 0 553 2 1 9 0 0 1655 623 0 1 0 0 13 0 0 1022 111 2 58 9 0 1 6 898 0 2 0 0 0 0 0 0 0 0 0 0 0 0 0 0 0 0 0 0 0 0 0 0 1 4 17 0 0 0 0 0 0 0
1 0 0 2151 27 19 0 17 118 1288 6 1508 3 8 57 0 0 0 1 0 0 0 0 175 0 0 0 225 13 0 0 0 0 24 0 0 0 14 1 0 1 1 22 0 0 45 0 0 6 0 0 0 0 56 0 0 0 55 0 0 0 16 0 0 0 0 0 0
1 0 143 0 0 0 44 4 0 0 0 0 0 6 26 356 34 0 0 0 0 11 6441 3 0 4 47 2015 13 2216 0 0 8 795 0 0 0 0 0 0 0 0 0 0 0 0 0 0 0 101 0 0 0 0 5 10 6 23 0 0 0 5 0 0 0 0 0 0
0 426 0 0 1 0 1 0 489 0 26 1 38 0 2 1176 0 0 0 0 11 0 10 489 163 2 609 4 0 0 0 0 0 1 0 10 2 0 0 0 0 0 0 0 0 0 2 0 0 54 0 0 0 0 4 189 13 24 2 1 120 8 0 0 0 0 0 0
16 1 2960 0 0 0 163 25 0 1 0 0 0 74 15 497 1342 1 13 0 6441 10 0 5 0 144 2264 368 35 653 0 0 1 1575 0 0 4 0 0 0 0 0 0 0 0 0 0 0 0 359 0 0 0 0 4 5 255 4 0 0 281 2 0 0 0 0 0 0
0 52 1 644 66 4 58 0 2008 22 1 182 3 0 136 231 0 0 0 175 3 489 5 0 81 0 286 1746 6 0 0 1 0 14 0 1 0 36 1 1 7 0 113 6 0 11 0 0 10 126 0 0 0 47 2 54 2 732 0 0 4 393 3 0 0 0 0 14
0 487 0 0 0 0 0 0 70 0 88 1 1000 0 0 3 0 0 0 0 0 163 0 81 0 2 782 0 2 0 9 0 0 1 0 57 0 0 0 0 0 0 0 0 23 0 51 0 0 0 0 0 0 0 0 2 0 0 226 4 82 0 2 0 11 2 0 6
18 2 2036 0 0 4 26 16 1 1 718 0 25 37 0 0 863 600 1022 0 4 2 144 0 2 0 4413 3 50 12 258 0 7 286 0 29 6 0 0 0 0 0 0 0 7 0 72 0 0 0 2 1 2 0 0 1 0 0 41 248 634 0 0 0 70 0 0 4
1 1992 3180 0 0 0 0 0 83 0 31 0 854 6 1 1376 591 0 111 0 47 609 2264 286 782 4413 0 111 24 2 176 0 3 742 0 264 217 0 0 0 0 0 6 0 5 0 189 0 0 25 9 0 2 0 0 48 166 7 334 355 5219 1 0 0 57 0 0 13
0 0 209 1150 23 21 2889 5 82 327 3 87 8 5 109 173 5 0 2 225 2015 4 368 1746 0 3 111 0 56 2371 0 1 14 284 1 0 0 3 0 0 0 0 46 0 0 37 0 0 4 50 0 0 0 5 9 12 1 371 0 0 5 60 0 1 0 0 1 1
800 1 6 6 0 42 210 54 16 159 190 74 51 1458 13 0 125 12 58 13 13 0 35 6 2 50 24 56 0 1642 0 80 1184 1271 0 0 0 0 0 2 0 5 0 0 0 1 0 2 0 0 0 0 0 0 0 0 0 0 0 0 0 0 0 0 0 1 0 2
544 0 113 0 0 0 2356 107 0 3 7 0 0 425 3 0 170 0 9 0 2216 0 653 0 0 12 2 2371 1642 0 0 0 91 684 0 0 0 0 0 0 0 0 0 0 0 0 0 0 0 0 0 0 0 0 0 0 0 0 0 0 0 0 0 0 0 0 0 0
1 0 0 0 0 0 0 0 0 0 60 0 181 0 0 0 0 0 0 0 0 0 0 0 9 258 176 0 0 0 0 0 0 3 0 1 0 0 0 0 0 0 0 0 4 0 61 0 0 0 0 0 0 0 0 0 0 0 15 6 22 0 0 0 22 0 0 0
0 0 0 0 37 20 0 459 4 0 59 1 83 64 2 0 0 0 1 0 0 0 0 1 0 0 0 1 80 0 0 0 0 270 0 0 0 0 0 0 0 0 0 0 0 0 0 1 0 0 0 0 0 0 0 0 0 0 0 0 0 0 1 0 0 0 0 1
3 0 0 0 0 0 28 1 0 1 1 0 0 2 0 0 2 0 6 0 8 0 1 0 0 7 3 14 1184 91 0 0 0 500 0 0 0 0 0 0 0 0 0 0 0 0 0 0 0 0 0 0 0 0 0 0 0 0 0 0 0 0 0 0 0 0 0 0
23 5 75 13 217 31 164 22 4 284 1026 117 554 62 13 0 1486 84 898 24 795 1 1575 14 1 286 742 284 1271 684 3 270 500 0 0 4 3 0 1 0 0 0 0 0 1 1 1 0 1 1 0 0 0 0 0 0 0 1 2 2 58 4 0 0 0 1 0 3
0 0 0 0 0 0 0 0 0 0 0 0 0 0 0 0 0 0 0 0 0 0 0 0 0 0 0 1 0 0 0 0 0 0 0 0 3 0 0 2 878 74 0 20 4 4 0 1294 1 0 9 5 3 1 0 0 2 0 0 3 1 8 1012 497 0 0 0 39
0 82 8 0 0 0 0 0 3 0 3 0 19 0 0 0 1 0 2 0 0 10 0 1 57 29 264 0 0 0 1 0 0 4 0 0 1 0 0 0 1 0 66 0 0 0 15 0 1 1 0 0 0 0 0 378 2 56 643 12 1621 2 0 0 1 0 0 11
0 2 50 0 0 0 0 0 0 0 0 0 0 0 0 0 3 0 0 0 0 2 4 0 0 6 217 0 0 0 0 0 0 3 3 1 0 0 0 0 288 2 0 0 0 0 0 12 0 2 564 0 2 0 121 1 3116 9 0 1069 3147 330 0 16 0 0 0 24
0 0 0 91 0 0 5 0 33 1 0 13 0 0 2 0 0 0 0 14 0 0 0 36 0 0 0 3 0 0 0 0 0 0 0 0 0 0 13 9 0 2 53 437 0 474 0 3 9 0 0 0 0 2477 0 1 0 684 0 0 0 2255 6 0 0 0 0 11
0 0 0 1 1 1 0 0 1 0 0 1 1 0 8 0 0 0 0 1 0 0 0 1 0 0 0 0 0 0 0 0 0 1 0 0 0 13 0 219 1 6 115 4 2 48 3 0 690 0 0 0 0 24 0 4 0 157 0 0 1 39 0 0 0 171 0 80
0 0 0 0 0 3 0 2 5 1 0 15 3 0 6 0 0 0 0 0 0 0 0 1 0 0 0 0 2 0 0 0 0 0 2 0 0 9 219 0 275 1675 55 1988 12 1979 0 41 676 0 1 1 3 162 0 1 0 20 1 0 0 382 32 1 0 16 1 62
0 0 0 0 0 1 2 0 1 0 0 2 1 0 0 0 0 0 0 1 0 0 0 7 0 0 0 0 0 0 0 0 0 0 878 1 288 0 1 275 0 582 3 896 20 38 0 2186 30 0 222 1 17 16 10 1 160 120 0 71 0 3689 329 1627 0 0 11 198
0 0 0 0 0 0 0 0 2 0 0 0 1 1 1 0 0 0 0 1 0 0 0 0 0 0 0 0 5 0 0 0 0 0 74 0 2 2 6 1675 582 0 10 691 9 114 0 3494 43 0 13 0 4 7 1 1 1 3 0 0 0 27 52 25 0 30 0 76
0 4 0 26 1 3 2 0 161 42 0 10 1 0 9 0 0 0 0 22 0 0 0 113 0 0 6 46 0 0 0 0 0 0 0 66 0 53 115 55 3 10 0 33 3 215 7 7 322 1 0 0 0 43 0 534 0 1265 185 1 120 113 14 0 0 6 0 38
0 0 0 0 0 0 0 0 63 0 0 13 0 0 1 0 0 0 0 0 0 0 0 6 0 0 0 0 0 0 0 0 0 0 20 0 0 437 4 1988 896 691 33 0 12 789 0 439 22 0 0 0 1 785 0 0 0 47 0 0 0 2519 140 0 0 0 0 213
0 0 0 0 0 0 0 0 0 0 91 0 53 0 0 0 0 0 0 0 0 0 0 0 23 7 5 0 0 0 4 0 0 1 4 0 0 0 2 12 20 9 3 12 0 23 372 30 0 0 2 1031 288 4 1 0 0 5 122 741 1 3 135 5 105 155 2 1063
0 0 0 49 5 28 1 0 64 58 0 999 3 0 29 0 0 0 0 45 0 0 0 11 0 0 0 37 1 0 0 0 0 1 4 0 0 474 48 1979 38 114 215 789 23 0 3 70 464 0 1 5 6 1750 0 0 0 349 0 1 0 317 130 0 0 1 0 226
0 9 0 0 0 1 0 0 0 0 132 0 453 0 2 0 0 1 0 0 0 2 0 0 51 72 189 0 0 0 61 0 0 1 0 15 0 0 3 0 0 0 7 0 372 3 0 0 16 0 0 0 0 0 0 3 0 0 477 8 561 2 3 0 269 50 0 195
0 0 0 0 0 7 0 0 1 0 1 0 2 0 0 0 0 0 0 0 0 0 0 0 0 0 0 0 2 0 0 1 0 0 1294 0 12 3 0 41 2186 3494 7 439 30 70 0 0 11 0 79 1 12 13 1 0 3 2 0 5 0 24 1456 279 0 3 1 144
0 0 0 6 7 5 0 0 2 3 0 29 7 0 13 0 0 0 0 6 0 0 0 10 0 0 0 4 0 0 0 0 0 1 1 1 0 9 690 676 30 43 322 22 0 464 16 11 0 2 0 1 0 22 21 1 3 149 1 0 1 74 9 8 0 2 0 24
0 0 2 0 0 0 0 0 13 0 0 0 0 0 3 467 0 0 0 0 101 54 359 126 0 0 25 50 0 0 0 0 0 1 0 1 2 0 0 0 0 0 1 0 0 0 0 0 2 0 0 0 0 0 441 1036 858 804 0 1 1430 201 1 1 0 0 0 1
0 1 2 0 0 0 0 0 0 0 0 0 0 0 0 0 0 0 0 0 0 0 0 0 0 2 9 0 0 0 0 0 0 0 9 0 564 0 0 1 222 13 0 0 2 1 0 79 0 0 0 6 1324 0 13 0 791 1 0 1216 121 46 3 160 0 0 0 1024
0 0 0 0 0 0 0 0 0 0 0 0 0 0 0 0 0 0 0 0 0 0 0 0 0 1 0 0 0 0 0 0 0 0 5 0 0 0 0 1 1 0 0 0 1031 5 0 1 1 0 6 0 412 0 0 0 2 1 0 282 0 0 4 2 0 0 1 67
0 0 0 0 0 0 0 0 0 0 0 0 0 0 0 0 0 0 0 0 0 0 0 0 0 2 2 0 0 0 0 0 0 0 3 0 2 0 0 3 17 4 0 1 288 6 0 12 0 0 1324 412 0 5 17 1 15 7 0 929 33 1 15 52 0 0 1 928
0 0 0 40 1 1 4 0 39 8 0 43 0 0 20 0 0 0 0 56 0 0 0 47 0 0 0 5 0 0 0 0 0 0 1 0 0 2477 24 162 16 7 43 785 4 1750 0 13 22 0 0 0 5 0 0 1 0 97 0 0 0 488 28 0 0 0 0 32
0 0 0 0 0 0 0 0 1 0 0 0 0 0 0 39 0 0 0 0 5 4 4 2 0 0 0 9 0 0 0 0 0 0 0 0 121 0 0 0 10 1 0 0 1 0 0 1 21 441 13 0 17 0 0 17 5686 20 0 10 62 1299 9 2183 0 0 0 1107
0 5 2 0 0 0 0 0 28 0 1 0 3 2 0 35 0 0 0 0 10 189 5 54 2 1 48 12 0 0 0 0 0 0 0 378 1 1 4 1 1 1 534 0 0 0 3 0 1 1036 0 0 1 1 17 0 106 1082 133 3 670 63 1 0 0 0 0 3
0 1 17 0 0 0 0 0 0 0 0 0 0 0 0 255 0 0 0 0 6 13 255 2 0 0 166 1 0 0 0 0 0 0 2 2 3116 0 0 0 160 1 0 0 0 0 0 3 3 858 791 2 15 0 5686 106 0 16 0 25 2279 401 3 274 0 0 0 972
0 0 0 100 1 36 11 0 116 116 0 37 2 0 2 88 0 0 0 55 23 24 4 732 0 0 7 371 0 0 0 0 0 1 0 56 9 684 157 20 120 3 1265 47 5 349 0 2 149 804 1 1 7 97 20 1082 16 0 42 5 255 2103 26 1 0 10 1 35
0 12 0 0 0 0 0 0 0 0 82 0 245 0 0 0 0 0 1 0 0 2 0 0 226 41 334 0 0 0 15 0 0 2 0 643 0 0 0 1 0 0 185 0 122 0 477 0 1 0 0 0 0 0 0 133 0 42 0 6 963 0 0 0 0 21 0 53
0 12 14 0 0 0 0 0 0 0 35 0 16 0 0 0 2 0 4 0 0 1 0 0 4 248 355 0 0 0 6 0 0 2 3 12 1069 0 0 0 71 0 1 0 741 1 8 5 0 1 1216 282 929 0 10 3 25 5 6 0 3139 18 3 9 235 0 2 71
0 257 285 0 0 0 0 0 0 0 42 0 53 0 0 288 14 0 17 0 0 120 281 4 82 634 5219 5 0 0 22 0 0 58 1 1621 3147 0 1 0 0 0 120 0 1 0 561 0 1 1430 121 0 33 0 62 670 2279 255 963 3139 0 59 1 11 290 0 0 321
0 0 0 9 0 14 14 0 77 2 0 59 1 0 3 41 0 0 0 16 5 8 2 393 0 0 1 60 0 0 0 0 0 4 8 2 330 2255 39 382 3689 27 113 2519 3 317 2 24 74 201 46 0 1 488 1299 63 401 2103 0 18 59 0 174 1576 0 0 11 267
0 0 0 0 0 0 0 0 3 0 1 0 2 1 1 0 0 0 0 0 0 0 0 3 2 0 0 0 0 0 0 1 0 0 1012 0 0 6 0 32 329 52 14 140 135 130 3 1456 9 1 3 4 15 28 9 1 3 26 0 3 1 174 0 1182 0 75 938 1318
0 0 0 0 0 0 0 0 0 0 0 0 0 0 0 0 0 0 0 0 0 0 0 0 0 0 0 1 0 0 0 0 0 0 497 0 16 0 0 1 1627 25 0 0 5 0 0 279 8 1 160 2 52 0 2183 0 274 1 0 9 11 1576 1182 0 0 0 141 1089
0 1 0 0 0 0 0 0 0 0 41 0 27 0 0 0 0 0 0 0 0 0 0 0 11 70 57 0 0 0 22 0 0 0 0 1 0 0 0 0 0 0 0 0 105 0 269 0 0 0 0 0 0 0 0 0 0 0 0 235 290 0 0 0 0 0 0 0
0 0 0 0 0 1 0 0 0 0 3 0 3 0 0 0 0 0 0 0 0 0 0 0 2 0 0 0 1 0 0 0 0 1 0 0 0 0 171 16 0 30 6 0 155 1 50 3 2 0 0 0 0 0 0 0 0 10 21 0 0 0 75 0 0 0 0 663
0 0 0 0 0 0 0 0 0 0 0 0 0 0 0 0 0 0 0 0 0 0 0 0 0 0 0 1 0 0 0 0 0 0 0 0 0 0 0 1 11 0 0 0 2 0 0 1 0 0 0 1 1 0 0 0 0 1 0 2 0 11 938 141 0 0 0 503
0 0 1 0 2 5 0 1 1 0 5 2 50 1 2 0 0 0 0 0 0 0 0 14 6 4 13 1 2 0 0 1 0 3 39 11 24 11 80 62 198 76 38 213 1063 226 195 144 24 1 1024 67 928 32 1107 3 972 35 53 71 321 267 1318 1089 0 663 503 0
