0 0 10 0 0 10 427 87 1 4 3 3 0 1523 0 0 36 0 4 0 2 0 35 0 0 2 2 0 1358 291 1 1 1 5 0 0 0 0 0 0 0 0 1 0 0 0 0 0 0 0 0 0 0 0 0 0 0 0 0 0 0 1 0 0 0 0 0 0
0 0 1 0 0 0 0 0 33 0 5 0 83 1 2 3 3 0 0 0 0 198 2 52 439 13 1851 0 0 0 3 0 0 3 0 131 8 0 0 0 0 0 0 0 0 0 23 0 0 3 0 0 0 0 0 18 1 0 14 7 186 2 0 0 4 0 0 0
10 1 0 0 0 3 219 135 5 2 3 1 0 96 4 6 1160 1 76 0 54 2 2930 0 0 1954 3027 32 10 49 0 0 0 122 0 6 63 0 0 0 0 0 0 0 0 0 0 0 0 10 4 0 0 0 0 3 45 0 0 10 132 0 0 0 0 0 0 1
0 0 0 0 14 30 14 3 155 1405 0 920 10 3 46 0 0 0 0 2627 0 1 0 771 0 0 0 1992 15 0 0 0 1 11 0 0 0 19 0 3 0 0 35 1 0 66 0 0 3 0 0 0 0 14 0 0 0 121 0 0 0 18 0 0 0 0 0 2
0 0 0 14 0 80 4 0 72 3 7 127 156 0 1160 1 0 0 0 3 5 1 8 29 1 0 0 16 3 2 0 83 0 242 0 0 0 0 2 6 0 1 0 1 0 2 0 0 1 0 0 0 0 1 0 0 0 0 0 0 0 0 0 0 0 0 0 1
10 0 3 30 80 0 293 2429 45 2816 33 3914 67 73 1277 0 7 9 4 89 0 3 5 16 1 3 2 153 74 1 1 156 0 45 0 1 0 0 0 8 2 0 5 0 0 19 0 0 3 0 0 0 0 1 0 0 0 28 0 0 0 11 1 3 0 0 0 11
427 0 219 14 4 293 0 617 21 1376 15 35 10 1144 31 1 7 1 0 10 146 1 299 54 0 4 1 4455 301 2042 0 1 32 161 0 0 0 5 0 1 0 0 3 0 0 3 0 0 5 1 0 0 0 2 0 3 0 36 0 0 0 19 0 0 0 0 0 3
87 0 135 3 0 2429 617 0 14 896 11 175 26 2678 28 0 161 2 3 12 7 0 146 8 0 9 6 29 60 134 1 47 1 25 0 0 0 0 0 1 0 0 0 0 0 1 0 0 1 0 0 0 0 0 0 0 0 2 0 0 0 1 0 0 0 0 0 1
1 33 5 155 72 45 21 14 0 35 4 533 52 3 397 1 1 0 1 73 0 411 1 2881 75 5 262 183 22 1 0 20 0 8 0 0 0 50 1 11 6 4 149 23 0 123 4 0 2 3 0 0 0 22 0 21 0 127 1 0 3 94 8 1 0 0 0 3
4 0 2 1405 3 2816 1376 896 35 0 11 1770 50 698 13 0 0 0 0 1668 0 0 6 20 0 0 0 865 183 1 0 3 3 128 0 0 0 0 0 0 0 0 16 1 0 30 0 0 6 0 0 0 0 2 0 0 0 65 0 0 0 4 0 0 0 0 0 0
3 5 3 0 7 33 15 11 4 11 0 16 831 42 1 0 17 1481 854 3 1 3 1 0 54 697 30 2 218 3 93 37 3 1208 0 1 0 0 0 0 0 0 0 0 18 0 52 0 0 0 0 0 0 0 0 2 0 0 4 21 42 0 0 0 34 0 0 0
3 0 1 920 127 3914 35 175 533 1770 16 0 133 51 984 0 0 1 0 2127 0 0 0 712 1 1 0 423 108 0 0 12 1 157 0 0 0 40 0 82 2 1 38 17 0 677 0 0 16 0 0 0 0 60 0 0 0 131 0 0 0 55 2 1 0 0 0 6
0 83 0 10 156 67 10 26 52 50 831 133 0 21 63 0 2 71 3 22 0 112 3 12 1177 76 545 22 156 0 299 135 0 1145 0 45 0 0 1 9 0 4 6 1 64 17 423 0 21 0 0 0 0 5 0 49 0 13 181 45 132 1 2 2 101 9 0 204
1523 1 96 3 0 73 1144 2678 3 698 42 51 21 0 7 0 200 15 12 11 9 1 245 5 0 16 7 18 1792 1120 1 99 1 64 0 0 0 0 0 0 0 0 0 0 0 1 0 0 0 0 0 0 0 0 0 0 0 1 0 0 0 0 0 0 0 0 0 3
0 2 4 46 1160 1277 31 28 397 13 1 984 63 7 0 1 0 0 0 16 12 5 20 124 1 0 13 75 33 3 0 75 0 47 0 0 0 6 3 5 1 2 6 1 0 33 0 0 5 0 0 0 0 4 0 0 0 5 0 0 0 1 0 0 0 0 0 2
0 3 6 0 1 0 1 0 1 0 0 0 0 0 1 0 1 0 1 0 580 849 1046 812 0 2 1033 223 0 0 0 0 0 14 1 1 10 0 0 0 0 0 0 0 0 0 0 0 0 1118 0 0 0 0 33 67 255 125 0 0 159 63 6 15 0 0 1 6
36 3 1160 0 0 7 7 161 1 0 17 0 2 200 0 1 0 9 2522 0 40 4 1631 0 0 716 355 4 158 159 0 0 30 1606 0 1 5 0 0 0 0 0 1 0 0 0 0 0 0 0 0 0 0 0 0 0 1 0 0 1 20 0 0 0 0 0 0 0
0 0 1 0 0 9 1 2 0 0 1481 1 71 15 0 0 9 0 362 0 0 0 0 0 0 590 6 0 63 0 1 1 0 80 0 0 0 0 0 0 0 0 0 0 1 0 0 0 0 0 0 0 0 0 0 1 0 0 0 1 3 0 0 0 1 0 0 0
4 0 76 0 0 4 0 3 1 0 854 0 3 12 0 1 2522 362 0 0 1 2 12 0 0 1943 106 1 48 4 0 1 0 796 0 0 1 0 0 0 0 0 0 0 0 0 1 0 0 0 0 0 0 0 0 0 0 0 0 2 21 0 0 0 0 0 0 0
0 0 0 2627 3 89 10 12 73 1668 3 2127 22 11 16 0 0 0 0 0 0 2 0 169 1 0 0 431 35 0 0 1 0 41 0 0 0 4 0 3 0 0 32 1 0 31 0 0 18 0 0 0 0 30 0 0 0 189 0 0 0 15 0 0 0 0 0 1
2 0 54 0 5 0 146 7 0 0 1 0 0 9 12 580 40 0 1 0 0 26 6664 8 0 2 105 1571 31 3238 0 0 15 840 0 0 0 0 0 0 0 0 0 0 0 0 0 0 0 91 0 0 0 0 3 6 7 9 0 0 6 11 0 6 0 0 0 5
0 198 2 1 1 3 1 0 411 0 3 0 112 1 5 849 4 0 2 2 26 0 22 917 143 8 986 34 3 4 5 0 0 5 1 89 10 0 0 0 0 0 53 0 0 0 16 0 0 127 4 0 1 0 13 218 18 82 7 3 200 19 6 2 0 0 0 7
35 2 2930 0 8 5 299 146 1 6 1 0 3 245 20 1046 1631 0 12 0 6664 22 0 23 0 81 1696 242 51 878 0 0 9 1627 0 1 41 0 0 0 0 0 0 0 0 0 0 0 1 410 0 0 0 0 1 14 365 6 0 0 130 3 1 0 0 0 0 1
0 52 0 771 29 16 54 8 2881 20 0 712 12 5 124 812 0 0 0 169 8 917 23 0 45 1 598 1426 25 10 0 0 7 70 1 7 0 13 0 5 8 0 78 3 0 9 0 2 15 72 0 0 0 12 1 65 2 628 1 0 14 135 12 16 0 0 2 73
0 439 0 0 1 1 0 0 75 0 54 1 1177 0 1 0 0 0 0 1 0 143 0 45 0 7 946 0 2 0 21 0 1 2 0 37 0 0 0 0 0 0 1 0 22 0 132 0 0 0 0 0 0 0 0 10 0 1 304 10 85 0 0 0 17 0 0 1
2 13 1954 0 0 3 4 9 5 0 697 1 76 16 0 2 716 590 1943 0 2 8 81 1 7 0 3651 4 62 7 188 0 2 259 0 5 9 0 0 0 0 0 0 0 2 0 58 0 0 0 1 3 4 0 0 0 0 0 3 125 520 0 0 0 35 0 0 0
2 1851 3027 0 0 2 1 6 262 0 30 0 545 7 13 1033 355 6 106 0 105 986 1696 598 946 3651 0 157 26 5 380 0 1 392 0 333 370 0 0 0 0 0 3 0 7 0 248 0 0 266 30 0 6 0 1 85 297 18 122 317 4623 8 1 0 114 0 0 4
0 0 32 1992 16 153 4455 29 183 865 2 423 22 18 75 223 4 0 1 431 1571 34 242 1426 0 4 157 0 164 1317 0 1 18 258 1 1 0 0 0 3 7 1 67 0 0 25 0 0 54 52 0 0 0 9 4 14 1 436 0 0 4 77 8 15 0 0 0 13
1358 0 10 15 3 74 301 60 22 183 218 108 156 1792 33 0 158 63 48 35 31 3 51 25 2 62 26 164 0 1594 5 92 721 1273 0 1 0 0 0 1 0 0 6 0 0 0 0 1 1 5 0 0 0 0 0 4 0 8 0 0 0 8 3 3 0 0 0 7
291 0 49 0 2 1 2042 134 1 1 3 0 0 1120 3 0 159 0 4 0 3238 4 878 10 0 7 5 1317 1594 0 0 0 387 809 0 0 2 0 0 0 0 0 2 0 0 0 0 1 0 2 0 0 0 0 1 0 0 11 0 0 1 5 1 5 0 0 0 2
1 3 0 0 0 1 0 1 0 0 93 0 299 1 0 0 0 1 0 0 0 5 0 0 21 188 380 0 5 0 0 0 0 4 0 0 0 0 0 0 0 0 0 0 8 0 165 0 0 0 0 3 0 0 0 0 0 0 13 51 100 0 0 0 48 0 0 0
1 0 0 0 83 156 1 47 20 3 37 12 135 99 75 0 0 1 1 1 0 0 0 0 0 0 0 1 92 0 0 0 0 180 0 0 0 0 0 0 0 0 0 0 0 0 1 0 0 0 0 0 0 0 0 0 0 0 0 0 0 0 0 0 0 0 0 4
1 0 0 1 0 0 32 1 0 3 3 1 0 1 0 0 30 0 0 0 15 0 9 7 1 2 1 18 721 387 0 0 0 357 0 0 0 0 0 0 0 0 0 0 0 0 0 0 0 2 0 0 0 0 0 1 0 2 0 0 0 3 0 3 0 0 0 1
5 3 122 11 242 45 161 25 8 128 1208 157 1145 64 47 14 1606 80 796 41 840 5 1627 70 2 259 392 258 1273 809 4 180 357 0 1 3 4 0 0 0 0 1 1 0 0 0 2 0 1 3 0 0 0 0 0 0 4 16 1 2 10 8 3 3 0 1 1 8
0 0 0 0 0 0 0 0 0 0 0 0 0 0 0 1 0 0 0 0 0 1 0 1 0 0 0 1 0 0 0 0 0 1 0 0 6 4 0 19 705 107 4 24 13 16 0 1418 4 0 33 5 38 5 8 3 3 8 0 17 1 13 896 298 0 1 2 48
0 131 6 0 0 1 0 0 0 0 1 0 45 0 0 1 1 0 0 0 0 89 1 7 37 5 333 1 1 0 0 0 0 3 0 0 6 0 0 0 1 4 51 1 0 1 93 3 3 6 7 0 0 0 0 251 4 103 375 6 2089 4 0 1 0 0 0 11
0 8 63 0 0 0 0 0 0 0 0 0 0 0 0 10 5 0 1 0 0 10 41 0 0 9 370 0 0 2 0 0 0 4 6 6 0 0 0 6 181 66 2 27 0 0 0 55 0 7 557 0 37 1 30 3 2024 9 0 1882 3207 177 0 6 0 0 0 43
0 0 0 19 0 0 5 0 50 0 0 40 0 0 6 0 0 0 0 4 0 0 0 13 0 0 0 0 0 0 0 0 0 0 4 0 0 0 2 63 16 9 85 1097 0 1134 0 6 25 0 0 0 0 2434 0 1 1 413 0 0 0 2196 13 0 0 0 1 18
0 0 0 0 2 0 0 0 1 0 0 0 1 0 3 0 0 0 0 0 0 0 0 0 0 0 0 0 0 0 0 0 0 0 0 0 0 2 0 152 1 15 103 3 2 30 2 0 1260 2 0 0 0 10 2 2 5 55 0 0 0 15 0 0 0 52 0 47
0 0 0 3 6 8 1 1 11 0 0 82 9 0 5 0 0 0 0 3 0 0 0 5 0 0 0 3 1 0 0 0 0 0 19 0 6 63 152 0 118 2796 47 2869 18 2510 1 87 1235 0 0 4 1 55 1 4 10 86 0 6 1 338 81 1 0 18 1 92
0 0 0 0 0 2 0 0 6 0 0 2 0 0 1 0 0 0 0 0 0 0 0 8 0 0 0 7 0 0 0 0 0 0 705 1 181 16 1 118 0 277 7 2774 13 16 1 2314 22 4 195 6 27 9 156 0 510 82 0 77 7 4649 331 2933 0 0 14 185
0 0 0 0 1 0 0 0 4 0 0 1 4 0 2 0 0 0 0 0 0 0 0 0 0 0 0 1 0 0 0 0 0 1 107 4 66 9 15 2796 277 0 14 1137 19 201 6 3575 70 0 70 1 5 11 10 2 82 33 1 35 6 74 131 23 2 312 0 150
1 0 0 35 0 5 3 0 149 16 0 38 6 0 6 0 1 0 0 32 0 53 0 78 1 0 3 67 6 2 0 0 0 1 4 51 2 85 103 47 7 14 0 35 13 435 98 4 334 1 1 1 6 77 0 451 0 2329 51 5 205 125 16 3 0 9 0 40
0 0 0 1 1 0 0 0 23 1 0 17 1 0 1 0 0 0 0 1 0 0 0 3 0 0 0 0 0 0 0 0 0 0 24 1 27 1097 3 2869 2774 1137 35 0 4 2474 0 385 64 0 3 0 0 745 4 1 57 64 0 8 0 2040 121 7 0 3 5 286
0 0 0 0 0 0 0 0 0 0 18 0 64 0 0 0 0 1 0 0 0 0 0 0 22 2 7 0 0 0 8 0 0 0 13 0 0 0 2 18 13 19 13 4 0 13 883 49 12 2 9 1292 436 3 8 8 8 15 24 555 7 8 168 14 159 80 0 1406
0 0 0 66 2 19 3 1 123 30 0 677 17 1 33 0 0 0 0 31 0 0 0 9 0 0 0 25 0 0 0 0 0 0 16 1 0 1134 30 2510 16 201 435 2474 13 0 0 62 479 0 0 2 2 2168 0 2 2 821 1 0 1 472 78 1 0 1 0 291
0 23 0 0 0 0 0 0 4 0 52 0 423 0 0 0 0 0 1 0 0 16 0 0 132 58 248 0 0 0 165 1 0 2 0 93 0 0 2 1 1 6 98 0 883 0 0 12 29 0 0 0 0 0 0 128 0 34 680 15 1080 0 61 0 196 86 0 370
0 0 0 0 0 0 0 0 0 0 0 0 0 0 0 0 0 0 0 0 0 0 0 2 0 0 0 0 1 1 0 0 0 0 1418 3 55 6 0 87 2314 3575 4 385 49 62 12 0 15 1 217 3 58 13 20 5 139 13 0 103 13 38 1645 361 0 146 1 273
0 0 0 3 1 3 5 1 2 6 0 16 21 0 5 0 0 0 0 18 0 0 1 15 0 0 0 54 1 0 0 0 0 1 4 3 0 25 1260 1235 22 70 334 64 12 479 29 15 0 5 0 2 0 20 4 9 2 235 0 2 5 107 34 0 0 11 0 71
0 3 10 0 0 0 1 0 3 0 0 0 0 0 0 1118 0 0 0 0 91 127 410 72 0 0 266 52 5 2 0 0 2 3 0 6 7 0 2 0 4 0 1 0 2 0 0 1 5 0 8 2 1 0 369 1096 1083 1510 0 2 1719 601 2 2 0 0 0 21
0 0 4 0 0 0 0 0 0 0 0 0 0 0 0 0 0 0 0 0 0 4 0 0 0 1 30 0 0 0 0 0 0 0 33 7 557 0 0 0 195 70 1 3 9 0 0 217 0 8 0 16 2007 0 46 2 1851 4 0 647 267 25 9 107 0 0 2 1235
0 0 0 0 0 0 0 0 0 0 0 0 0 0 0 0 0 0 0 0 0 0 0 0 0 3 0 0 0 0 3 0 0 0 5 0 0 0 0 4 6 1 1 0 1292 2 0 3 2 2 16 0 763 0 11 1 9 0 0 350 4 1 5 9 2 1 1 170
0 0 0 0 0 0 0 0 0 0 0 0 0 0 0 0 0 0 0 0 0 1 0 0 0 4 6 0 0 0 0 0 0 0 38 0 37 0 0 1 27 5 6 0 436 2 0 58 0 1 2007 763 0 0 25 2 45 1 0 1071 64 2 22 58 0 0 3 646
0 0 0 14 1 1 2 0 22 2 0 60 5 0 4 0 0 0 0 30 0 0 0 12 0 0 0 9 0 0 0 0 0 0 5 0 1 2434 10 55 9 11 77 745 3 2168 0 13 20 0 0 0 0 0 0 2 1 257 0 0 0 382 21 0 0 0 1 47
0 0 0 0 0 0 0 0 0 0 0 0 0 0 0 33 0 0 0 0 3 13 1 1 0 0 1 4 0 1 0 0 0 0 8 0 30 0 2 1 156 10 0 4 8 0 0 20 4 369 46 11 25 0 0 27 6045 16 0 21 45 2188 18 2831 0 0 26 903
0 18 3 0 0 0 3 0 21 0 2 0 49 0 0 67 0 1 0 0 6 218 14 65 10 0 85 14 4 0 0 0 1 0 3 251 3 1 2 4 0 2 451 1 8 2 128 5 9 1096 2 1 2 2 27 0 44 1338 54 7 1069 48 14 37 0 0 2 41
0 1 45 0 0 0 0 0 0 0 0 0 0 0 0 255 1 0 0 0 7 18 365 2 0 0 297 1 0 0 0 0 0 4 3 4 2024 1 5 10 510 82 0 57 8 2 0 139 2 1083 1851 9 45 1 6045 44 0 63 0 453 1225 662 2 377 0 0 8 1165
0 0 0 121 0 28 36 2 127 65 0 131 13 1 5 125 0 0 0 189 9 82 6 628 1 0 18 436 8 11 0 0 2 16 8 103 9 413 55 86 82 33 2329 64 15 821 34 13 235 1510 4 0 1 257 16 1338 63 0 49 0 489 2355 90 42 0 1 12 104
0 14 0 0 0 0 0 0 1 0 4 0 181 0 0 0 0 0 0 0 0 7 0 1 304 3 122 0 0 0 13 0 0 1 0 375 0 0 0 0 0 1 51 0 24 1 680 0 0 0 0 0 0 0 0 54 0 49 0 0 1259 0 1 0 1 2 0 66
0 7 10 0 0 0 0 0 0 0 21 0 45 0 0 0 1 1 2 0 0 3 0 0 10 125 317 0 0 0 51 0 0 2 17 6 1882 0 0 6 77 35 5 8 555 0 15 103 2 2 647 350 1071 0 21 7 453 0 0 0 2187 9 5 9 269 0 0 109
0 186 132 0 0 0 0 0 3 0 42 0 132 0 0 159 20 3 21 0 6 200 130 14 85 520 4623 4 0 1 100 0 0 10 1 2089 3207 0 0 1 7 6 205 0 7 1 1080 13 5 1719 267 4 64 0 45 1069 1225 489 1259 2187 0 135 0 8 193 0 0 209
1 2 0 18 0 11 19 1 94 4 0 55 1 0 1 63 0 0 0 15 11 19 3 135 0 0 8 77 8 5 0 0 3 8 13 4 177 2196 15 338 4649 74 125 2040 8 472 0 38 107 601 25 1 2 382 2188 48 662 2355 0 9 135 0 269 1187 0 1 42 470
0 0 0 0 0 1 0 0 8 0 0 2 2 0 0 6 0 0 0 0 0 6 1 12 0 0 1 8 3 1 0 0 0 3 896 0 0 13 0 81 331 131 16 121 168 78 61 1645 34 2 9 5 22 21 18 14 2 90 1 5 0 269 0 1152 2 81 562 1464
0 0 0 0 0 3 0 0 1 0 0 1 2 0 0 15 0 0 0 0 6 2 0 16 0 0 0 15 3 5 0 0 3 3 298 1 6 0 0 1 2933 23 3 7 14 1 0 361 0 2 107 9 58 0 2831 37 377 42 0 9 8 1187 1152 0 0 0 296 870
0 4 0 0 0 0 0 0 0 0 34 0 101 0 0 0 0 1 0 0 0 0 0 0 17 35 114 0 0 0 48 0 0 0 0 0 0 0 0 0 0 2 0 0 159 0 196 0 0 0 0 2 0 0 0 0 0 0 1 269 193 0 2 0 0 1 0 21
0 0 0 0 0 0 0 0 0 0 0 0 9 0 0 0 0 0 0 0 0 0 0 0 0 0 0 0 0 0 0 0 0 1 1 0 0 0 52 18 0 312 9 3 80 1 86 146 11 0 0 1 0 0 0 0 0 1 2 0 0 1 81 0 1 0 0 545
0 0 0 0 0 0 0 0 0 0 0 0 0 0 0 1 0 0 0 0 0 0 0 2 0 0 0 0 0 0 0 0 0 1 2 0 0 1 0 1 14 0 0 5 0 0 0 1 0 0 2 1 3 1 26 2 8 12 0 0 0 42 562 296 0 0 0 367
0 0 1 2 1 11 3 1 3 0 0 6 204 3 2 6 0 0 0 1 5 7 1 73 1 0 4 13 7 2 0 4 1 8 48 11 43 18 47 92 185 150 40 286 1406 291 370 273 71 21 1235 170 646 47 903 41 1165 104 66 109 209 470 1464 870 21 545 367 0
