0 1 17 1 0 21 276 177 1 23 19 3 1 1314 0 0 71 10 18 0 2 1 16 0 0 24 14 3 1057 380 0 0 1 29 0 0 0 0 0 1 0 0 0 0 0 0 0 0 0 0 0 0 0 0 0 0 0 4 0 0 0 2 0 0 0 3 0 4
1 0 1 0 0 0 1 1 24 1 3 0 54 0 15 2 4 0 4 0 1 246 1 59 686 21 1237 1 2 2 1 0 1 8 0 182 1 0 0 0 0 0 2 0 0 0 8 0 0 0 4 0 3 0 0 36 1 1 9 20 207 0 0 2 0 0 0 13
17 1 0 0 0 13 280 130 0 11 0 0 0 76 0 0 2367 0 14 0 29 0 2029 6 0 2704 3751 60 14 52 0 0 0 165 0 9 119 0 0 0 0 0 0 0 0 0 0 0 0 2 10 0 6 0 0 3 18 0 0 25 281 0 0 0 0 0 0 5
1 0 0 0 5 4 6 3 96 221 0 354 0 3 33 0 0 0 0 1419 0 0 0 227 0 0 0 1114 11 0 0 1 0 11 0 0 0 138 0 10 0 0 20 0 0 32 0 0 9 0 0 0 0 54 0 0 0 54 0 0 0 11 0 0 0 0 0 0
0 0 0 5 0 178 0 6 39 3 4 110 27 0 727 0 0 0 0 1 2 7 2 27 0 0 0 13 0 2 0 212 0 271 0 0 0 0 1 3 0 0 1 3 0 5 0 0 3 0 0 0 0 0 0 0 0 0 0 0 0 1 0 0 0 0 0 4
21 0 13 4 178 0 171 1610 25 2467 22 2955 51 29 1134 0 3 3 2 36 1 1 29 6 1 3 0 49 33 1 0 31 2 35 2 0 0 3 2 18 3 4 7 2 0 26 0 2 10 0 0 0 0 10 0 0 0 53 0 0 0 84 2 1 0 3 0 12
276 1 280 6 0 171 0 1078 2 1984 8 6 3 876 7 0 44 0 0 5 117 0 598 16 0 10 3 5214 85 1778 0 1 6 49 0 0 0 3 0 2 0 0 3 0 0 0 0 0 1 2 0 0 0 1 0 0 0 12 0 0 0 5 1 1 0 0 0 0
177 1 130 3 6 1610 1078 0 15 1394 6 336 30 1895 36 0 113 0 3 18 5 0 146 3 0 6 6 20 38 65 0 569 1 38 0 0 0 0 0 9 0 1 1 0 0 3 0 0 4 0 0 0 0 0 0 0 0 15 0 0 0 3 0 0 0 3 0 3
1 24 0 96 39 25 2 15 0 22 3 389 25 1 569 0 1 0 0 94 0 286 0 1801 100 3 132 152 10 0 0 6 1 12 1 1 0 29 2 10 1 0 275 10 1 45 0 0 9 0 0 0 0 12 0 6 0 118 0 0 1 33 6 1 0 0 1 9
23 1 11 221 3 2467 1984 1394 22 0 8 1215 20 413 17 0 5 1 4 497 1 0 8 42 0 6 2 2160 116 5 0 2 0 107 0 0 0 4 2 11 0 0 19 2 0 56 0 0 11 0 0 0 0 9 0 0 0 51 0 0 0 11 0 0 0 0 0 0
19 3 0 0 4 22 8 6 3 8 0 50 383 27 12 0 140 1482 761 2 2 0 2 3 6 550 18 4 237 14 32 104 2 950 0 0 0 0 0 0 0 0 1 0 45 0 204 0 0 0 0 0 0 0 0 0 1 0 4 7 11 0 0 0 9 0 0 1
3 0 0 354 110 2955 6 336 389 1215 50 0 69 57 757 0 1 5 1 1232 0 4 0 266 1 2 3 119 119 1 0 17 0 125 0 0 0 60 1 128 1 1 23 30 0 557 0 0 45 0 0 0 0 43 0 0 0 19 1 0 0 50 1 0 0 0 0 11
1 54 0 0 27 51 3 30 25 20 383 69 0 3 73 0 0 0 1 7 4 37 0 14 1068 21 349 18 36 3 108 99 0 513 1 12 0 0 5 4 0 2 19 3 58 4 1041 1 10 0 0 0 0 2 0 3 0 1 165 23 160 3 2 1 34 7 0 45
1314 0 76 3 0 29 876 1895 1 413 27 57 3 0 0 0 170 9 29 12 1 0 73 4 0 24 8 44 720 482 0 30 2 36 0 0 0 0 0 3 0 0 0 0 0 0 0 0 1 0 0 0 0 0 0 0 0 5 0 0 0 1 0 0 0 2 0 1
0 15 0 33 727 1134 7 36 569 17 12 757 73 0 0 0 1 0 0 30 1 30 5 181 13 0 37 83 25 4 0 49 2 33 0 0 0 3 1 11 0 0 6 5 0 14 0 0 3 0 0 0 0 3 0 1 0 11 0 0 0 6 1 1 0 1 2 10
0 2 0 0 0 0 0 0 0 0 0 0 0 0 0 0 1 0 0 0 459 831 712 375 0 4 1077 81 0 0 0 0 0 2 0 1 0 0 0 0 1 0 0 0 0 0 0 0 0 892 0 0 0 0 31 91 213 47 0 1 61 20 0 3 0 0 0 5
71 4 2367 0 0 3 44 113 1 5 140 1 0 170 1 1 0 24 1845 0 23 2 1777 10 0 1190 582 13 79 212 0 0 1 1429 0 1 12 0 0 0 0 0 0 0 0 0 0 0 0 0 2 0 1 0 0 2 0 0 0 7 48 0 0 0 0 0 0 0
10 0 0 0 0 3 0 0 0 1 1482 5 0 9 0 0 24 0 460 0 0 0 0 0 0 590 0 0 42 1 0 0 0 109 0 0 0 0 0 0 0 0 0 0 0 0 0 0 0 0 0 0 0 0 0 0 0 0 0 0 3 0 0 0 0 0 0 0
18 4 14 0 0 2 0 3 0 4 761 1 1 29 0 0 1845 460 0 0 4 0 6 4 0 845 51 6 44 24 0 0 7 640 0 1 1 0 0 0 0 0 0 0 0 0 0 0 0 0 0 0 0 0 0 0 0 1 1 3 13 0 0 0 0 0 0 1
0 0 0 1419 1 36 5 18 94 497 2 1232 7 12 30 0 0 0 0 0 0 0 0 113 0 0 0 548 20 0 0 0 0 20 0 0 0 63 0 7 0 0 13 2 0 65 0 0 14 0 0 0 0 50 0 0 0 33 0 0 0 51 0 0 0 0 0 1
2 1 29 0 2 1 117 5 0 1 2 0 4 1 1 459 23 0 4 0 0 4 6734 3 0 5 83 1338 35 2369 0 0 17 1099 0 0 1 0 0 0 0 0 0 0 0 0 0 0 0 69 0 0 0 0 24 4 13 58 0 0 2 14 0 20 0 0 0 5
1 246 0 0 7 1 0 0 286 0 0 4 37 0 30 831 2 0 0 0 4 0 1 899 197 13 994 11 1 1 0 0 0 2 0 2 3 0 0 0 0 0 21 0 0 0 0 0 0 109 1 0 0 0 4 199 6 53 0 5 77 11 0 2 0 0 0 1
16 1 2029 0 2 29 598 146 0 8 2 0 0 73 5 712 1777 0 6 0 6734 1 0 69 0 56 2300 674 14 584 0 0 1 1516 0 0 32 0 1 1 0 0 0 0 0 0 0 0 0 652 1 0 0 0 14 24 465 21 0 1 200 4 0 3 0 0 0 4
0 59 6 227 27 6 16 3 1801 42 3 266 14 4 181 375 10 0 4 113 3 899 69 0 77 14 983 1106 37 1 0 3 7 40 2 4 3 122 0 28 1 2 182 36 0 26 1 4 15 88 1 0 0 40 31 60 7 808 0 1 24 341 19 28 0 0 6 36
0 686 0 0 0 1 0 0 100 0 6 1 1068 0 13 0 0 0 0 0 0 197 0 77 0 11 803 0 2 0 2 0 0 3 0 52 0 0 0 0 0 0 1 0 12 0 200 0 0 0 0 0 0 0 0 6 0 1 198 15 166 0 0 0 4 1 0 10
24 21 2704 0 0 3 10 6 3 6 550 2 21 24 0 4 1190 590 845 0 5 13 56 14 11 0 2461 5 47 7 148 0 7 245 0 25 14 0 0 0 0 0 1 0 6 0 50 0 0 0 6 0 18 0 0 4 1 0 21 447 818 0 0 0 37 0 0 12
14 1237 3751 0 0 0 3 6 132 2 18 3 349 8 37 1077 582 0 51 0 83 994 2300 983 803 2461 0 270 18 11 18 0 9 543 0 247 282 0 0 0 1 0 4 0 3 0 77 0 0 342 62 2 50 0 1 158 233 22 40 549 4479 1 0 0 13 0 0 51
3 1 60 1114 13 49 5214 20 152 2160 4 119 18 44 83 81 13 0 6 548 1338 11 674 1106 0 5 270 0 271 1859 0 0 49 259 4 2 0 82 0 64 5 1 99 21 0 102 0 0 16 22 0 0 0 80 17 14 8 535 0 0 6 217 19 38 0 0 3 46
1057 2 14 11 0 33 85 38 10 116 237 119 36 720 25 0 79 42 44 20 35 1 14 37 2 47 18 271 0 998 0 22 731 1100 0 1 0 1 0 0 2 1 7 0 0 1 0 0 2 0 0 0 0 0 0 1 0 29 0 0 1 15 6 3 0 3 2 12
380 2 52 0 2 1 1778 65 0 5 14 1 3 482 4 0 212 1 24 0 2369 1 584 1 0 7 11 1859 998 0 0 0 236 966 2 0 1 0 1 0 2 0 2 0 0 0 0 0 2 8 0 0 0 0 14 0 3 40 0 0 0 28 7 9 0 0 2 10
0 1 0 0 0 0 0 0 0 0 32 0 108 0 0 0 0 0 0 0 0 0 0 0 2 148 18 0 0 0 0 0 0 3 0 0 0 0 0 0 0 0 0 0 7 0 89 0 0 0 0 0 0 0 0 0 0 0 3 27 77 0 0 0 19 0 0 0
0 0 0 1 212 31 1 569 6 2 104 17 99 30 49 0 0 0 0 0 0 0 0 3 0 0 0 0 22 0 0 0 0 473 0 0 0 0 0 1 0 1 0 0 0 0 0 0 0 0 0 0 0 0 0 0 0 0 0 0 0 0 0 0 0 0 0 0
1 1 0 0 0 2 6 1 1 0 2 0 0 2 2 0 1 0 7 0 17 0 1 7 0 7 9 49 731 236 0 0 0 492 0 1 0 0 0 0 0 0 1 0 0 0 0 0 0 0 0 0 0 0 0 0 0 8 0 0 0 11 1 2 0 0 0 1
29 8 165 11 271 35 49 38 12 107 950 125 513 36 33 2 1429 109 640 20 1099 2 1516 40 3 245 543 259 1100 966 3 473 492 0 0 4 7 0 1 5 0 1 14 0 0 4 1 2 4 3 3 0 0 0 10 5 5 39 4 11 70 60 12 13 1 8 2 11
0 0 0 0 0 2 0 0 1 0 0 0 1 0 0 0 0 0 0 0 0 0 0 2 0 0 0 4 0 2 0 0 0 0 0 1 20 1 0 15 353 61 2 23 18 2 0 1411 0 0 16 3 16 2 1 0 8 2 0 48 11 15 761 578 0 2 2 27
0 182 9 0 0 0 0 0 1 0 0 0 12 0 0 1 1 0 1 0 0 2 0 4 52 25 247 2 1 0 0 0 1 4 1 0 2 0 0 0 3 0 78 0 1 3 75 2 4 1 1 0 0 0 1 302 0 104 545 7 1656 2 0 1 0 0 0 13
0 1 119 0 0 0 0 0 0 0 0 0 0 0 0 0 12 0 1 0 1 3 32 3 0 14 282 0 0 1 0 0 0 7 20 2 0 0 0 30 308 165 3 15 0 0 0 182 0 0 469 0 10 0 8 1 1707 3 0 2390 3782 39 1 20 0 0 0 35
0 0 0 138 0 3 3 0 29 4 0 60 0 0 3 0 0 0 0 63 0 0 0 122 0 0 0 82 1 0 0 0 0 0 1 0 0 0 23 23 7 4 196 248 0 647 0 3 76 0 0 0 0 1528 0 0 0 639 0 0 0 862 34 2 0 0 1 30
0 0 0 0 1 2 0 0 2 2 0 1 5 0 1 0 0 0 0 0 0 0 1 0 0 0 0 0 0 1 0 0 0 1 0 0 0 23 0 371 0 20 106 14 19 48 23 0 731 0 0 0 0 14 0 5 0 79 1 0 0 8 2 0 1 84 0 224
1 0 0 10 3 18 2 9 10 11 0 128 4 3 11 0 0 0 0 7 0 0 1 28 0 0 0 64 0 0 0 1 0 5 15 0 30 23 371 0 201 2005 68 3102 29 2105 0 63 609 0 0 2 1 47 3 1 18 42 2 1 3 147 76 3 0 22 2 55
0 0 0 0 0 3 0 0 1 0 0 1 0 0 0 1 0 0 0 0 0 0 0 1 0 0 1 5 2 2 0 0 0 0 353 3 308 7 0 201 0 525 7 460 7 4 0 2296 2 2 187 0 11 0 159 3 816 80 0 55 29 4304 67 1764 0 0 7 48
0 0 0 0 0 4 0 1 0 0 0 1 2 0 0 0 0 0 0 0 0 0 0 2 0 0 0 1 1 0 0 1 0 1 61 0 165 4 20 2005 525 0 10 1156 15 88 1 2995 39 0 17 2 1 5 4 0 120 6 0 8 7 24 38 12 0 75 0 15
0 2 0 20 1 7 3 1 275 19 1 23 19 0 6 0 0 0 0 13 0 21 0 182 1 1 4 99 7 2 0 0 1 14 2 78 3 196 106 68 7 10 0 55 23 277 24 5 370 0 2 4 3 65 7 361 1 2032 57 8 256 132 34 34 0 34 4 78
0 0 0 0 3 2 0 0 10 2 0 30 3 0 5 0 0 0 0 2 0 0 0 36 0 0 0 21 0 0 0 0 0 0 23 0 15 248 14 3102 460 1156 55 0 45 1249 4 242 28 0 0 1 2 247 4 1 21 87 0 0 4 1839 208 2 0 10 0 263
0 0 0 0 0 0 0 0 1 0 45 0 58 0 0 0 0 0 0 0 0 0 0 0 12 6 3 0 0 0 7 0 0 0 18 1 0 0 19 29 7 15 23 45 0 43 507 31 13 0 25 856 280 2 2 1 7 10 45 563 30 7 214 23 14 340 1 1154
0 0 0 32 5 26 0 3 45 56 0 557 4 0 14 0 0 0 0 65 0 0 0 26 0 0 0 102 1 0 0 0 0 4 2 3 0 647 48 2105 4 88 277 1249 43 0 0 54 599 0 0 0 1 1229 0 0 0 138 1 1 1 88 131 0 0 11 0 149
0 8 0 0 0 0 0 0 0 0 204 0 1041 0 0 0 0 0 0 0 0 0 0 1 200 50 77 0 0 0 89 0 0 1 0 75 0 0 23 0 0 1 24 4 507 0 0 0 21 0 0 0 0 0 0 22 0 4 819 30 777 5 1 0 150 68 0 88
0 0 0 0 0 2 0 0 0 0 0 0 1 0 0 0 0 0 0 0 0 0 0 4 0 0 0 0 0 0 0 0 0 2 1411 2 182 3 0 63 2296 2995 5 242 31 54 0 0 6 0 42 3 8 3 5 1 212 10 0 60 7 33 1040 169 0 64 1 40
0 0 0 9 3 10 1 4 9 11 0 45 10 1 3 0 0 0 0 14 0 0 0 15 0 0 0 16 2 2 0 0 0 4 0 4 0 76 731 609 2 39 370 28 13 599 21 6 0 0 0 0 0 18 3 7 1 234 1 3 14 53 19 1 0 50 1 69
0 0 2 0 0 0 2 0 0 0 0 0 0 0 0 892 0 0 0 0 69 109 652 88 0 0 342 22 0 8 0 0 0 3 0 1 0 0 0 0 2 0 0 0 0 0 0 0 0 0 0 0 0 0 769 1024 853 1196 0 2 832 273 0 0 0 0 0 6
0 4 10 0 0 0 0 0 0 0 0 0 0 0 0 0 2 0 0 0 0 1 1 1 0 6 62 0 0 0 0 0 0 3 16 1 469 0 0 0 187 17 2 0 25 0 0 42 0 0 0 11 836 0 34 1 1408 3 0 456 519 16 8 267 0 0 1 1078
0 0 0 0 0 0 0 0 0 0 0 0 0 0 0 0 0 0 0 0 0 0 0 0 0 0 2 0 0 0 0 0 0 0 3 0 0 0 0 2 0 2 4 1 856 0 0 3 0 0 11 0 504 0 0 0 4 0 0 384 0 1 5 7 0 2 0 76
0 3 6 0 0 0 0 0 0 0 0 0 0 0 0 0 1 0 0 0 0 0 0 0 0 18 50 0 0 0 0 0 0 0 16 0 10 0 0 1 11 1 3 2 280 1 0 8 0 0 836 504 0 0 0 0 9 1 0 1501 45 4 12 52 0 0 0 723
0 0 0 54 0 10 1 0 12 9 0 43 2 0 3 0 0 0 0 50 0 0 0 40 0 0 0 80 0 0 0 0 0 0 2 0 0 1528 14 47 0 5 65 247 2 1229 0 3 18 0 0 0 0 0 0 0 0 140 0 0 0 156 16 0 0 0 0 31
0 0 0 0 0 0 0 0 0 0 0 0 0 0 0 31 0 0 0 0 24 4 14 31 0 0 1 17 0 14 0 0 0 10 1 1 8 0 0 3 159 4 7 4 2 0 0 5 3 769 34 0 0 0 0 2 5681 65 0 2 5 1959 17 2597 0 0 4 1154
0 36 3 0 0 0 0 0 6 0 0 0 3 0 1 91 2 0 0 0 4 199 24 60 6 4 158 14 1 0 0 0 0 5 0 302 1 0 5 1 3 0 361 1 1 0 22 1 7 1024 1 0 0 0 2 0 2 989 109 1 881 3 0 0 0 0 0 7
0 1 18 0 0 0 0 0 0 0 1 0 0 0 0 213 0 0 0 0 13 6 465 7 0 1 233 8 0 3 0 0 0 5 8 0 1707 0 0 18 816 120 1 21 7 0 0 212 1 853 1408 4 9 0 5681 2 0 61 0 387 1368 590 17 638 0 0 0 1034
4 1 0 54 0 53 12 15 118 51 0 19 1 5 11 47 0 0 1 33 58 53 21 808 1 0 22 535 29 40 0 0 8 39 2 104 3 639 79 42 80 6 2032 87 10 138 4 10 234 1196 3 0 1 140 65 989 61 0 23 5 998 1651 59 8 0 2 11 47
0 9 0 0 0 0 0 0 0 0 4 1 165 0 0 0 0 0 1 0 0 0 0 0 198 21 40 0 0 0 3 0 0 4 0 545 0 0 1 2 0 0 57 0 45 1 819 0 1 0 0 0 0 0 0 109 0 23 0 2 654 0 0 0 0 2 0 160
0 20 25 0 0 0 0 0 0 0 7 0 23 0 0 1 7 0 3 0 0 5 1 1 15 447 549 0 0 0 27 0 0 11 48 7 2390 0 0 1 55 8 8 0 563 1 30 60 3 2 456 384 1501 0 2 1 387 5 2 0 2415 3 24 42 59 1 1 91
0 207 281 0 0 0 0 0 1 0 11 0 160 0 0 61 48 3 13 0 2 77 200 24 166 818 4479 6 1 0 77 0 0 70 11 1656 3782 0 0 3 29 7 256 4 30 1 777 7 14 832 519 0 45 0 5 881 1368 998 654 2415 0 258 6 19 202 1 2 466
2 0 0 11 1 84 5 3 33 11 0 50 3 1 6 20 0 0 0 51 14 11 4 341 0 0 1 217 15 28 0 0 11 60 15 2 39 862 8 147 4304 24 132 1839 7 88 5 33 53 273 16 1 4 156 1959 3 590 1651 0 3 258 0 342 1625 0 1 103 354
0 0 0 0 0 2 1 0 6 0 0 1 2 0 1 0 0 0 0 0 0 0 0 19 0 0 0 19 6 7 0 0 1 12 761 0 1 34 2 76 67 38 34 208 214 131 1 1040 19 0 8 5 12 16 17 0 17 59 0 24 6 342 0 740 1 22 1104 1047
0 2 0 0 0 1 1 0 1 0 0 0 1 0 1 3 0 0 0 0 20 2 3 28 0 0 0 38 3 9 0 0 2 13 578 1 20 2 0 3 1764 12 34 2 23 0 0 169 1 0 267 7 52 0 2597 0 638 8 0 42 19 1625 740 0 0 0 189 1351
0 0 0 0 0 0 0 0 0 0 9 0 34 0 0 0 0 0 0 0 0 0 0 0 4 37 13 0 0 0 19 0 0 1 0 0 0 0 1 0 0 0 0 0 14 0 150 0 0 0 0 0 0 0 0 0 0 0 0 59 202 0 1 0 0 0 0 0
3 0 0 0 0 3 0 3 0 0 0 0 7 2 1 0 0 0 0 0 0 0 0 0 1 0 0 0 3 0 0 0 0 8 2 0 0 0 84 22 0 75 34 10 340 11 68 64 50 0 0 2 0 0 0 0 0 2 2 1 1 1 22 0 0 0 0 407
0 0 0 0 0 0 0 0 1 0 0 0 0 0 2 0 0 0 0 0 0 0 0 6 0 0 0 3 2 2 0 0 0 2 2 0 0 1 0 2 7 0 4 0 1 0 0 1 1 0 1 0 0 0 4 0 0 11 0 1 2 103 1104 189 0 0 0 493
4 13 5 0 4 12 0 3 9 0 1 11 45 1 10 5 0 0 1 1 5 1 4 36 10 12 51 46 12 10 0 0 1 11 27 13 35 30 224 55 48 15 78 263 1154 149 88 40 69 6 1078 76 723 31 1154 7 1034 47 160 91 466 354 1047 1351 0 407 493 0
