0 0 29 2 0 4 545 40 0 35 1 1 0 925 0 0 147 2 31 2 4 1 41 1 0 42 4 5 1542 544 0 0 7 16 0 0 0 0 0 0 0 0 0 0 0 0 0 0 1 0 0 0 0 0 0 0 0 2 0 0 0 1 0 0 0 0 0 0
0 0 1 0 0 0 0 1 22 0 2 0 86 1 2 0 0 0 1 0 0 229 1 65 461 2 1728 2 0 1 0 0 0 3 0 347 8 0 0 0 0 0 2 0 2 0 12 0 0 1 3 0 2 0 0 47 0 9 25 21 340 1 0 0 7 0 0 5
29 1 0 0 3 1 147 65 1 2 1 0 0 129 6 0 1870 9 121 0 293 0 2811 3 0 1578 3687 174 11 132 0 0 0 362 0 5 156 0 0 0 0 0 0 0 0 0 1 0 0 3 16 0 3 0 0 1 40 0 0 40 280 1 0 0 0 0 0 9
2 0 0 0 20 45 8 17 145 775 0 811 5 10 43 0 0 0 0 1948 0 0 0 525 0 0 0 1189 6 0 0 0 0 25 0 0 0 228 2 14 1 0 11 33 0 73 0 0 18 0 0 0 0 100 0 0 0 48 0 0 0 63 0 0 0 0 0 0
0 0 3 20 0 199 5 7 55 19 17 89 117 2 880 0 0 0 1 17 6 3 25 58 0 3 4 34 2 0 0 230 0 265 0 0 0 0 5 6 0 1 2 0 0 5 0 1 9 0 0 0 0 3 0 0 2 4 0 0 1 1 1 0 0 1 0 0
4 0 1 45 199 0 252 1795 68 1802 22 3573 33 40 517 0 1 5 2 100 3 0 1 21 0 6 2 77 26 1 0 97 1 23 0 0 0 5 5 20 3 1 7 14 0 39 0 0 9 0 0 0 0 19 0 0 0 14 0 0 0 57 3 0 0 0 0 3
545 0 147 8 5 252 0 291 3 1977 22 53 25 1552 27 0 39 5 9 2 123 0 80 25 0 10 4 3720 426 1101 0 5 32 176 0 1 0 3 0 10 0 0 11 24 1 16 0 0 2 2 0 0 0 7 0 0 0 29 0 0 0 31 0 0 0 0 0 0
40 1 65 17 7 1795 291 0 8 884 1 554 5 2270 37 0 82 2 5 50 16 0 62 6 0 21 1 24 31 37 0 32 4 47 0 2 0 2 0 2 1 0 2 2 0 7 0 0 1 0 0 0 0 1 0 0 0 15 0 0 0 18 0 0 0 0 0 0
0 22 1 145 55 68 3 8 0 117 14 323 18 3 337 0 0 2 1 113 0 429 0 1628 114 4 174 157 5 0 0 11 1 6 0 4 0 29 7 15 4 1 283 30 2 35 1 0 12 2 0 0 0 27 0 5 0 225 4 0 7 142 1 0 0 1 1 7
35 0 2 775 19 1802 1977 884 117 0 14 1646 27 469 46 0 3 0 4 1038 0 0 0 84 0 2 0 1090 255 2 0 4 0 136 0 0 0 24 0 17 0 1 20 5 0 163 0 0 7 0 0 0 0 224 0 0 0 104 0 0 0 10 0 0 0 0 0 0
1 2 1 0 17 22 22 1 14 14 0 51 366 12 4 0 20 1622 311 10 0 2 0 4 5 796 21 11 147 2 104 105 0 741 0 3 0 0 4 0 0 0 0 0 96 0 365 0 0 0 0 0 0 0 0 2 0 0 7 38 30 0 0 0 27 8 0 1
1 0 0 811 89 3573 53 554 323 1646 51 0 41 145 688 0 3 10 13 1178 2 1 0 523 0 4 2 108 164 0 0 13 0 94 0 0 0 7 5 60 5 2 14 59 1 176 0 1 17 0 0 0 0 72 0 0 0 17 0 0 0 56 2 0 0 0 0 11
0 86 0 5 117 33 25 5 18 27 366 41 0 8 32 0 0 15 5 9 4 39 5 10 660 102 614 36 56 3 162 150 0 438 0 23 0 0 14 4 5 2 5 1 181 5 633 1 13 0 0 0 0 3 3 10 1 8 164 39 107 5 0 0 51 25 0 38
925 1 129 10 2 40 1552 2270 3 469 12 145 8 0 5 0 424 4 22 59 51 0 197 5 0 52 5 20 1103 521 0 21 1 65 0 0 0 0 0 0 0 0 1 0 0 1 1 0 0 0 0 0 0 0 0 0 0 8 0 0 0 3 0 0 0 0 0 0
0 2 6 43 880 517 27 37 337 46 4 688 32 5 0 0 0 1 0 55 20 11 6 160 2 0 21 102 15 0 0 22 0 14 0 0 0 5 4 12 0 1 4 9 0 20 1 1 23 0 0 0 0 10 0 0 0 20 0 0 0 31 5 0 0 0 0 9
0 0 0 0 0 0 0 0 0 0 0 0 0 0 0 0 1 0 0 0 450 620 1037 465 1 1 825 65 0 0 0 0 0 1 0 1 1 0 0 0 0 0 0 0 0 0 0 1 0 800 0 0 0 0 32 97 251 113 0 0 95 22 2 3 0 0 0 1
147 0 1870 0 0 1 39 82 0 3 20 3 0 424 0 1 0 33 1354 1 49 0 1985 0 0 742 416 17 380 304 0 1 7 1735 0 3 18 0 0 0 0 0 0 0 0 0 0 0 0 0 3 0 0 0 1 2 4 0 0 10 40 0 0 0 0 0 0 3
2 0 9 0 0 5 5 2 2 0 1622 10 15 4 1 0 33 0 711 1 0 0 3 1 0 285 15 0 14 0 0 2 0 80 0 0 0 0 0 0 0 0 0 0 1 0 4 0 0 0 0 0 0 0 0 0 0 0 0 5 2 0 0 0 2 0 0 0
31 1 121 0 1 2 9 5 1 4 311 13 5 22 0 0 1354 711 0 1 9 1 34 3 1 1252 124 11 66 11 0 3 1 752 0 2 0 0 0 0 0 0 0 0 0 0 1 0 0 1 1 0 1 0 0 0 0 0 1 20 31 0 0 0 1 0 0 1
2 0 0 1948 17 100 2 50 113 1038 10 1178 9 59 55 0 1 1 1 0 0 0 0 122 0 0 0 161 73 0 0 3 0 53 0 0 0 45 3 42 2 0 27 129 0 129 0 0 27 0 0 0 0 137 0 1 0 48 0 0 0 105 0 0 0 0 0 0
4 0 293 0 6 3 123 16 0 0 0 2 4 51 20 450 49 0 9 0 0 0 6410 14 0 8 27 1248 43 3476 0 5 10 1284 0 0 2 0 0 0 0 0 0 0 0 0 0 0 1 41 0 0 0 0 1 4 11 28 0 0 2 18 0 0 0 0 1 1
1 229 0 0 3 0 0 0 429 0 2 1 39 0 11 620 0 0 1 0 0 0 1 980 186 2 548 5 0 1 0 0 0 3 0 6 3 0 0 0 1 0 38 0 0 0 19 0 1 45 1 0 0 0 1 217 3 87 8 3 81 12 2 1 4 0 0 0
41 1 2811 0 25 1 80 62 0 0 0 0 5 197 6 1037 1985 3 34 0 6410 1 0 8 0 61 1958 424 79 619 0 0 1 1603 0 2 10 0 0 0 0 0 0 0 0 0 0 0 1 266 0 0 0 0 21 21 472 31 0 1 296 8 0 2 0 0 0 8
1 65 3 525 58 21 25 6 1628 84 4 523 10 5 160 465 0 1 3 122 14 980 8 0 113 13 702 1503 15 6 0 4 1 25 2 6 3 59 0 20 10 2 117 98 0 52 0 5 17 156 0 0 0 68 17 59 11 888 2 0 95 478 10 6 0 0 3 16
0 461 0 0 0 0 0 0 114 0 5 0 660 0 2 1 0 0 1 0 0 186 0 113 0 4 751 0 0 0 0 0 0 0 0 8 0 0 0 0 0 0 0 0 30 0 212 0 0 0 0 0 0 0 0 1 0 0 312 17 185 0 0 0 10 0 0 0
42 2 1578 0 3 6 10 21 4 2 796 4 102 52 0 1 742 285 1252 0 8 2 61 13 4 0 2950 11 33 17 264 2 0 231 0 23 18 0 0 0 0 0 0 0 22 0 108 0 0 0 21 1 20 0 0 0 2 0 43 595 822 0 1 0 47 0 0 23
4 1728 3687 0 4 2 4 1 174 0 21 2 614 5 21 825 416 15 124 0 27 548 1958 702 751 2950 0 480 37 4 37 0 0 612 0 377 311 0 0 0 1 0 4 0 8 0 113 0 3 315 64 0 18 0 5 288 447 81 263 473 4207 9 1 1 22 0 0 74
5 2 174 1189 34 77 3720 24 157 1090 11 108 36 20 102 65 17 0 11 161 1248 5 424 1503 0 11 480 0 177 982 0 11 60 529 1 2 0 67 0 56 9 2 51 31 0 99 0 1 34 53 0 0 0 108 7 5 13 488 0 0 36 383 2 6 0 0 4 14
1542 0 11 6 2 26 426 31 5 255 147 164 56 1103 15 0 380 14 66 73 43 0 79 15 0 33 37 177 0 2031 0 341 1000 1029 0 0 1 0 0 1 1 0 1 0 4 0 2 0 1 0 0 0 0 0 1 0 0 16 1 2 1 6 0 0 1 0 1 1
544 1 132 0 0 1 1101 37 0 2 2 0 3 521 0 0 304 0 11 0 3476 1 619 6 0 17 4 982 2031 0 0 2 345 996 0 0 1 0 0 0 0 1 0 0 0 0 0 0 0 0 0 0 0 0 0 0 0 11 0 0 1 18 0 0 0 0 0 0
0 0 0 0 0 0 0 0 0 0 104 0 162 0 0 0 0 0 0 0 0 0 0 0 0 264 37 0 0 0 0 0 0 1 0 2 0 0 0 0 0 0 0 0 4 0 37 0 0 0 0 0 0 0 0 0 0 0 1 36 39 0 0 0 20 0 0 0
0 0 0 0 230 97 5 32 11 4 105 13 150 21 22 0 1 2 3 3 5 0 0 4 0 2 0 11 341 2 0 0 0 204 0 0 0 0 1 2 0 0 0 0 4 0 1 0 1 0 0 0 0 0 0 0 0 0 0 0 0 0 0 0 0 1 0 1
7 0 0 0 0 1 32 4 1 0 0 0 0 1 0 0 7 0 1 0 10 0 1 1 0 0 0 60 1000 345 0 0 0 274 0 0 0 0 0 0 0 0 1 0 0 0 0 0 0 0 0 0 0 0 0 0 0 1 0 0 0 0 0 0 0 0 0 0
16 3 362 25 265 23 176 47 6 136 741 94 438 65 14 1 1735 80 752 53 1284 3 1603 25 0 231 612 529 1029 996 1 204 274 0 0 7 20 0 0 5 0 0 3 0 1 4 7 1 5 2 3 0 0 1 0 0 11 17 2 25 115 14 0 0 0 1 0 2
0 0 0 0 0 0 0 0 0 0 0 0 0 0 0 0 0 0 0 0 0 0 0 2 0 0 0 1 0 0 0 0 0 0 0 1 0 0 0 0 477 28 0 3 1 1 0 956 0 0 6 0 13 0 0 0 1 0 0 2 0 5 1382 307 0 0 5 23
0 347 5 0 0 0 1 2 4 0 3 0 23 0 0 1 3 0 2 0 0 6 2 6 8 23 377 2 0 0 2 0 0 7 1 0 2 0 1 1 6 0 37 0 0 0 81 0 18 4 2 0 1 0 1 422 2 145 594 2 1524 1 0 1 0 0 0 5
0 8 156 0 0 0 0 0 0 0 0 0 0 0 0 1 18 0 0 0 2 3 10 3 0 18 311 0 1 1 0 0 0 20 0 2 0 0 0 3 405 29 0 7 0 0 2 110 1 0 1262 0 3 0 91 0 1695 2 0 596 2749 137 0 23 0 0 0 30
0 0 0 228 0 5 3 2 29 24 0 7 0 0 5 0 0 0 0 45 0 0 0 59 0 0 0 67 0 0 0 0 0 0 0 0 0 0 8 19 3 2 116 659 0 813 0 0 40 0 0 0 0 1920 0 0 0 575 1 0 0 1448 3 0 0 0 0 5
0 0 0 2 5 5 0 0 7 0 4 5 14 0 4 0 0 0 0 3 0 0 0 0 0 0 0 0 0 0 0 1 0 0 0 1 0 8 0 120 2 10 84 4 65 33 27 1 684 0 0 0 0 3 1 9 0 82 2 0 1 28 0 0 0 28 0 186
0 0 0 14 6 20 10 2 15 17 0 60 4 0 12 0 0 0 0 42 0 0 0 20 0 0 0 56 1 0 0 2 0 5 0 1 3 19 120 0 402 1523 99 2074 36 2622 1 25 709 0 0 5 3 157 0 1 2 19 0 3 2 84 19 0 0 8 0 35
0 0 0 1 0 3 0 1 4 0 0 5 5 0 0 0 0 0 0 2 0 1 0 10 0 0 1 9 1 0 0 0 0 0 477 6 405 3 2 402 0 345 2 2771 20 42 0 1397 44 6 245 4 42 11 80 1 315 84 0 137 12 3471 339 1080 0 1 16 258
0 0 0 0 1 1 0 0 1 1 0 2 2 0 1 0 0 0 0 0 0 0 0 2 0 0 0 2 0 1 0 0 0 0 28 0 29 2 10 1523 345 0 12 1065 30 90 0 2159 55 0 3 2 4 4 0 0 6 4 0 16 0 18 35 6 0 248 0 41
0 2 0 11 2 7 11 2 283 20 0 14 5 1 4 0 0 0 0 27 0 38 0 117 0 0 4 51 1 0 0 0 1 3 0 37 0 116 84 99 2 12 0 51 16 278 24 3 375 2 0 1 1 65 0 305 0 1693 79 1 165 173 7 0 0 5 1 14
0 0 0 33 0 14 24 2 30 5 0 59 1 0 9 0 0 0 0 129 0 0 0 98 0 0 0 31 0 0 0 0 0 0 3 0 7 659 4 2074 2771 1065 51 0 25 2157 0 45 56 0 0 0 7 1426 0 0 2 49 0 0 0 1501 171 0 0 8 1 225
0 2 0 0 0 0 1 0 2 0 96 1 181 0 0 0 0 1 0 0 0 0 0 0 30 22 8 0 4 0 4 4 0 1 1 0 0 0 65 36 20 30 16 25 0 83 747 24 20 0 0 1234 195 12 2 0 0 5 34 443 1 4 50 2 18 469 0 1062
0 0 0 73 5 39 16 7 35 163 0 176 5 1 20 0 0 0 0 129 0 0 0 52 0 0 0 99 0 0 0 0 0 4 1 0 0 813 33 2622 42 90 278 2157 83 0 0 36 554 0 0 14 21 1988 0 0 0 193 0 4 3 389 123 0 0 21 0 173
0 12 1 0 0 0 0 0 1 0 365 0 633 1 1 0 0 4 1 0 0 19 0 0 212 108 113 0 2 0 37 1 0 7 0 81 2 0 27 1 0 0 24 0 747 0 0 0 2 0 0 0 0 0 0 21 0 19 853 63 423 0 0 0 458 37 0 42
0 0 0 0 1 0 0 0 0 0 0 1 1 0 1 1 0 0 0 0 0 0 0 5 0 0 0 1 0 0 0 0 0 1 956 0 110 0 1 25 1397 2159 3 45 24 36 0 0 8 0 22 2 8 8 0 0 23 5 0 42 4 16 1406 179 0 250 2 107
1 0 0 18 9 9 2 1 12 7 0 17 13 0 23 0 0 0 0 27 1 1 1 17 0 0 3 34 1 0 0 1 0 5 0 18 1 40 684 709 44 55 375 56 20 554 2 8 0 7 0 8 1 35 67 12 34 249 6 5 39 211 7 2 0 14 0 66
0 1 3 0 0 0 2 0 2 0 0 0 0 0 0 800 0 0 1 0 41 45 266 156 0 0 315 53 0 0 0 0 0 2 0 4 0 0 0 0 6 0 2 0 0 0 0 0 7 0 3 0 0 0 546 536 1005 272 0 1 1216 66 1 3 0 0 0 4
0 3 16 0 0 0 0 0 0 0 0 0 0 0 0 0 3 0 1 0 0 1 0 0 0 21 64 0 0 0 0 0 0 3 6 2 1262 0 0 0 245 3 0 0 0 0 0 22 0 3 0 4 1268 1 14 0 947 5 0 941 711 33 29 520 0 0 0 1028
0 0 0 0 0 0 0 0 0 0 0 0 0 0 0 0 0 0 0 0 0 0 0 0 0 1 0 0 0 0 0 0 0 0 0 0 0 0 0 5 4 2 1 0 1234 14 0 2 8 0 4 0 558 0 0 0 0 0 0 169 1 0 4 2 0 7 0 51
0 2 3 0 0 0 0 0 0 0 0 0 0 0 0 0 0 0 1 0 0 0 0 0 0 20 18 0 0 0 0 0 0 0 13 1 3 0 0 3 42 4 1 7 195 21 0 8 1 0 1268 558 0 6 5 1 16 4 2 833 121 9 24 95 0 12 0 985
0 0 0 100 3 19 7 1 27 224 0 72 3 0 10 0 0 0 0 137 0 0 0 68 0 0 0 108 0 0 0 0 0 1 0 0 0 1920 3 157 11 4 65 1426 12 1988 0 8 35 0 1 0 6 0 0 1 0 45 0 2 1 384 47 0 0 2 0 34
0 0 0 0 0 0 0 0 0 0 0 0 3 0 0 32 1 0 0 0 1 1 21 17 0 0 5 7 1 0 0 0 0 0 0 1 91 0 1 0 80 0 0 0 2 0 0 0 67 546 14 0 5 0 0 1 4926 25 0 9 75 1309 4 2633 0 0 1 1083
0 47 1 0 0 0 0 0 5 0 2 0 10 0 0 97 2 0 0 1 4 217 21 59 1 0 288 5 0 0 0 0 0 0 0 422 0 0 9 1 1 0 305 0 0 0 21 0 12 536 0 0 1 1 1 0 4 726 67 1 744 7 0 0 0 0 0 4
0 0 40 0 2 0 0 0 0 0 0 0 1 0 0 251 4 0 0 0 11 3 472 11 0 2 447 13 0 0 0 0 0 11 1 2 1695 0 0 2 315 6 0 2 0 0 0 23 34 1005 947 0 16 0 4926 4 0 18 0 96 1631 337 10 660 0 0 4 1244
2 9 0 48 4 14 29 15 225 104 0 17 8 8 20 113 0 0 0 48 28 87 31 888 0 0 81 488 16 11 0 0 1 17 0 145 2 575 82 19 84 4 1693 49 5 193 19 5 249 272 5 0 4 45 25 726 18 0 102 1 750 1947 52 10 0 0 3 56
0 25 0 0 0 0 0 0 4 0 7 0 164 0 0 0 0 0 1 0 0 8 0 2 312 43 263 0 1 0 1 0 0 2 0 594 0 1 2 0 0 0 79 0 34 0 853 0 6 0 0 0 2 0 0 67 0 102 0 21 1117 0 0 0 1 3 0 2
0 21 40 0 0 0 0 0 0 0 38 0 39 0 0 0 10 5 20 0 0 3 1 0 17 595 473 0 2 0 36 0 0 25 2 2 596 0 0 3 137 16 1 0 443 4 63 42 5 1 941 169 833 2 9 1 96 1 21 0 2427 14 4 55 172 7 0 56
0 340 280 0 1 0 0 0 7 0 30 0 107 0 0 95 40 2 31 0 2 81 296 95 185 822 4207 36 1 1 39 0 0 115 0 1524 2749 0 1 2 12 0 165 0 1 3 423 4 39 1216 711 1 121 1 75 744 1631 750 1117 2427 0 212 5 4 86 5 1 570
1 1 1 63 1 57 31 18 142 10 0 56 5 3 31 22 0 0 0 105 18 12 8 478 0 0 9 383 6 18 0 0 0 14 5 1 137 1448 28 84 3471 18 173 1501 4 389 0 16 211 66 33 0 9 384 1309 7 337 1947 0 14 212 0 225 396 0 0 40 471
0 0 0 0 1 3 0 0 1 0 0 2 0 0 5 2 0 0 0 0 0 2 0 10 0 1 1 2 0 0 0 0 0 0 1382 0 0 3 0 19 339 35 7 171 50 123 0 1406 7 1 29 4 24 47 4 0 10 52 0 4 5 225 0 966 0 61 802 839
0 0 0 0 0 0 0 0 0 0 0 0 0 0 0 3 0 0 0 0 0 1 2 6 0 0 1 6 0 0 0 0 0 0 307 1 23 0 0 0 1080 6 0 0 2 0 0 179 2 3 520 2 95 0 2633 0 660 10 0 55 4 396 966 0 0 0 191 1052
0 7 0 0 0 0 0 0 0 0 27 0 51 0 0 0 0 2 1 0 0 4 0 0 10 47 22 0 1 0 20 0 0 0 0 0 0 0 0 0 0 0 0 0 18 0 458 0 0 0 0 0 0 0 0 0 0 0 1 172 86 0 0 0 0 0 0 3
0 0 0 0 1 0 0 0 1 0 8 0 25 0 0 0 0 0 0 0 0 0 0 0 0 0 0 0 0 0 0 1 0 1 0 0 0 0 28 8 1 248 5 8 469 21 37 250 14 0 0 7 12 2 0 0 0 0 3 7 5 0 61 0 0 0 0 494
0 0 0 0 0 0 0 0 1 0 0 0 0 0 0 0 0 0 0 0 1 0 0 3 0 0 0 4 1 0 0 0 0 0 5 0 0 0 0 0 16 0 1 1 0 0 0 2 0 0 0 0 0 0 1 0 4 3 0 0 1 40 802 191 0 0 0 304
0 5 9 0 0 3 0 0 7 0 1 11 38 0 9 1 3 0 1 0 1 0 8 16 0 23 74 14 1 0 0 1 0 2 23 5 30 5 186 35 258 41 14 225 1062 173 42 107 66 4 1028 51 985 34 1083 4 1244 56 2 56 570 471 839 1052 3 494 304 0
