0 0 1 0 1 2 576 50 2 3 5 0 0 1147 0 0 52 0 1 0 4 0 65 1 0 1 3 3 1442 455 0 0 18 14 0 0 0 0 0 0 0 0 0 0 0 0 0 0 0 0 0 0 0 0 1 0 0 2 0 0 0 4 1 0 0 0 0 2
0 0 0 1 1 2 0 0 27 0 0 0 118 0 2 1 1 0 1 0 0 220 0 73 382 3 637 1 2 0 0 0 0 2 0 198 1 0 0 0 0 0 0 0 0 0 22 0 0 0 0 0 0 0 0 19 1 6 36 7 259 0 0 0 1 0 0 1
1 0 0 0 0 0 79 7 0 1 0 0 0 9 2 0 1411 0 59 0 36 0 2480 0 0 938 3176 36 2 42 0 0 0 53 1 2 97 0 0 0 0 0 0 0 0 0 0 0 0 1 11 1 0 0 0 2 66 1 0 3 218 0 0 0 0 0 0 3
0 1 0 0 11 21 6 15 88 569 0 261 2 3 48 0 0 0 0 2907 0 0 0 354 0 0 0 2152 14 0 0 1 0 9 0 0 0 212 0 2 0 1 20 8 0 40 0 0 23 0 0 0 0 78 0 0 0 53 0 0 0 39 0 0 0 0 0 1
1 1 0 11 0 139 5 1 76 6 8 55 47 0 596 0 0 0 0 10 3 6 4 39 0 0 0 21 0 0 0 65 0 351 0 0 0 0 7 5 0 0 7 1 3 3 0 0 11 0 0 0 0 4 0 0 1 3 0 0 0 0 0 0 0 0 0 1
2 2 0 21 139 0 184 1621 47 2377 14 3419 21 51 831 0 1 0 1 100 0 1 4 21 0 3 2 67 54 1 0 65 0 28 1 0 0 22 4 23 6 1 3 22 10 63 0 1 16 3 0 0 0 50 0 0 0 43 0 0 0 94 7 0 0 0 1 24
576 0 79 6 5 184 0 314 3 1281 14 12 8 1286 11 0 4 0 1 5 213 0 74 24 0 2 5 4591 253 1344 0 3 6 86 0 0 0 0 0 2 0 0 2 0 2 2 1 0 2 5 0 0 0 0 0 0 1 7 0 0 1 6 1 0 0 0 0 1
50 0 7 15 1 1621 314 0 10 521 3 119 11 2318 60 0 34 2 3 29 17 0 127 12 0 1 4 22 20 38 0 213 1 4 0 0 0 1 1 6 1 0 0 5 1 8 0 0 0 0 0 0 0 7 0 0 0 9 0 0 0 9 1 0 0 1 0 1
2 27 0 88 76 47 3 10 0 19 9 279 38 4 300 0 0 0 2 65 0 496 0 1596 79 2 106 125 2 0 0 0 1 5 1 1 0 24 2 11 1 0 257 9 3 33 5 1 9 3 0 0 0 26 0 9 0 124 5 0 5 55 11 2 0 0 8 10
3 0 1 569 6 2377 1281 521 19 0 15 452 13 178 23 0 0 3 3 575 0 0 1 30 0 1 2 1234 139 0 0 0 1 82 0 0 0 26 3 11 1 0 28 39 2 35 0 0 26 0 0 0 0 140 0 0 0 88 0 0 0 66 0 0 0 0 0 0
5 0 0 0 8 14 14 3 9 15 0 10 560 11 0 0 7 1324 317 0 0 1 0 1 8 1067 57 8 86 0 40 127 0 879 0 2 0 0 0 0 0 0 1 0 20 0 115 0 0 0 0 0 0 0 0 0 0 0 2 23 37 0 2 0 35 1 0 0
0 0 0 261 55 3419 12 119 279 452 10 0 26 60 949 0 0 1 0 1506 0 0 0 315 0 2 0 205 73 0 0 4 0 74 0 0 0 29 5 44 1 1 24 21 7 574 0 0 41 0 0 0 0 87 0 0 0 52 0 0 0 60 6 1 0 0 1 10
0 118 0 2 47 21 8 11 38 13 560 26 0 5 55 0 0 0 0 4 0 113 0 31 576 9 353 15 15 0 191 130 0 267 0 3 0 0 9 8 2 0 5 7 126 10 715 1 20 0 0 1 0 12 0 0 0 2 77 12 56 2 8 0 30 9 0 24
1147 0 9 3 0 51 1286 2318 4 178 11 60 5 0 8 0 112 1 5 9 50 0 279 8 0 2 4 33 1644 333 0 91 2 26 0 0 0 0 0 5 2 1 2 1 0 2 0 0 3 0 0 0 0 0 0 0 0 12 0 0 0 21 0 0 0 0 0 5
0 2 2 48 596 831 11 60 300 23 0 949 55 8 0 0 0 0 1 63 31 9 18 223 1 0 5 149 23 3 0 25 2 28 0 0 0 12 9 16 1 0 9 9 12 17 1 0 19 3 0 0 0 17 4 0 2 23 0 0 4 32 3 1 0 0 2 9
0 1 0 0 0 0 0 0 0 0 0 0 0 0 0 0 0 0 0 0 488 621 507 560 1 1 884 96 0 0 0 0 0 2 0 0 0 0 0 0 0 0 1 0 0 0 0 0 0 621 1 0 0 0 45 73 258 79 0 0 144 31 3 14 0 0 1 2
52 1 1411 0 0 1 4 34 0 0 7 0 0 112 0 0 0 45 1999 0 10 0 1470 1 0 620 718 1 115 62 0 1 10 1459 0 1 16 0 0 0 0 0 0 0 0 0 0 0 0 0 2 0 0 0 0 0 3 0 0 10 89 1 0 0 0 0 0 1
0 0 0 0 0 0 0 2 0 3 1324 1 0 1 0 0 45 0 573 0 0 0 0 0 0 325 9 0 14 0 1 1 0 90 0 0 0 0 0 0 0 0 0 0 0 0 3 0 0 0 0 0 0 0 0 0 0 0 0 10 21 0 0 0 5 0 0 0
1 1 59 0 0 1 1 3 2 3 317 0 0 5 1 0 1999 573 0 0 0 0 6 1 0 860 82 1 29 1 0 2 0 745 0 0 0 0 0 0 0 0 0 0 1 0 1 0 0 0 2 0 0 0 0 1 0 0 0 7 22 0 0 0 0 0 0 0
0 0 0 2907 10 100 5 29 65 575 0 1506 4 9 63 0 0 0 0 0 0 0 0 164 0 0 0 550 12 0 0 0 0 12 0 0 0 122 0 9 4 0 17 151 1 114 0 0 14 0 0 0 0 213 0 0 0 90 0 0 0 282 0 1 0 0 0 2
4 0 36 0 3 0 213 17 0 0 0 0 0 50 31 488 10 0 0 0 0 7 5062 9 0 1 11 1227 41 2926 0 1 5 1082 2 0 0 0 0 0 0 0 2 0 0 0 0 0 1 78 1 0 0 0 47 10 17 93 0 0 3 26 7 19 0 0 4 14
0 220 0 0 6 1 0 0 496 0 1 0 113 0 9 621 0 0 0 0 7 0 2 866 95 3 805 4 1 0 0 0 0 5 0 8 1 0 0 0 0 0 23 0 1 0 24 0 0 16 0 0 0 1 0 146 4 68 8 0 56 8 0 0 0 0 0 1
65 0 2480 0 4 4 74 127 0 1 0 0 0 279 18 507 1470 0 6 0 5062 2 0 12 0 25 1751 183 107 647 0 0 3 1406 0 2 28 0 0 0 0 0 0 0 0 0 0 0 0 272 0 0 0 0 22 10 430 16 0 0 317 5 0 6 0 0 0 7
1 73 0 354 39 21 24 12 1596 30 1 315 31 8 223 560 1 0 1 164 9 866 12 0 120 0 475 2239 23 2 0 0 3 18 3 6 0 103 0 20 15 1 111 62 1 31 1 2 24 39 0 0 0 53 21 27 4 894 7 3 37 433 38 10 0 0 17 63
0 382 0 0 0 0 0 0 79 0 8 0 576 0 1 1 0 0 0 0 0 95 0 120 0 1 939 2 0 0 0 0 0 6 0 30 0 0 2 0 0 0 1 0 29 0 232 0 0 0 0 0 0 0 0 0 0 1 394 12 138 0 1 0 2 9 0 8
1 3 938 0 0 3 2 1 2 1 1067 2 9 2 0 1 620 325 860 0 1 3 25 0 1 0 2915 2 39 5 72 7 1 183 0 6 2 0 0 0 0 0 0 0 3 0 28 0 0 0 6 1 5 0 0 4 0 0 12 285 533 0 0 0 22 0 0 5
3 637 3176 0 0 2 5 4 106 2 57 0 353 4 5 884 718 9 82 0 11 805 1751 475 939 2915 0 74 31 6 25 2 4 857 0 192 256 0 0 0 0 0 1 0 8 0 179 1 0 122 25 2 0 0 1 128 353 23 135 285 4269 3 0 0 39 0 0 32
3 1 36 2152 21 67 4591 22 125 1234 8 205 15 33 149 96 1 0 1 550 1227 4 183 2239 2 2 74 0 162 1967 0 2 32 208 2 0 0 60 0 24 18 1 61 52 2 50 0 4 35 20 0 0 0 202 15 4 8 364 0 0 2 289 15 15 0 0 6 46
1442 2 2 14 0 54 253 20 2 139 86 73 15 1644 23 0 115 14 29 12 41 1 107 23 0 39 31 162 0 1392 0 156 929 640 0 0 0 0 0 7 1 1 4 0 7 5 1 1 5 0 0 0 0 0 1 0 0 23 1 0 1 16 1 0 0 2 1 9
455 0 42 0 0 1 1344 38 0 0 0 0 0 333 3 0 62 0 1 0 2926 0 647 2 0 5 6 1967 1392 0 0 0 279 747 2 0 0 0 0 0 2 0 0 0 0 0 0 1 2 12 0 0 0 0 22 0 8 31 0 0 2 15 3 13 0 0 3 8
0 0 0 0 0 0 0 0 0 0 40 0 191 0 0 0 0 1 0 0 0 0 0 0 0 72 25 0 0 0 0 0 0 4 0 0 0 0 0 0 0 0 0 0 5 0 42 0 0 0 0 0 0 0 0 0 0 0 9 8 27 0 0 0 26 0 0 0
0 0 0 1 65 65 3 213 0 0 127 4 130 91 25 0 1 1 2 0 1 0 0 0 0 7 2 2 156 0 0 0 0 566 0 0 0 0 0 2 0 0 0 0 1 0 1 0 3 0 0 0 0 0 0 0 0 0 0 0 0 0 0 0 0 0 0 2
18 0 0 0 0 0 6 1 1 1 0 0 0 2 2 0 10 0 0 0 5 0 3 3 0 1 4 32 929 279 0 0 0 549 0 0 0 0 0 1 0 0 0 0 0 1 0 0 1 2 0 0 0 0 2 0 0 4 0 0 0 4 1 1 0 0 1 1
14 2 53 9 351 28 86 4 5 82 879 74 267 26 28 2 1459 90 745 12 1082 5 1406 18 6 183 857 208 640 747 4 566 549 0 3 6 7 0 0 12 4 1 4 0 8 8 8 0 8 14 1 0 0 0 5 0 17 29 1 14 100 19 9 9 0 0 1 8
0 0 1 0 0 1 0 0 1 0 0 0 0 0 0 0 0 0 0 0 2 0 0 3 0 0 0 2 0 2 0 0 0 3 0 0 2 1 0 3 829 144 2 5 6 4 0 1169 2 0 10 1 17 1 5 1 7 8 0 4 4 25 1642 407 0 0 9 29
0 198 2 0 0 0 0 0 1 0 2 0 3 0 0 0 1 0 0 0 0 8 2 6 30 6 192 0 0 0 0 0 0 6 0 0 1 0 0 0 0 0 20 0 0 0 92 0 8 0 0 0 0 0 0 149 1 55 233 2 845 0 0 0 1 0 0 5
0 1 97 0 0 0 0 0 0 0 0 0 0 0 0 0 16 0 0 0 0 1 28 0 0 2 256 0 0 0 0 0 0 7 2 1 0 0 0 1 58 4 0 0 0 0 0 26 2 0 440 0 32 0 11 0 2240 0 0 1193 2637 14 0 36 0 0 0 13
0 0 0 212 0 22 0 1 24 26 0 29 0 0 12 0 0 0 0 122 0 0 0 103 0 0 0 60 0 0 0 0 0 0 1 0 0 0 6 25 7 2 48 261 2 338 0 6 18 0 0 0 0 2644 0 0 0 336 1 0 2 2394 10 0 0 0 0 15
0 0 0 0 7 4 0 1 2 3 0 5 9 0 9 0 0 0 0 0 0 0 0 0 2 0 0 0 0 0 0 0 0 0 0 0 0 6 0 329 0 0 120 3 116 36 45 0 571 0 0 0 0 3 0 9 0 69 2 0 0 26 0 0 0 27 0 163
0 0 0 2 5 23 2 6 11 11 0 44 8 5 16 0 0 0 0 9 0 0 0 20 0 0 0 24 7 0 0 2 1 12 3 0 1 25 329 0 230 1214 68 1572 80 2868 4 26 847 0 0 1 0 120 0 1 0 39 0 2 1 211 27 0 0 9 1 16
0 0 0 0 0 6 0 1 1 1 0 1 2 2 1 0 0 0 0 4 0 0 0 15 0 0 0 18 1 2 0 0 0 4 829 0 58 7 0 230 0 325 3 1845 22 18 1 1702 13 20 44 4 24 4 181 0 383 92 0 4 4 3988 270 1920 0 1 14 104
0 0 0 1 0 1 0 0 0 0 0 1 0 1 0 0 0 0 0 0 0 0 0 1 0 0 0 1 1 0 0 0 0 1 144 0 4 2 0 1214 325 0 2 291 18 30 2 1971 44 0 4 1 1 0 4 0 28 2 0 4 0 6 82 23 0 145 0 25
0 0 0 20 7 3 2 0 257 28 1 24 5 2 9 1 0 0 0 17 2 23 0 111 1 0 1 61 4 0 0 0 0 4 2 20 0 48 120 68 3 2 0 17 12 375 62 2 254 0 0 4 2 58 0 197 0 1773 37 5 108 156 20 0 0 5 6 21
0 0 0 8 1 22 0 5 9 39 0 21 7 1 9 0 0 0 0 151 0 0 0 62 0 0 0 52 0 0 0 0 0 0 5 0 0 261 3 1572 1845 291 17 0 30 1799 0 217 7 0 0 0 1 1123 0 0 0 52 0 0 0 1894 106 0 0 1 1 83
0 0 0 0 3 10 2 1 3 2 20 7 126 0 12 0 0 0 1 1 0 1 0 1 29 3 8 2 7 0 5 1 0 8 6 0 0 2 116 80 22 18 12 30 0 69 926 53 54 1 11 1709 43 30 1 0 3 6 12 608 33 20 284 4 133 129 0 1415
0 0 0 40 3 63 2 8 33 35 0 574 10 2 17 0 0 0 0 114 0 0 0 31 0 0 0 50 5 0 0 0 1 8 4 0 0 338 36 2868 18 30 375 1799 69 0 0 105 470 0 0 6 2 1893 0 0 0 187 1 5 10 377 110 0 0 0 3 122
0 22 0 0 0 0 1 0 5 0 115 0 715 0 1 0 0 3 1 0 0 24 0 1 232 28 179 0 1 0 42 1 0 8 0 92 0 0 45 4 1 2 62 0 926 0 0 1 19 0 0 0 0 0 0 67 0 42 692 42 646 2 23 0 313 44 0 70
0 0 0 0 0 1 0 0 1 0 0 0 1 0 0 0 0 0 0 0 0 0 0 2 0 0 1 4 1 1 0 0 0 0 1169 0 26 6 0 26 1702 1971 2 217 53 105 1 0 7 0 16 5 17 13 31 0 105 8 0 4 3 77 1612 141 0 4 1 50
0 0 0 23 11 16 2 0 9 26 0 41 20 3 19 0 0 0 0 14 1 0 0 24 0 0 0 35 5 2 0 3 1 8 2 8 2 18 571 847 13 44 254 7 54 470 19 7 0 14 0 2 0 28 58 10 41 173 12 0 31 152 29 1 0 6 3 21
0 0 1 0 0 3 5 0 3 0 0 0 0 0 3 621 0 0 0 0 78 16 272 39 0 0 122 20 0 12 0 0 2 14 0 0 0 0 0 0 20 0 0 0 1 0 0 0 14 0 1 0 1 0 634 900 661 689 0 0 925 244 3 2 0 0 1 5
0 0 11 0 0 0 0 0 0 0 0 0 0 0 0 1 2 0 2 0 1 0 0 0 0 6 25 0 0 0 0 0 0 1 10 0 440 0 0 0 44 4 0 0 11 0 0 16 0 1 0 60 985 0 8 0 901 0 0 662 474 1 5 80 0 0 0 1105
0 0 1 0 0 0 0 0 0 0 0 0 1 0 0 0 0 0 0 0 0 0 0 0 0 1 2 0 0 0 0 0 0 0 1 0 0 0 0 1 4 1 4 0 1709 6 0 5 2 0 60 0 540 0 0 0 1 0 0 228 9 1 11 1 0 0 0 295
0 0 0 0 0 0 0 0 0 0 0 0 0 0 0 0 0 0 0 0 0 0 0 0 0 5 0 0 0 0 0 0 0 0 17 0 32 0 0 0 24 1 2 1 43 2 0 17 0 1 985 540 0 1 2 0 24 1 1 865 24 7 2 45 0 0 0 409
0 0 0 78 4 50 0 7 26 140 0 87 12 0 17 0 0 0 0 213 0 1 0 53 0 0 0 202 0 0 0 0 0 0 1 0 0 2644 3 120 4 0 58 1123 30 1893 0 13 28 0 0 0 1 0 0 0 0 88 0 0 1 1130 17 0 0 0 0 18
1 0 0 0 0 0 0 0 0 0 0 0 0 0 4 45 0 0 0 0 47 0 22 21 0 0 1 15 1 22 0 0 2 5 5 0 11 0 0 0 181 4 0 0 1 0 0 31 58 634 8 0 2 0 0 5 4431 6 0 1 52 1525 42 1914 0 0 19 853
0 19 2 0 0 0 0 0 9 0 0 0 0 0 0 73 0 0 1 0 10 146 10 27 0 4 128 4 0 0 0 0 0 0 1 149 0 0 9 1 0 0 197 0 0 0 67 0 10 900 0 0 0 0 5 0 21 931 60 2 900 15 0 1 1 0 1 4
0 1 66 0 1 0 1 0 0 0 0 0 0 0 2 258 3 0 0 0 17 4 430 4 0 0 353 8 0 8 0 0 0 17 7 1 2240 0 0 0 383 28 0 0 3 0 0 105 41 661 901 1 24 0 4431 21 0 2 0 66 1781 219 29 700 0 0 0 997
2 6 1 53 3 43 7 9 124 88 0 52 2 12 23 79 0 0 0 90 93 68 16 894 1 0 23 364 23 31 0 0 4 29 8 55 0 336 69 39 92 2 1773 52 6 187 42 8 173 689 0 0 1 88 6 931 2 0 81 5 867 2573 74 6 0 0 24 56
0 36 0 0 0 0 0 0 5 0 2 0 77 0 0 0 0 0 0 0 0 8 0 7 394 12 135 0 1 0 9 0 0 1 0 233 0 1 2 0 0 0 37 0 12 1 692 0 12 0 0 0 1 0 0 60 0 81 0 3 735 0 0 0 1 1 0 2
0 7 3 0 0 0 0 0 0 0 23 0 12 0 0 0 10 10 7 0 0 0 0 3 12 285 285 0 0 0 8 0 0 14 4 2 1193 0 0 2 4 4 5 0 608 5 42 4 0 0 662 228 865 0 1 2 66 5 3 0 2868 6 5 3 181 0 0 123
0 259 218 0 0 0 1 0 5 0 37 0 56 0 4 144 89 21 22 0 3 56 317 37 138 533 4269 2 1 2 27 0 0 100 4 845 2637 2 0 1 4 0 108 0 33 10 646 3 31 925 474 9 24 1 52 900 1781 867 735 2868 0 152 7 5 206 0 0 521
4 0 0 39 0 94 6 9 55 66 0 60 2 21 32 31 1 0 0 282 26 8 5 433 0 0 3 289 16 15 0 0 4 19 25 0 14 2394 26 211 3988 6 156 1894 20 377 2 77 152 244 1 1 7 1130 1525 15 219 2573 0 6 152 0 328 1546 0 3 101 431
1 0 0 0 0 7 1 1 11 0 2 6 8 0 3 3 0 0 0 0 7 0 0 38 1 0 0 15 1 3 0 0 1 9 1642 0 0 10 0 27 270 82 20 106 284 110 23 1612 29 3 5 11 2 17 42 0 29 74 0 5 7 328 0 926 0 61 1206 997
0 0 0 0 0 0 0 0 2 0 0 1 0 0 1 14 0 0 0 1 19 0 6 10 0 0 0 15 0 13 0 0 1 9 407 0 36 0 0 0 1920 23 0 0 4 0 0 141 1 2 80 1 45 0 1914 1 700 6 0 3 5 1546 926 0 0 0 221 924
0 1 0 0 0 0 0 0 0 0 35 0 30 0 0 0 0 5 0 0 0 0 0 0 2 22 39 0 0 0 26 0 0 0 0 1 0 0 0 0 0 0 0 0 133 0 313 0 0 0 0 0 0 0 0 1 0 0 1 181 206 0 0 0 0 1 0 4
0 0 0 0 0 0 0 1 0 0 1 0 9 0 0 0 0 0 0 0 0 0 0 0 9 0 0 0 2 0 0 0 0 0 0 0 0 0 27 9 1 145 5 1 129 0 44 4 6 0 0 0 0 0 0 0 0 0 1 0 0 3 61 0 1 0 0 411
0 0 0 0 0 1 0 0 8 0 0 1 0 0 2 1 0 0 0 0 4 0 0 17 0 0 0 6 1 3 0 0 1 1 9 0 0 0 0 1 14 0 6 1 0 3 0 1 3 1 0 0 0 0 19 1 0 24 0 0 0 101 1206 221 0 0 0 356
2 1 3 1 1 24 1 1 10 0 0 10 24 5 9 2 1 0 0 2 14 1 7 63 8 5 32 46 9 8 0 2 1 8 29 5 13 15 163 16 104 25 21 83 1415 122 70 50 21 5 1105 295 409 18 853 4 997 56 2 123 521 431 997 924 4 411 356 0
