0 0 1 0 0 1 559 49 0 3 4 0 0 1175 0 0 44 0 5 0 14 0 70 0 0 1 8 5 1423 478 0 0 20 12 0 0 1 0 0 0 0 0 0 0 0 0 0 0 0 0 0 0 0 0 0 0 0 0 0 0 0 3 0 0 0 0 0 0
0 0 0 0 0 0 0 0 45 0 1 0 114 0 1 2 1 0 0 0 0 215 0 59 389 8 660 0 0 0 0 0 0 1 0 221 3 0 0 0 0 0 2 0 2 0 16 0 0 0 1 0 0 0 0 25 0 1 39 9 232 0 0 0 0 0 0 0
1 0 0 0 1 0 85 5 0 0 0 0 0 6 0 0 1431 0 57 0 42 0 2512 0 0 953 3187 29 2 50 0 0 0 49 0 0 87 0 0 0 0 0 0 0 0 0 0 0 0 0 5 0 1 0 0 2 79 0 0 2 232 0 0 1 0 0 0 5
0 0 0 0 16 39 3 10 63 553 0 289 1 1 48 0 0 0 0 3019 0 0 0 322 0 0 0 2186 7 0 0 0 0 16 0 0 0 227 1 4 0 0 23 3 1 55 0 0 15 0 0 0 0 84 0 0 0 58 0 0 0 37 2 0 0 0 0 0
0 0 1 16 0 133 3 2 72 11 8 38 47 0 602 0 1 0 0 9 2 5 2 39 0 0 1 27 0 0 0 59 0 340 0 0 0 0 5 6 0 0 0 0 3 3 0 0 14 0 0 0 0 6 0 0 0 2 0 0 0 1 0 0 0 0 0 0
1 0 0 39 133 0 186 1671 38 2402 12 3497 23 61 847 0 0 0 2 102 0 1 3 16 0 0 1 71 37 0 0 75 0 29 0 0 0 13 6 21 4 1 5 34 9 54 0 0 14 1 0 0 0 58 0 0 0 54 0 0 0 71 5 0 0 0 2 19
559 0 85 3 3 186 0 280 3 1263 10 9 7 1291 15 2 6 1 6 5 214 0 88 19 0 6 5 4754 259 1360 0 4 8 93 0 0 0 1 0 1 1 0 4 0 1 1 1 0 4 2 0 0 0 2 0 1 0 3 0 0 0 3 0 0 0 0 0 0
49 0 5 10 2 1671 280 0 7 499 1 113 7 2312 45 0 49 1 6 27 8 0 142 19 0 2 3 31 21 45 0 228 1 4 0 0 0 0 0 6 0 0 0 5 1 8 1 0 2 0 0 0 0 2 0 0 0 9 0 0 0 7 0 0 0 0 0 1
0 45 0 63 72 38 3 7 0 19 7 310 41 0 336 0 0 1 1 79 0 485 1 1590 60 2 106 138 6 0 0 4 1 8 1 1 0 25 3 7 1 1 269 11 1 21 7 0 6 1 1 0 1 27 0 2 1 100 7 1 9 53 11 0 0 0 4 11
3 0 0 553 11 2402 1263 499 19 0 16 453 10 208 28 0 0 2 2 575 0 0 0 20 0 2 1 1217 135 0 0 1 0 77 0 0 0 27 1 10 0 0 35 35 5 46 0 0 21 0 0 0 0 146 0 0 0 92 0 0 0 61 2 0 0 0 0 0
4 1 0 0 8 12 10 1 7 16 0 14 560 20 2 0 3 1368 342 3 0 5 0 0 6 1058 77 9 93 2 33 139 0 890 0 2 0 0 0 0 0 0 1 0 27 0 99 0 0 0 0 0 1 0 0 0 0 0 4 12 18 0 0 0 34 2 0 2
0 0 0 289 38 3497 9 113 310 453 14 0 26 50 929 0 0 0 2 1512 0 1 0 294 0 1 0 207 65 0 0 2 0 66 0 0 0 38 4 46 3 1 22 29 7 624 0 1 59 0 0 0 0 82 0 0 0 55 0 0 0 53 8 1 0 0 1 12
0 114 0 1 47 23 7 7 41 10 560 26 0 12 48 0 0 0 0 8 1 114 0 34 591 11 356 22 17 0 196 127 0 282 0 5 0 2 8 8 0 1 5 5 130 4 741 2 20 1 0 0 0 9 0 0 0 2 79 16 59 3 2 0 40 9 0 13
1175 0 6 1 0 61 1291 2312 0 208 20 50 12 0 7 0 111 1 7 15 49 1 313 9 0 1 3 26 1705 337 0 99 1 25 0 0 0 0 0 4 2 1 3 0 2 0 0 1 0 0 0 0 0 1 0 0 0 13 0 0 0 22 0 0 1 0 0 2
0 1 0 48 602 847 15 45 336 28 2 929 48 7 0 0 0 0 0 71 23 12 22 247 0 0 6 139 23 3 0 29 0 22 0 0 0 11 5 13 1 0 11 11 13 19 1 0 12 1 0 0 0 18 4 0 4 23 0 0 2 31 6 0 0 0 1 7
0 2 0 0 0 0 2 0 0 0 0 0 0 0 0 0 0 0 0 0 513 633 526 573 0 0 847 79 0 0 0 0 0 3 0 1 2 0 0 0 0 0 0 0 0 0 0 0 0 562 1 0 0 0 44 89 262 91 0 0 149 25 3 7 0 0 2 3
44 1 1431 0 1 0 6 49 0 0 3 0 0 111 0 0 0 43 1994 0 9 0 1506 0 0 644 728 1 138 66 0 0 11 1451 0 1 13 0 0 0 0 0 0 0 0 0 0 0 0 2 3 0 0 0 0 2 1 1 0 3 88 0 0 0 0 0 0 2
0 0 0 0 0 0 1 1 1 2 1368 0 0 1 0 0 43 0 572 0 0 0 0 0 0 343 8 0 9 0 1 0 0 91 0 0 0 0 0 0 0 0 0 0 1 0 3 0 0 0 0 1 0 0 0 0 0 0 3 5 17 0 0 0 2 0 0 0
5 0 57 0 0 2 6 6 1 2 342 2 0 7 0 0 1994 572 0 0 0 1 19 2 0 903 91 0 28 4 0 2 0 743 0 3 0 0 0 0 0 0 0 0 0 0 1 0 0 0 0 0 0 0 0 0 0 0 0 4 15 0 0 0 0 0 0 0
0 0 0 3019 9 102 5 27 79 575 3 1512 8 15 71 0 0 0 0 0 0 0 0 176 0 0 0 544 20 0 0 1 0 23 0 0 0 125 2 15 2 0 31 149 2 117 0 0 19 0 0 0 0 215 0 0 0 74 0 0 0 252 0 0 0 0 0 0
14 0 42 0 2 0 214 8 0 0 0 0 1 49 23 513 9 0 0 0 0 6 5116 7 0 1 5 1260 39 2981 0 1 9 1091 1 0 0 0 0 0 0 0 1 0 0 0 0 0 2 72 0 0 0 0 57 8 23 97 0 0 2 23 5 22 0 0 2 11
0 215 0 0 5 1 0 0 485 0 5 1 114 1 12 633 0 0 1 0 6 0 1 889 123 1 812 6 1 0 0 0 0 5 0 5 1 1 0 0 0 0 24 0 0 0 25 0 0 28 0 0 0 2 1 153 3 76 3 2 53 7 0 0 0 0 0 0
70 0 2512 0 2 3 88 142 1 0 0 0 0 313 22 526 1506 0 19 0 5116 1 0 5 0 19 1793 182 97 651 0 1 3 1458 0 0 29 0 0 0 0 0 0 0 0 0 0 0 0 301 1 0 0 0 22 8 483 14 0 0 306 7 0 2 0 0 1 5
0 59 0 322 39 16 19 19 1590 20 0 294 34 9 247 573 0 0 2 176 7 889 5 0 114 4 495 2324 20 5 0 1 2 18 3 5 1 83 0 22 20 1 86 54 1 41 3 5 21 62 0 0 0 58 18 18 7 929 2 0 41 394 48 18 0 1 18 65
0 389 0 0 0 0 0 0 60 0 6 0 591 0 0 0 0 0 0 0 0 123 0 114 0 2 953 0 2 0 3 0 0 4 0 30 0 0 4 1 0 0 0 0 25 0 255 0 0 0 0 0 0 0 0 1 0 4 368 6 171 0 2 0 3 6 0 6
1 8 953 0 0 0 6 2 2 2 1058 1 11 1 0 0 644 343 903 0 1 1 19 4 2 0 2967 1 42 5 68 3 2 195 0 4 4 0 0 0 0 0 0 0 2 0 26 0 0 0 11 1 2 0 0 6 0 0 12 227 546 0 0 0 18 0 0 9
8 660 3187 0 1 1 5 3 106 1 77 0 356 3 6 847 728 8 91 0 5 812 1793 495 953 2967 0 60 44 6 21 1 3 845 0 180 270 0 0 0 0 0 4 0 5 0 170 0 0 142 21 1 5 0 2 135 342 38 142 317 4247 5 0 1 41 0 0 34
5 0 29 2186 27 71 4754 31 138 1217 9 207 22 26 139 79 1 0 0 544 1260 6 182 2324 0 1 60 0 167 1957 0 0 41 223 1 0 1 72 0 41 13 1 88 47 2 65 0 3 29 25 0 0 0 204 13 7 2 368 0 0 3 295 24 20 0 0 10 49
1423 0 2 7 0 37 259 21 6 135 93 65 17 1705 23 0 138 9 28 20 39 1 97 20 2 42 44 167 0 1446 1 157 934 648 0 1 0 0 0 14 2 1 1 0 7 3 1 0 4 7 0 0 0 0 2 1 0 22 1 1 1 13 0 2 0 0 2 4
478 0 50 0 0 0 1360 45 0 0 2 0 0 337 3 0 66 0 4 0 2981 0 651 5 0 5 6 1957 1446 0 0 0 283 763 1 0 3 0 0 0 0 0 0 0 0 0 0 0 1 16 0 0 0 0 24 0 6 34 0 0 1 20 3 15 0 0 2 9
0 0 0 0 0 0 0 0 0 0 33 0 196 0 0 0 0 1 0 0 0 0 0 0 3 68 21 0 1 0 0 0 0 2 0 1 0 0 1 0 0 0 0 0 2 0 49 0 0 0 0 0 0 0 0 0 0 0 2 11 23 0 0 0 22 0 0 0
0 0 0 0 59 75 4 228 4 1 139 2 127 99 29 0 0 0 2 1 1 0 1 1 0 3 1 0 157 0 0 0 0 577 0 0 0 0 0 0 0 0 0 0 0 0 1 0 1 0 0 0 0 0 0 0 0 0 0 0 0 0 0 0 0 0 0 0
20 0 0 0 0 0 8 1 1 0 0 0 0 1 0 0 11 0 0 0 9 0 3 2 0 2 3 41 934 283 0 0 0 531 0 0 0 0 0 2 0 0 1 0 0 0 0 0 1 0 0 0 0 0 0 0 0 4 0 0 0 3 0 1 0 0 1 1
12 1 49 16 340 29 93 4 8 77 890 66 282 25 22 3 1451 91 743 23 1091 5 1458 18 4 195 845 223 648 763 2 577 531 0 0 1 11 0 0 7 3 0 2 0 6 8 5 0 13 12 2 0 0 0 9 1 17 32 0 5 103 40 10 17 0 0 8 15
0 0 0 0 0 0 0 0 1 0 0 0 0 0 0 0 0 0 0 0 1 0 0 3 0 0 0 1 0 1 0 0 0 0 0 0 0 1 0 6 906 179 3 8 4 5 0 1131 2 0 6 1 13 1 4 0 8 8 0 3 2 41 1607 400 0 0 10 42
0 221 0 0 0 0 0 0 1 0 2 0 5 0 0 1 1 0 3 0 0 5 0 5 30 4 180 0 1 0 1 0 0 1 0 0 0 0 0 0 0 0 23 0 0 0 110 0 4 0 1 0 0 0 0 176 0 59 216 6 905 0 0 0 0 0 0 3
1 3 87 0 0 0 0 0 0 0 0 0 0 0 0 2 13 0 0 0 0 1 29 1 0 4 270 1 0 3 0 0 0 11 0 0 0 0 0 1 64 5 0 0 0 0 0 15 2 0 422 0 38 0 8 0 2276 0 0 1227 2661 24 0 36 0 0 1 18
0 0 0 227 0 13 1 0 25 27 0 38 2 0 11 0 0 0 0 125 0 1 0 83 0 0 0 72 0 0 0 0 0 0 1 0 0 0 9 30 4 4 65 245 3 311 1 2 23 0 0 0 0 2666 0 0 0 341 1 0 0 2405 14 0 0 0 0 9
0 0 0 1 5 6 0 0 3 1 0 4 8 0 5 0 0 0 0 2 0 0 0 0 4 0 0 0 0 0 1 0 0 0 0 0 0 9 0 337 1 0 126 1 133 46 45 1 614 0 0 0 0 4 0 6 0 54 0 0 1 19 1 0 0 27 0 152
0 0 0 4 6 21 1 6 7 10 0 46 8 4 13 0 0 0 0 15 0 0 0 22 1 0 0 41 14 0 0 0 2 7 6 0 1 30 337 0 209 1152 62 1575 89 2931 3 30 824 0 0 2 0 129 0 2 0 45 0 2 0 228 18 0 0 11 0 15
0 0 0 0 0 4 1 0 1 0 0 3 0 2 1 0 0 0 0 2 0 0 0 20 0 0 0 13 2 0 0 0 0 3 906 0 64 4 1 209 0 329 4 1913 32 30 2 1723 14 13 33 1 23 5 201 1 382 88 0 5 7 3948 285 1965 0 0 11 115
0 0 0 0 0 1 0 0 1 0 0 1 1 1 0 0 0 0 0 0 0 0 0 1 0 0 0 1 1 0 0 0 0 0 179 0 5 4 0 1152 329 0 4 300 27 34 2 2010 57 0 3 2 3 6 7 0 36 1 0 0 1 5 75 17 0 155 0 20
0 2 0 23 0 5 4 0 269 35 1 22 5 3 11 0 0 0 0 31 1 24 0 86 0 0 4 88 1 0 0 0 1 2 3 23 0 65 126 62 4 4 0 25 18 402 56 2 255 0 0 0 1 67 0 187 0 1804 68 1 87 134 22 1 0 5 6 24
0 0 0 3 0 34 0 5 11 35 0 29 5 0 11 0 0 0 0 149 0 0 0 54 0 0 0 47 0 0 0 0 0 0 8 0 0 245 1 1575 1913 300 25 0 27 1777 0 193 17 0 0 0 1 1171 0 0 0 58 0 0 0 1998 109 0 0 1 1 98
0 2 0 1 3 9 1 1 1 5 27 7 130 2 13 0 0 1 0 2 0 0 0 1 25 2 5 2 7 0 2 0 0 6 4 0 0 3 133 89 32 27 18 27 0 72 933 43 42 0 13 1735 47 28 0 0 4 3 7 607 28 27 276 5 132 157 0 1407
0 0 0 55 3 54 1 8 21 46 0 624 4 0 19 0 0 0 0 117 0 0 0 41 0 0 0 65 3 0 0 0 0 8 5 0 0 311 46 2931 30 34 402 1777 72 0 0 111 504 0 0 6 0 1963 0 0 0 166 0 5 11 383 136 0 0 3 3 110
0 16 0 0 0 0 1 1 7 0 99 0 741 0 1 0 0 3 1 0 0 25 0 3 255 26 170 0 1 0 49 1 0 5 0 110 0 1 45 3 2 2 56 0 933 0 0 1 8 0 0 0 0 0 0 57 0 44 677 39 662 1 28 0 340 49 0 79
0 0 0 0 0 0 0 0 0 0 0 1 2 1 0 0 0 0 0 0 0 0 0 5 0 0 0 3 0 0 0 0 0 0 1131 0 15 2 1 30 1723 2010 2 193 43 111 1 0 7 0 38 6 14 11 32 0 101 6 0 5 4 63 1666 136 0 1 2 44
0 0 0 15 14 14 4 2 6 21 0 59 20 0 12 0 0 0 0 19 2 0 0 21 0 0 0 29 4 1 0 1 1 13 2 4 2 23 614 824 14 57 255 17 42 504 8 7 0 6 1 0 0 26 80 11 39 192 10 1 34 168 27 1 0 5 5 18
0 0 0 0 0 1 2 0 1 0 0 0 1 0 1 562 2 0 0 0 72 28 301 62 0 0 142 25 7 16 0 0 0 12 0 0 0 0 0 0 13 0 0 0 0 0 0 0 6 0 0 0 0 0 606 883 659 709 0 0 984 242 1 0 0 0 0 4
0 1 5 0 0 0 0 0 1 0 0 0 0 0 0 1 3 0 0 0 0 0 1 0 0 11 21 0 0 0 0 0 0 2 6 1 422 0 0 0 33 3 0 0 13 0 0 38 1 0 0 59 1038 0 9 0 924 0 0 651 495 1 4 98 0 0 1 1124
0 0 0 0 0 0 0 0 0 0 0 0 0 0 0 0 0 1 0 0 0 0 0 0 0 1 1 0 0 0 0 0 0 0 1 0 0 0 0 2 1 2 0 0 1735 6 0 6 0 0 59 0 552 0 0 0 1 0 0 220 5 1 7 0 0 1 0 307
0 0 1 0 0 0 0 0 1 0 1 0 0 0 0 0 0 0 0 0 0 0 0 0 0 2 5 0 0 0 0 0 0 0 13 0 38 0 0 0 23 3 1 1 47 0 0 14 0 0 1038 552 0 0 3 2 31 1 0 876 29 6 2 39 0 0 0 433
0 0 0 84 6 58 2 2 27 146 0 82 9 1 18 0 0 0 0 215 0 2 0 58 0 0 0 204 0 0 0 0 0 0 1 0 0 2666 4 129 5 6 67 1171 28 1963 0 11 26 0 0 0 0 0 0 0 0 94 0 0 0 1142 27 0 0 0 1 11
0 0 0 0 0 0 0 0 0 0 0 0 0 0 4 44 0 0 0 0 57 1 22 18 0 0 2 13 2 24 0 0 0 9 4 0 8 0 0 0 201 7 0 0 0 0 0 32 80 606 9 0 3 0 0 5 4511 3 0 0 42 1520 50 1963 0 0 13 853
0 25 2 0 0 0 1 0 2 0 0 0 0 0 0 89 2 0 0 0 8 153 8 18 1 6 135 7 1 0 0 0 0 1 0 176 0 0 6 2 1 0 187 0 0 0 57 0 11 883 0 0 2 0 5 0 19 945 61 6 949 22 0 2 0 0 0 2
0 0 79 0 0 0 0 0 1 0 0 0 0 0 4 262 1 0 0 0 23 3 483 7 0 0 342 2 0 6 0 0 0 17 8 0 2276 0 0 0 382 36 0 0 4 0 0 101 39 659 924 1 31 0 4511 19 0 1 0 61 1819 222 27 666 0 0 2 991
0 1 0 58 2 54 3 9 100 92 0 55 2 13 23 91 1 0 0 74 97 76 14 929 4 0 38 368 22 34 0 0 4 32 8 59 0 341 54 45 88 1 1804 58 3 166 44 6 192 709 0 0 1 94 3 945 1 0 81 5 874 2652 93 4 0 1 28 73
0 39 0 0 0 0 0 0 7 0 4 0 79 0 0 0 0 3 0 0 0 3 0 2 368 12 142 0 1 0 2 0 0 0 0 216 0 1 0 0 0 0 68 0 7 0 677 0 10 0 0 0 0 0 0 61 0 81 0 4 809 0 0 0 0 2 0 5
0 9 2 0 0 0 0 0 1 0 12 0 16 0 0 0 3 5 4 0 0 2 0 0 6 227 317 0 1 0 11 0 0 5 3 6 1227 0 0 2 5 0 1 0 607 5 39 5 1 0 651 220 876 0 0 6 61 5 4 0 2936 3 6 1 204 3 0 123
0 232 232 0 0 0 0 0 9 0 18 0 59 0 2 149 88 17 15 0 2 53 306 41 171 546 4247 3 1 1 23 0 0 103 2 905 2661 0 1 0 7 1 87 0 28 11 662 4 34 984 495 5 29 0 42 949 1819 874 809 2936 0 157 2 1 205 0 0 474
3 0 0 37 1 71 3 7 53 61 0 53 3 22 31 25 0 0 0 252 23 7 7 394 0 0 5 295 13 20 0 0 3 40 41 0 24 2405 19 228 3948 5 134 1998 27 383 1 63 168 242 1 1 6 1142 1520 22 222 2652 0 3 157 0 305 1547 0 3 97 450
0 0 0 2 0 5 0 0 11 2 0 8 2 0 6 3 0 0 0 0 5 0 0 48 2 0 0 24 0 3 0 0 0 10 1607 0 0 14 1 18 285 75 22 109 276 136 28 1666 27 1 4 7 2 27 50 0 27 93 0 6 2 305 0 928 1 62 1220 1027
0 0 1 0 0 0 0 0 0 0 0 1 0 0 0 7 0 0 0 0 22 0 2 18 0 0 1 20 2 15 0 0 1 17 400 0 36 0 0 0 1965 17 1 0 5 0 0 136 1 0 98 0 39 0 1963 2 666 4 0 1 1 1547 928 0 0 0 246 922
0 0 0 0 0 0 0 0 0 0 34 0 40 1 0 0 0 2 0 0 0 0 0 0 3 18 41 0 0 0 22 0 0 0 0 0 0 0 0 0 0 0 0 0 132 0 340 0 0 0 0 0 0 0 0 0 0 0 0 204 205 0 1 0 0 0 0 4
0 0 0 0 0 0 0 0 0 0 2 0 9 0 0 0 0 0 0 0 0 0 0 1 6 0 0 0 0 0 0 0 0 0 0 0 0 0 27 11 0 155 5 1 157 3 49 1 5 0 0 1 0 0 0 0 0 1 2 3 0 3 62 0 0 0 0 422
0 0 0 0 0 2 0 0 4 0 0 1 0 0 1 2 0 0 0 0 2 0 1 18 0 0 0 10 2 2 0 0 1 8 10 0 1 0 0 0 11 0 6 1 0 3 0 2 5 0 1 0 0 1 13 0 2 28 0 0 0 97 1220 246 0 0 0 373
0 0 5 0 0 19 0 1 11 0 2 12 13 2 7 3 2 0 0 0 11 0 5 65 6 9 34 49 4 9 0 0 1 15 42 3 18 9 152 15 115 20 24 98 1407 110 79 44 18 4 1124 307 433 11 853 2 991 73 5 123 474 450 1027 922 4 422 373 0
