0 0 54 0 0 4 384 77 0 18 6 0 0 1646 0 0 34 2 1 1 7 0 47 0 0 7 2 9 910 320 0 1 3 14 0 0 0 0 0 0 0 0 0 0 0 0 0 0 0 0 0 0 0 0 0 0 0 0 0 0 0 1 0 0 0 0 0 0
0 0 1 0 1 0 0 0 51 0 1 2 72 0 22 8 3 0 1 0 1 472 0 129 669 5 1921 2 0 0 0 0 0 8 0 138 2 0 0 0 0 0 1 0 1 0 21 0 0 0 0 0 0 0 0 14 0 1 14 10 320 0 0 0 1 0 0 1
54 1 0 0 0 18 62 229 0 4 0 1 0 153 0 0 1734 0 3 0 154 0 3460 0 0 1884 3258 81 20 33 0 0 0 34 0 4 156 0 0 0 0 0 0 0 0 0 0 0 0 2 8 0 0 0 1 1 23 0 0 13 429 0 0 0 0 0 0 2
0 0 0 0 5 10 10 1 135 1384 0 604 4 2 39 0 0 0 0 1532 0 0 0 983 0 0 0 1535 9 0 0 0 2 12 0 0 0 160 0 2 0 0 9 6 0 72 0 0 7 0 0 0 0 58 0 0 0 46 0 0 0 26 0 0 0 0 0 0
0 1 0 5 0 253 1 3 169 4 21 77 123 0 498 0 0 0 0 7 0 1 0 18 0 0 0 4 1 0 0 187 0 230 0 0 0 0 0 0 0 0 2 0 0 1 1 0 1 0 0 0 0 0 0 0 0 0 0 0 0 0 0 0 0 0 0 0
4 0 18 10 253 0 382 2343 113 2444 72 4607 60 75 368 0 1 3 1 259 7 0 14 33 0 7 0 53 115 1 1 40 2 52 0 0 0 1 0 16 1 7 15 0 3 150 0 1 11 0 0 0 0 22 1 0 0 42 0 0 0 26 2 0 0 2 0 6
384 0 62 10 1 382 0 942 14 1950 1 25 10 1018 13 0 3 0 1 21 45 0 64 138 0 0 1 4873 184 1102 0 0 10 98 0 0 0 0 0 0 0 0 3 0 0 4 0 0 0 0 0 0 0 6 0 0 0 6 0 0 0 1 0 0 0 0 0 0
77 0 229 1 3 2343 942 0 25 1063 7 121 23 3703 61 0 46 3 1 27 30 0 160 6 0 2 0 25 53 68 1 389 0 45 1 0 0 0 0 1 0 3 1 0 0 9 0 1 1 0 0 0 0 0 0 0 0 6 0 0 0 1 1 0 0 0 0 0
0 51 0 135 169 113 14 25 0 59 13 450 77 5 726 0 1 0 5 104 6 423 0 2205 98 9 106 176 22 26 0 13 0 16 0 0 1 42 3 2 3 1 133 30 0 173 2 1 8 2 1 0 0 51 4 8 0 141 2 0 2 63 5 6 0 0 0 1
18 0 4 1384 4 2444 1950 1063 59 0 11 532 31 313 33 0 0 1 1 1957 4 0 2 50 0 0 0 609 228 2 0 2 3 186 0 0 0 4 0 1 0 0 24 0 0 118 0 0 4 0 0 0 0 37 0 0 0 130 0 0 0 3 0 0 0 0 0 0
6 1 0 0 21 72 1 7 13 11 0 43 403 19 4 0 91 879 242 4 0 2 0 1 8 494 8 0 300 2 38 84 1 1395 0 0 0 0 0 0 0 0 0 0 58 0 104 0 0 0 0 0 0 0 0 0 0 0 9 47 13 0 0 0 17 3 0 1
0 2 1 604 77 4607 25 121 450 532 43 0 42 30 535 0 2 2 3 1219 0 1 1 422 0 9 3 104 78 0 1 3 0 80 1 0 0 69 0 42 5 1 25 30 0 557 0 1 29 0 0 0 0 150 0 0 0 133 0 0 0 75 5 1 0 0 0 13
0 72 0 4 123 60 10 23 77 31 403 42 0 6 28 1 0 2 0 24 7 42 1 5 911 51 529 15 89 2 234 111 0 530 0 28 0 0 3 8 0 14 12 0 312 20 435 11 6 0 0 2 0 8 0 0 0 1 201 80 51 1 12 1 54 9 0 15
1646 0 153 2 0 75 1018 3703 5 313 19 30 6 0 2 0 102 2 3 10 16 0 114 1 0 4 1 11 1628 479 0 59 0 35 0 0 0 0 0 1 0 0 1 0 1 0 0 0 0 0 0 0 0 0 0 0 0 1 0 0 0 0 0 0 0 0 0 0
0 22 0 39 498 368 13 61 726 33 4 535 28 2 0 0 0 1 0 22 2 18 1 150 2 1 10 51 8 1 0 14 0 14 0 0 0 3 0 0 1 0 7 2 1 14 0 1 1 1 0 0 0 19 0 4 0 15 0 0 0 13 1 1 0 1 0 2
0 8 0 0 0 0 0 0 0 0 0 0 1 0 0 0 4 0 0 0 785 926 1205 315 0 0 780 102 0 0 0 0 0 1 0 1 5 0 0 0 1 0 0 0 0 0 0 0 0 702 0 0 0 0 60 17 187 65 0 1 75 10 0 8 0 0 0 1
34 3 1734 0 0 1 3 46 1 0 91 2 0 102 0 4 0 66 1360 0 49 2 1269 1 0 577 428 1 129 86 0 0 9 1889 0 0 16 0 0 0 0 0 0 0 0 0 0 0 0 1 2 0 2 0 0 0 0 0 0 5 34 0 0 0 0 0 0 0
2 0 0 0 0 3 0 3 0 1 879 2 2 2 1 0 66 0 523 0 0 0 0 0 0 422 2 0 8 1 0 0 1 45 0 0 0 0 0 0 0 0 0 0 1 0 6 0 0 0 0 0 0 0 0 0 0 0 2 2 3 0 0 0 0 0 0 0
1 1 3 0 0 1 1 1 5 1 242 3 0 3 0 0 1360 523 0 0 1 1 0 1 0 1476 100 1 12 7 0 0 1 297 0 1 0 0 0 0 0 0 0 0 0 0 5 0 0 0 0 0 0 0 0 0 0 0 0 10 41 0 0 0 4 0 0 0
1 0 0 1532 7 259 21 27 104 1957 4 1219 24 10 22 0 0 0 0 0 0 0 0 189 0 0 0 176 65 0 0 0 0 46 0 0 0 57 0 11 1 0 29 10 0 163 0 0 12 0 0 0 0 180 0 0 0 226 0 0 0 68 0 1 0 0 0 2
7 1 154 0 0 7 45 30 6 4 0 0 7 16 2 785 49 0 1 0 0 8 6336 6 0 1 37 2571 34 2205 0 0 2 1426 0 0 0 0 0 0 0 0 0 0 0 0 0 0 0 44 0 0 0 0 93 2 22 25 0 0 1 5 0 28 0 0 0 0
0 472 0 0 1 0 0 0 423 0 2 1 42 0 18 926 2 0 1 0 8 0 4 1015 97 2 565 39 0 0 0 0 0 2 0 24 2 1 0 0 0 0 5 0 3 0 8 0 0 60 0 0 0 0 4 98 3 35 5 1 62 11 0 5 0 0 0 1
47 0 3460 0 0 14 64 160 0 2 0 1 1 114 1 1205 1269 0 0 0 6336 4 0 2 0 6 1898 438 95 391 0 0 11 1501 0 0 12 0 0 0 1 0 0 0 0 0 0 0 0 408 0 0 0 0 14 5 376 17 0 0 166 2 1 3 0 0 0 0
0 129 0 983 18 33 138 6 2205 50 1 422 5 1 150 315 1 0 1 189 6 1015 2 0 37 0 392 1701 13 6 0 0 10 29 2 2 3 42 0 4 5 2 71 21 0 49 0 2 15 158 0 0 0 55 49 20 11 382 0 0 11 170 23 26 0 0 5 24
0 669 0 0 0 0 0 0 98 0 8 0 911 0 2 0 0 0 0 0 0 97 0 37 0 5 1662 0 2 0 1 0 0 4 0 106 0 0 0 0 0 0 3 0 28 0 68 0 0 0 0 0 0 0 0 1 0 2 205 8 136 0 0 0 5 0 0 1
7 5 1884 0 0 7 0 2 9 0 494 9 51 4 1 0 577 422 1476 0 1 2 6 0 5 0 3125 3 22 2 235 2 0 103 0 12 16 0 0 0 0 0 0 0 21 0 200 0 0 0 7 0 22 0 0 0 0 0 21 359 704 0 0 0 35 0 0 5
2 1921 3258 0 0 0 1 0 106 0 8 3 529 1 10 780 428 2 100 0 37 565 1898 392 1662 3125 0 256 13 0 51 0 0 440 0 130 240 0 0 0 0 0 0 0 28 0 332 0 0 304 14 0 29 0 2 47 306 7 112 406 3921 0 0 0 44 0 0 9
9 2 81 1535 4 53 4873 25 176 609 0 104 15 11 51 102 1 0 1 176 2571 39 438 1701 0 3 256 0 79 1572 0 0 20 194 3 0 0 4 0 1 6 0 22 0 0 65 0 1 6 56 0 0 0 56 55 5 19 217 0 0 12 117 18 59 0 0 7 31
910 0 20 9 1 115 184 53 22 228 300 78 89 1628 8 0 129 8 12 65 34 0 95 13 2 22 13 79 0 1178 2 219 957 1120 2 0 0 0 0 1 0 4 4 0 2 2 1 6 2 1 0 0 0 0 0 1 0 2 0 0 0 7 3 2 0 0 1 6
320 0 33 0 0 1 1102 68 26 2 2 0 2 479 1 0 86 1 7 0 2205 0 391 6 0 2 0 1572 1178 0 0 0 323 1235 2 0 0 0 0 0 2 0 4 0 0 0 0 0 2 6 2 0 0 0 55 4 4 27 0 0 0 44 22 38 0 0 3 27
0 0 0 0 0 1 0 1 0 0 38 1 234 0 0 0 0 0 0 0 0 0 0 0 1 235 51 0 2 0 0 0 0 4 0 1 0 0 0 0 0 0 0 0 13 0 48 0 0 0 0 0 0 0 0 0 0 0 1 8 7 0 0 0 6 0 0 0
1 0 0 0 187 40 0 389 13 2 84 3 111 59 14 0 0 0 0 0 0 0 0 0 0 2 0 0 219 0 0 0 0 292 0 0 0 0 0 0 0 0 0 0 0 0 0 0 0 0 0 0 0 0 0 0 0 0 0 0 0 0 0 0 0 0 0 2
3 0 0 2 0 2 10 0 0 3 1 0 0 0 0 0 9 1 1 0 2 0 11 10 0 0 0 20 957 323 0 0 0 358 0 0 0 0 0 0 0 0 1 0 0 0 0 0 0 0 0 0 0 0 0 0 0 0 0 0 0 0 0 0 0 0 0 0
14 8 34 12 230 52 98 45 16 186 1395 80 530 35 14 1 1889 45 297 46 1426 2 1501 29 4 103 440 194 1120 1235 4 292 358 0 0 3 5 0 0 1 0 1 8 0 1 1 0 1 2 1 0 0 1 0 1 1 4 4 0 13 93 5 2 2 0 0 0 1
0 0 0 0 0 0 0 1 0 0 0 1 0 0 0 0 0 0 0 0 0 0 0 2 0 0 0 3 2 2 0 0 0 0 0 0 1 3 0 14 1190 110 0 11 5 6 0 709 1 0 35 1 14 2 7 2 2 1 0 12 3 19 1145 252 0 0 5 52
0 138 4 0 0 0 0 0 0 0 0 0 28 0 0 1 0 0 1 0 0 24 0 2 106 12 130 0 0 0 1 0 0 3 0 0 0 0 0 0 2 0 62 0 6 0 47 0 0 0 1 0 0 0 0 359 1 50 753 0 1287 0 0 0 0 0 0 0
0 2 156 0 0 0 0 0 1 0 0 0 0 0 0 5 16 0 0 0 0 2 12 3 0 16 240 0 0 0 0 0 0 5 1 0 0 0 0 16 234 76 0 0 0 1 0 136 0 1 214 0 4 0 128 4 2989 1 0 2372 1915 88 2 28 0 0 0 26
0 0 0 160 0 1 0 0 42 4 0 69 0 0 3 0 0 0 0 57 0 1 0 42 0 0 0 4 0 0 0 0 0 0 3 0 0 0 8 36 5 11 85 835 2 680 0 13 22 0 0 0 0 2251 0 0 0 760 0 0 0 1645 39 0 0 0 0 40
0 0 0 0 0 0 0 0 3 0 0 0 3 0 0 0 0 0 0 0 0 0 0 0 0 0 0 0 0 0 0 0 0 0 0 0 0 8 0 216 0 28 176 1 21 44 9 0 551 0 0 0 0 7 0 12 0 70 0 0 0 10 2 0 0 278 0 11
0 0 0 2 0 16 0 1 2 1 0 42 8 1 0 0 0 0 0 11 0 0 0 4 0 0 0 1 1 0 0 0 0 1 14 0 16 36 216 0 359 2565 26 2584 6 3191 0 55 328 0 0 0 0 142 1 1 2 50 0 4 3 218 21 0 0 12 0 17
0 0 0 0 0 1 0 0 3 0 0 5 0 0 1 1 0 0 0 1 0 0 1 5 0 0 0 6 0 2 0 0 0 0 1190 2 234 5 0 359 0 478 10 1428 7 71 0 1851 6 1 212 0 18 7 84 0 251 169 0 84 27 3240 277 3143 0 0 17 113
0 0 0 0 0 7 0 3 1 0 0 1 14 0 0 0 0 0 0 0 0 0 0 2 0 0 0 0 4 0 0 0 0 1 110 0 76 11 28 2565 478 0 13 485 29 95 1 2858 65 0 3 1 1 47 5 0 31 2 0 13 1 31 45 3 0 286 0 40
0 1 0 9 2 15 3 1 133 24 0 25 12 1 7 0 0 0 0 29 0 5 0 71 3 0 0 22 4 4 0 0 1 8 0 62 0 85 176 26 10 13 0 58 28 199 15 17 623 0 1 1 5 96 0 385 1 2248 115 6 262 122 31 4 1 5 0 38
0 0 0 6 0 0 0 0 30 0 0 30 0 0 2 0 0 0 0 10 0 0 0 21 0 0 0 0 0 0 0 0 0 0 11 0 0 835 1 2584 1428 485 58 0 16 1658 0 798 15 0 0 0 0 1555 0 0 1 53 0 0 1 1061 159 0 0 1 1 144
0 1 0 0 0 3 0 0 0 0 58 0 312 1 1 0 0 1 0 0 0 3 0 0 28 21 28 0 2 0 13 0 0 1 5 6 0 2 21 6 7 29 28 16 0 43 934 67 6 0 32 1320 177 14 2 1 1 9 60 1115 9 6 442 0 94 382 0 1283
0 0 0 72 1 150 4 9 173 118 0 557 20 0 14 0 0 0 0 163 0 0 0 49 0 0 0 65 2 0 0 0 0 1 6 0 1 680 44 3191 71 95 199 1658 43 0 0 91 393 0 1 3 2 2236 0 0 2 365 0 9 2 310 163 0 0 1 1 148
0 21 0 0 1 0 0 0 2 0 104 0 435 0 0 0 0 6 5 0 0 8 0 0 68 200 332 0 1 0 48 0 0 0 0 47 0 0 9 0 0 1 15 0 934 0 0 1 0 0 0 0 0 0 0 13 0 0 842 65 587 0 7 0 253 117 0 35
0 0 0 0 0 1 0 1 1 0 0 1 11 0 1 0 0 0 0 0 0 0 0 2 0 0 0 1 6 0 0 0 0 1 709 0 136 13 0 55 1851 2858 17 798 67 91 1 0 23 0 60 4 12 69 9 1 78 5 0 72 2 41 1592 31 2 125 2 225
0 0 0 7 1 11 0 1 8 4 0 29 6 0 1 0 0 0 0 12 0 0 0 15 0 0 0 6 2 2 0 0 0 2 1 0 0 22 551 328 6 65 623 15 6 393 0 23 0 2 0 0 0 20 1 16 1 200 0 4 6 50 20 1 0 6 0 5
0 0 2 0 0 0 0 0 2 0 0 0 0 0 1 702 1 0 0 0 44 60 408 158 0 0 304 56 1 6 0 0 0 1 0 0 1 0 0 0 1 0 0 0 0 0 0 0 2 0 0 0 0 0 715 1449 1243 1022 0 0 811 300 1 3 0 0 0 7
0 0 8 0 0 0 0 0 1 0 0 0 0 0 0 0 2 0 0 0 0 0 0 0 0 7 14 0 0 2 0 0 0 0 35 1 214 0 0 0 212 3 1 0 32 1 0 60 0 0 0 2 477 0 34 2 677 0 0 347 311 6 34 196 0 0 0 1211
0 0 0 0 0 0 0 0 0 0 0 0 2 0 0 0 0 0 0 0 0 0 0 0 0 0 0 0 0 0 0 0 0 0 1 0 0 0 0 0 0 1 1 0 1320 3 0 4 0 0 2 0 910 0 0 0 0 0 0 166 0 0 3 0 0 1 0 18
0 0 0 0 0 0 0 0 0 0 0 0 0 0 0 0 2 0 0 0 0 0 0 0 0 22 29 0 0 0 0 0 0 1 14 0 4 0 0 0 18 1 5 0 177 2 0 12 0 0 477 910 0 0 11 0 12 2 0 2005 63 1 9 24 0 0 0 552
0 0 0 58 0 22 6 0 51 37 0 150 8 0 19 0 0 0 0 180 0 0 0 55 0 0 0 56 0 0 0 0 0 0 2 0 0 2251 7 142 7 47 96 1555 14 2236 0 69 20 0 0 0 0 0 0 0 0 147 0 0 0 415 123 0 0 0 0 108
0 0 1 0 0 1 0 0 4 0 0 0 0 0 0 60 0 0 0 0 93 4 14 49 0 0 2 55 0 55 0 0 0 1 7 0 128 0 0 1 84 5 0 0 2 0 0 9 1 715 34 0 11 0 0 15 4911 17 0 10 24 2463 11 2038 0 0 1 1136
0 14 1 0 0 0 0 0 8 0 0 0 0 0 4 17 0 0 0 0 2 98 5 20 1 0 47 5 1 4 0 0 0 1 2 359 4 0 12 1 0 0 385 0 1 0 13 1 16 1449 2 0 0 0 15 0 28 1025 122 1 1219 19 5 20 0 0 1 7
0 0 23 0 0 0 0 0 0 0 0 0 0 0 0 187 0 0 0 0 22 3 376 11 0 0 306 19 0 4 0 0 0 4 2 1 2989 0 0 2 251 31 1 1 1 2 0 78 1 1243 677 0 12 0 4911 28 0 6 0 332 1987 325 17 208 0 0 5 1105
0 1 0 46 0 42 6 6 141 130 0 133 1 1 15 65 0 0 0 226 25 35 17 382 2 0 7 217 2 27 0 0 0 4 1 50 1 760 70 50 169 2 2248 53 9 365 0 5 200 1022 0 0 2 147 17 1025 6 0 41 0 475 2371 22 8 0 2 3 44
0 14 0 0 0 0 0 0 2 0 9 0 201 0 0 0 0 2 0 0 0 5 0 0 205 21 112 0 0 0 1 0 0 0 0 753 0 0 0 0 0 0 115 0 60 0 842 0 0 0 0 0 0 0 0 122 0 41 0 1 1260 0 1 0 3 4 0 6
0 10 13 0 0 0 0 0 0 0 47 0 80 0 0 1 5 2 10 0 0 1 0 0 8 359 406 0 0 0 8 0 0 13 12 0 2372 0 0 4 84 13 6 0 1115 9 65 72 4 0 347 166 2005 0 10 1 332 0 1 0 2246 12 37 19 135 8 0 123
0 320 429 0 0 0 0 0 2 0 13 0 51 0 0 75 34 3 41 0 1 62 166 11 136 704 3921 12 0 0 7 0 0 93 3 1287 1915 0 0 3 27 1 262 1 9 2 587 2 6 811 311 0 63 0 24 1219 1987 475 1260 2246 0 137 1 5 26 0 0 249
1 0 0 26 0 26 1 1 63 3 0 75 1 0 13 10 0 0 0 68 5 11 2 170 0 0 0 117 7 44 0 0 0 5 19 0 88 1645 10 218 3240 31 122 1061 6 310 0 41 50 300 6 0 1 415 2463 19 325 2371 0 12 137 0 221 838 0 0 41 389
0 0 0 0 0 2 0 1 5 0 0 5 12 0 1 0 0 0 0 0 0 0 1 23 0 0 0 18 3 22 0 0 0 2 1145 0 2 39 2 21 277 45 31 159 442 163 7 1592 20 1 34 3 9 123 11 5 17 22 1 37 1 221 0 885 1 209 844 1347
0 0 0 0 0 0 0 0 6 0 0 1 1 0 1 8 0 0 0 1 28 5 3 26 0 0 0 59 2 38 0 0 0 2 252 0 28 0 0 0 3143 3 4 0 0 0 0 31 1 3 196 0 24 0 2038 20 208 8 0 19 5 838 885 0 0 0 227 1119
0 1 0 0 0 0 0 0 0 0 17 0 54 0 0 0 0 0 4 0 0 0 0 0 5 35 44 0 0 0 6 0 0 0 0 0 0 0 0 0 0 0 1 0 94 0 253 2 0 0 0 0 0 0 0 0 0 0 3 135 26 0 1 0 0 4 0 2
0 0 0 0 0 2 0 0 0 0 3 0 9 0 1 0 0 0 0 0 0 0 0 0 0 0 0 0 0 0 0 0 0 0 0 0 0 0 278 12 0 286 5 1 382 1 117 125 6 0 0 1 0 0 0 0 0 2 4 8 0 0 209 0 4 0 0 361
0 0 0 0 0 0 0 0 0 0 0 0 0 0 0 0 0 0 0 0 0 0 0 5 0 0 0 7 1 3 0 0 0 0 5 0 0 0 0 0 17 0 0 1 0 1 0 2 0 0 0 0 0 0 1 1 5 3 0 0 0 41 844 227 0 0 0 217
0 1 2 0 0 6 0 0 1 0 1 13 15 0 2 1 0 0 0 2 0 1 0 24 1 5 9 31 6 27 0 2 0 1 52 0 26 40 11 17 113 40 38 144 1283 148 35 225 5 7 1211 18 552 108 1136 7 1105 44 6 123 249 389 1347 1119 2 361 217 0
