0 0 4 0 0 0 154 5 0 3 1 0 0 1252 0 0 54 2 2 0 3 1 37 1 0 12 0 4 923 674 0 0 0 14 0 0 0 0 0 0 0 0 1 0 0 0 0 0 0 0 0 0 0 0 0 0 0 0 0 0 0 0 0 0 0 0 0 0
0 0 2 0 1 1 0 1 63 0 0 1 73 0 15 4 9 1 10 0 2 397 0 88 431 20 1805 3 1 0 1 0 0 4 0 350 1 0 0 0 0 0 1 0 0 0 4 0 0 2 6 1 5 0 0 3 2 3 18 11 106 0 0 0 1 0 0 1
4 2 0 0 1 8 90 108 0 16 0 0 1 87 5 3 399 1 12 0 27 2 3105 3 0 1682 1989 77 20 27 0 0 1 251 0 2 40 0 0 0 0 0 0 0 0 0 0 0 0 8 2 1 1 0 0 3 25 5 0 2 105 1 0 2 0 0 0 0
0 0 0 0 9 33 25 22 100 875 0 807 7 6 25 0 0 0 0 3269 0 0 0 734 0 0 0 1656 47 0 0 0 2 28 0 0 0 123 0 11 3 0 39 14 0 124 0 0 9 0 0 0 0 40 0 1 0 115 0 0 0 18 0 0 0 0 0 0
0 1 1 9 0 292 0 8 76 5 9 56 121 0 1017 1 0 0 0 8 9 9 19 43 0 1 0 31 1 1 0 35 0 298 0 0 0 0 2 1 0 0 2 1 0 1 0 0 6 0 0 0 0 0 0 0 0 0 0 0 0 0 0 0 0 1 0 0
0 1 8 33 292 0 195 2127 95 2061 39 3512 70 20 963 0 1 2 3 70 1 3 9 34 0 8 1 85 32 0 1 10 1 43 0 0 0 1 1 16 0 3 10 4 0 56 0 2 5 0 0 0 0 6 0 1 0 19 0 0 0 6 0 0 0 3 0 5
154 0 90 25 0 195 0 364 20 1577 14 16 8 1607 14 0 4 2 4 7 35 1 159 145 0 22 5 5926 104 973 0 0 5 40 0 0 0 0 0 3 2 5 7 6 0 41 0 0 0 0 0 0 0 13 1 0 0 11 0 0 0 3 0 0 0 0 0 0
5 1 108 22 8 2127 364 0 14 1323 4 701 9 1111 31 0 37 4 5 37 40 0 237 10 0 83 6 56 11 45 0 1 0 10 0 0 0 0 0 3 0 0 2 0 0 3 0 0 1 0 0 0 0 0 0 0 0 4 0 0 0 0 0 0 0 0 0 0
0 63 0 100 76 95 20 14 0 28 9 405 43 11 359 0 0 0 1 78 1 321 1 2092 51 3 132 143 14 0 0 1 3 22 0 1 0 32 0 13 1 2 316 36 0 67 3 6 4 0 0 0 0 44 0 18 0 81 4 0 2 105 1 0 0 1 0 4
3 0 16 875 5 2061 1577 1323 28 0 40 1947 43 340 31 0 1 1 2 990 18 0 45 58 0 5 1 1817 213 6 0 2 1 143 0 0 0 1 0 9 3 6 20 22 0 152 0 0 4 0 0 0 0 23 0 0 0 76 0 0 0 11 0 0 0 0 0 0
1 0 0 0 9 39 14 4 9 40 0 46 606 16 5 0 31 1198 493 2 1 1 0 17 31 1026 6 19 151 2 10 142 1 1346 0 1 0 0 0 0 0 0 6 0 52 0 102 0 0 0 0 3 0 0 0 0 0 0 9 15 21 0 0 0 11 0 0 1
0 1 0 807 56 3512 16 701 405 1947 46 0 54 98 477 0 0 5 2 1480 0 0 0 765 0 0 2 261 142 0 0 20 0 91 0 0 0 10 3 48 0 1 26 35 0 257 0 1 31 0 0 0 0 69 0 0 0 33 0 0 0 30 0 0 0 0 0 4
0 73 1 7 121 70 8 9 43 43 606 54 0 4 34 0 0 5 0 19 1 47 5 26 1234 111 567 24 15 1 262 139 1 379 0 15 0 1 4 22 0 15 7 3 145 15 1121 1 7 0 0 1 0 6 1 6 0 7 254 23 83 3 1 0 23 11 0 84
1252 0 87 6 0 20 1607 1111 11 340 16 98 4 0 6 0 127 0 4 25 22 6 322 7 0 50 6 54 1309 764 0 1 0 19 0 0 0 0 0 0 0 0 1 0 0 1 0 0 0 0 0 0 0 0 0 1 0 1 0 0 0 0 0 1 0 0 0 0
0 15 5 25 1017 963 14 31 359 31 5 477 34 6 0 1 0 0 1 23 38 18 11 132 2 0 15 127 9 2 0 4 2 16 0 0 0 1 5 6 0 1 19 4 0 42 0 0 6 0 0 0 0 3 0 2 1 9 0 0 0 3 0 0 0 0 0 3
0 4 3 0 1 0 0 0 0 0 0 0 0 0 1 0 1 0 1 0 433 981 806 1150 0 7 909 81 0 3 0 1 0 23 0 2 0 0 0 0 0 0 3 0 0 0 0 1 2 870 1 0 0 0 43 59 135 76 0 2 215 74 0 10 0 0 0 2
54 9 399 0 0 1 4 37 0 1 31 0 0 127 0 1 0 32 1348 0 23 1 1213 4 0 399 178 2 220 97 0 0 16 1381 0 20 7 0 0 0 0 0 1 0 0 0 0 0 0 0 5 0 1 0 0 5 3 0 0 10 97 0 0 0 0 0 0 3
2 1 1 0 0 2 2 4 0 1 1198 5 5 0 0 0 32 0 585 0 0 0 0 0 0 395 11 1 16 1 0 1 1 110 0 5 0 0 0 0 0 0 0 0 1 0 2 0 0 0 0 0 1 0 0 0 0 0 5 19 23 0 0 0 1 0 0 0
2 10 12 0 0 3 4 5 1 2 493 2 0 4 1 1 1348 585 0 0 2 2 1 0 0 1029 90 3 35 0 0 0 13 721 0 8 1 0 0 0 0 0 0 0 1 0 2 0 0 1 4 0 5 0 0 0 0 0 0 13 38 0 0 0 0 0 0 1
0 0 0 3269 8 70 7 37 78 990 2 1480 19 25 23 0 0 0 0 0 0 0 0 110 0 0 0 439 56 0 0 1 0 49 0 0 0 17 0 17 4 2 24 28 0 140 0 0 16 0 0 0 0 66 0 0 0 87 0 0 0 36 0 0 0 0 0 0
3 2 27 0 9 1 35 40 1 18 1 0 1 22 38 433 23 0 2 0 0 13 5303 41 0 0 4 1159 32 2371 0 0 10 1342 1 0 0 0 0 0 0 0 0 0 0 0 0 0 0 24 0 0 0 0 21 6 8 34 0 0 1 25 1 14 0 0 0 2
1 397 2 0 9 3 1 0 321 0 1 0 47 6 18 981 1 0 2 0 13 0 7 944 49 7 964 13 4 57 0 0 0 11 0 13 0 0 0 0 0 0 16 1 1 1 3 0 0 40 9 0 0 0 4 230 2 28 2 1 61 7 0 0 0 0 0 0
37 0 3105 0 19 9 159 237 1 45 0 0 5 322 11 806 1213 0 1 0 5303 7 0 152 0 130 1359 357 89 650 0 0 12 1616 0 0 32 0 0 0 0 0 0 0 0 0 0 0 0 225 0 0 0 0 3 11 121 12 0 1 287 13 0 0 0 0 0 1
1 88 3 734 43 34 145 10 2092 58 17 765 26 7 132 1150 4 0 0 110 41 944 152 0 30 11 604 2145 57 21 0 1 11 70 0 6 1 25 1 8 1 4 271 51 0 46 0 0 4 37 0 0 0 79 10 30 3 377 0 1 16 216 3 12 0 0 1 13
0 431 0 0 0 0 0 0 51 0 31 0 1234 0 2 0 0 0 0 0 0 49 0 30 0 12 1433 0 0 0 8 0 0 1 0 63 0 0 0 0 0 0 0 0 10 0 97 0 0 0 0 0 0 0 0 4 0 1 438 12 81 0 0 0 3 0 0 1
12 20 1682 0 1 8 22 83 3 5 1026 0 111 50 0 7 399 395 1029 0 0 7 130 11 12 0 4036 0 19 15 199 1 1 77 0 66 3 0 0 0 0 0 0 0 13 0 78 0 0 1 33 8 22 0 0 6 2 0 57 336 581 0 0 0 18 0 0 6
0 1805 1989 0 0 1 5 6 132 1 6 2 567 6 15 909 178 11 90 0 4 964 1359 604 1433 4036 0 69 6 4 127 0 2 534 0 341 126 0 0 0 0 0 4 0 4 0 45 0 0 107 98 1 26 0 2 69 184 8 80 270 2297 2 1 0 10 0 0 36
4 3 77 1656 31 85 5926 56 143 1817 19 261 24 54 127 81 2 1 3 439 1159 13 357 2145 0 0 69 0 242 2130 0 0 38 304 0 0 0 1 0 4 9 1 100 30 0 102 0 0 14 15 0 0 0 50 5 5 7 199 0 0 5 62 3 4 0 0 0 2
923 1 20 47 1 32 104 11 14 213 151 142 15 1309 9 0 220 16 35 56 32 4 89 57 0 19 6 242 0 1040 1 90 606 1111 0 0 0 0 0 1 0 2 10 0 0 1 0 1 0 3 0 0 0 1 0 0 0 21 0 0 0 9 0 2 0 0 0 2
674 0 27 0 1 0 973 45 0 6 2 0 1 764 2 3 97 1 0 0 2371 57 650 21 0 15 4 2130 1040 0 0 0 168 628 0 2 0 0 0 1 0 0 4 0 0 2 0 0 0 6 0 0 0 0 13 6 5 40 0 0 0 31 0 2 0 0 0 1
0 1 0 0 0 1 0 0 0 0 10 0 262 0 0 0 0 0 0 0 0 0 0 0 8 199 127 0 1 0 0 0 0 0 0 0 0 0 0 0 0 0 0 0 3 0 66 0 0 0 0 0 0 0 0 0 0 0 8 6 26 0 0 0 2 0 0 0
0 0 0 0 35 10 0 1 1 2 142 20 139 1 4 1 0 1 0 1 0 0 0 1 0 1 0 0 90 0 0 0 0 312 0 0 0 0 0 1 0 3 0 0 0 0 0 0 0 0 0 0 0 0 0 0 0 0 0 0 0 0 0 0 0 0 0 1
0 0 1 2 0 1 5 0 3 1 1 0 1 0 2 0 16 1 13 0 10 0 12 11 0 1 2 38 606 168 0 0 0 465 0 0 0 0 0 0 0 0 2 0 0 1 0 0 1 0 0 0 0 1 1 0 0 5 0 0 0 3 0 0 0 0 0 0
14 4 251 28 298 43 40 10 22 143 1346 91 379 19 16 23 1381 110 721 49 1342 11 1616 70 1 77 534 304 1111 628 0 312 465 0 0 12 13 1 1 2 2 2 6 2 0 4 2 0 5 6 8 0 2 1 5 6 6 26 2 11 66 23 0 3 0 1 1 6
0 0 0 0 0 0 0 0 0 0 0 0 0 0 0 0 0 0 0 0 1 0 0 0 0 0 0 0 0 0 0 0 0 0 0 0 4 5 0 3 622 81 2 38 6 10 0 1356 0 0 22 0 1 7 2 0 5 4 0 16 0 9 984 220 0 0 0 32
0 350 2 0 0 0 0 0 1 0 1 0 15 0 0 2 20 5 8 0 0 13 0 6 63 66 341 0 0 2 0 0 0 12 0 0 0 0 0 7 1 1 125 0 0 0 6 2 2 11 46 2 14 0 0 314 2 67 354 86 2138 3 4 0 0 0 0 12
0 1 40 0 0 0 0 0 0 0 0 0 0 0 0 0 7 0 1 0 0 0 32 1 0 3 126 0 0 0 0 0 0 13 4 0 0 0 0 6 258 109 0 1 0 0 0 214 0 0 140 0 2 0 24 0 2008 0 0 1285 1520 14 2 23 0 0 0 23
0 0 0 123 0 1 0 0 32 1 0 10 1 0 1 0 0 0 0 17 0 0 0 25 0 0 0 1 0 0 0 0 0 1 5 0 0 0 2 17 1 5 27 1543 0 602 0 7 12 0 0 0 0 2072 0 0 0 941 0 0 0 2483 19 0 0 0 0 50
0 0 0 0 2 1 0 0 0 0 0 3 4 0 5 0 0 0 0 0 0 0 0 1 0 0 0 0 0 0 0 0 0 1 0 0 0 2 0 137 2 8 86 5 21 50 9 1 1030 2 0 0 0 5 2 4 1 70 0 0 0 40 1 0 0 53 0 144
0 0 0 11 1 16 3 3 13 9 0 48 22 0 6 0 0 0 0 17 0 0 0 8 0 0 0 4 1 1 0 1 0 2 3 7 6 17 137 0 77 2049 120 1996 44 2799 2 93 1194 0 0 2 0 57 0 0 4 72 0 1 7 107 52 1 0 20 2 83
0 0 0 3 0 0 2 0 1 3 0 0 0 0 0 0 0 0 0 4 0 0 0 1 0 0 0 9 0 0 0 0 0 2 622 1 258 1 2 77 0 185 4 1330 2 7 0 2538 7 0 155 0 7 4 42 1 429 42 0 107 31 4109 114 1828 0 0 2 49
0 0 0 0 0 3 5 0 2 6 0 1 15 0 1 0 0 0 0 2 0 0 0 4 0 0 0 1 2 0 0 3 0 2 81 1 109 5 8 2049 185 0 26 908 15 159 1 2663 74 0 27 1 1 18 2 0 48 17 0 85 6 53 46 19 1 134 0 49
1 1 0 39 2 10 7 2 316 20 6 26 7 1 19 3 1 0 0 24 0 16 0 271 0 0 4 100 10 4 0 0 2 6 2 125 0 27 86 120 4 26 0 62 10 361 5 28 234 0 0 3 5 27 0 588 0 2334 115 6 114 179 21 0 0 9 0 22
0 0 0 14 1 4 6 0 36 22 0 35 3 0 4 0 0 0 0 28 0 1 0 51 0 0 0 30 0 0 0 0 0 2 38 0 1 1543 5 1996 1330 908 62 0 37 2765 3 369 39 0 0 1 3 1287 0 0 2 115 0 0 2 2971 204 1 0 2 2 164
0 0 0 0 0 0 0 0 0 0 52 0 145 0 0 0 0 1 1 0 0 1 0 0 10 13 4 0 0 0 3 0 0 0 6 0 0 0 21 44 2 15 10 37 0 64 676 65 3 1 39 1402 126 5 1 0 0 9 164 642 36 9 289 10 62 334 0 1330
0 0 0 124 1 56 41 3 67 152 0 257 15 1 42 0 0 0 0 140 0 1 0 46 0 0 0 102 1 2 0 0 1 4 10 0 0 602 50 2799 7 159 361 2765 64 0 0 149 1320 2 0 3 0 1803 0 0 0 675 0 3 2 387 116 0 0 2 0 139
0 4 0 0 0 0 0 0 3 0 102 0 1121 0 0 0 0 2 2 0 0 3 0 0 97 78 45 0 0 0 66 0 0 2 0 6 0 0 9 2 0 1 5 3 676 0 0 0 9 0 0 16 1 0 0 1 0 7 1299 56 697 2 3 0 401 15 0 120
0 0 0 0 0 2 0 0 6 0 0 1 1 0 0 1 0 0 0 0 0 0 0 0 0 0 0 0 1 0 0 0 0 0 1356 2 214 7 1 93 2538 2663 28 369 65 149 0 0 19 0 46 4 9 47 4 0 106 12 0 180 11 72 1424 151 2 22 1 77
0 0 0 9 6 5 0 1 4 4 0 31 7 0 6 2 0 0 0 16 0 0 0 4 0 0 0 14 0 0 0 0 1 5 0 2 0 12 1030 1194 7 74 234 39 3 1320 9 19 0 11 0 1 0 14 11 4 9 186 0 0 3 93 12 0 0 3 1 24
0 2 8 0 0 0 0 0 0 0 0 0 0 0 0 870 0 0 1 0 24 40 225 37 0 1 107 15 3 6 0 0 0 6 0 11 0 0 2 0 0 0 0 0 1 2 0 0 11 0 1 0 0 0 470 747 1108 869 0 3 1315 439 3 5 0 0 0 16
0 6 2 0 0 0 0 0 0 0 0 0 0 0 0 1 5 0 4 0 0 9 0 0 0 33 98 0 0 0 0 0 0 8 22 46 140 0 0 0 155 27 0 0 39 0 0 46 0 1 0 48 665 0 9 1 753 1 0 1012 204 14 8 126 0 0 1 1160
0 1 1 0 0 0 0 0 0 0 3 0 1 0 0 0 0 0 0 0 0 0 0 0 0 8 1 0 0 0 0 0 0 0 0 2 0 0 0 2 0 1 3 1 1402 3 16 4 1 0 48 0 541 0 1 0 0 1 2 426 19 0 7 3 1 4 0 263
0 5 1 0 0 0 0 0 0 0 0 0 0 0 0 0 1 1 5 0 0 0 0 0 0 22 26 0 0 0 0 0 0 2 1 14 2 0 0 0 7 1 5 3 126 0 1 9 0 0 665 541 0 0 4 1 5 1 1 738 54 2 1 12 0 0 1 518
0 0 0 40 0 6 13 0 44 23 0 69 6 0 3 0 0 0 0 66 0 0 0 79 0 0 0 50 1 0 0 0 1 1 7 0 0 2072 5 57 4 18 27 1287 5 1803 0 47 14 0 0 0 0 0 0 0 0 210 0 0 0 465 88 0 0 0 0 100
0 0 0 0 0 0 1 0 0 0 0 0 1 0 0 43 0 0 0 0 21 4 3 10 0 0 2 5 0 13 0 0 1 5 2 0 24 0 2 0 42 2 0 0 1 0 0 4 11 470 9 1 4 0 0 2 4480 79 0 4 16 1554 22 2160 0 0 14 993
0 3 3 1 0 1 0 0 18 0 0 0 6 1 2 59 5 0 0 0 6 230 11 30 4 6 69 5 0 6 0 0 0 6 0 314 0 0 4 0 1 0 588 0 0 0 1 0 4 747 1 0 1 0 2 0 7 709 59 9 973 43 1 1 0 0 0 4
0 2 25 0 0 0 0 0 0 0 0 0 0 0 1 135 3 0 0 0 8 2 121 3 0 2 184 7 0 5 0 0 0 6 5 2 2008 0 1 4 429 48 0 2 0 0 0 106 9 1108 753 0 5 0 4480 7 0 12 0 215 2266 270 9 187 0 0 7 855
0 3 5 115 0 19 11 4 81 76 0 33 7 1 9 76 0 0 0 87 34 28 12 377 1 0 8 199 21 40 0 0 5 26 4 67 0 941 70 72 42 17 2334 115 9 675 7 12 186 869 1 1 1 210 79 709 12 0 15 4 187 2556 68 2 0 1 5 62
0 18 0 0 0 0 0 0 4 0 9 0 254 0 0 0 0 5 0 0 0 2 0 0 438 57 80 0 0 0 8 0 0 2 0 354 0 0 0 0 0 0 115 0 164 0 1299 0 0 0 0 2 1 0 0 59 0 15 0 12 1072 1 0 0 1 0 0 3
0 11 2 0 0 0 0 0 0 0 15 0 23 0 0 2 10 19 13 0 0 1 1 1 12 336 270 0 0 0 6 0 0 11 16 86 1285 0 0 1 107 85 6 0 642 3 56 180 0 3 1012 426 738 0 4 9 215 4 12 0 4236 8 3 16 253 1 0 46
0 106 105 0 0 0 0 0 2 0 21 0 83 0 0 215 97 23 38 0 1 61 287 16 81 581 2297 5 0 0 26 0 0 66 0 2138 1520 0 0 7 31 6 114 2 36 2 697 11 3 1315 204 19 54 0 16 973 2266 187 1072 4236 0 47 2 2 57 0 0 244
0 0 1 18 0 6 3 0 105 11 0 30 3 0 3 74 0 0 0 36 25 7 13 216 0 0 2 62 9 31 0 0 3 23 9 3 14 2483 40 107 4109 53 179 2971 9 387 2 72 93 439 14 0 2 465 1554 43 270 2556 1 8 47 0 273 894 0 1 27 315
0 0 0 0 0 0 0 0 1 0 0 0 1 0 0 0 0 0 0 0 1 0 0 3 0 0 1 3 0 0 0 0 0 0 984 4 2 19 1 52 114 46 21 204 289 116 3 1424 12 3 8 7 1 88 22 1 9 68 0 3 2 273 0 1210 0 177 807 1263
0 0 2 0 0 0 0 0 0 0 0 0 0 1 0 10 0 0 0 0 14 0 0 12 0 0 0 4 2 2 0 0 0 3 220 0 23 0 0 1 1828 19 0 1 10 0 0 151 0 5 126 3 12 0 2160 1 187 2 0 16 2 894 1210 0 0 0 177 748
0 1 0 0 0 0 0 0 0 0 11 0 23 0 0 0 0 1 0 0 0 0 0 0 3 18 10 0 0 0 2 0 0 0 0 0 0 0 0 0 0 1 0 0 62 0 401 2 0 0 0 1 0 0 0 0 0 0 1 253 57 0 0 0 0 1 0 0
0 0 0 0 1 3 0 0 1 0 0 0 11 0 0 0 0 0 0 0 0 0 0 0 0 0 0 0 0 0 0 0 0 1 0 0 0 0 53 20 0 134 9 2 334 2 15 22 3 0 0 4 0 0 0 0 0 1 0 1 0 1 177 0 1 0 0 355
0 0 0 0 0 0 0 0 0 0 0 0 0 0 0 0 0 0 0 0 0 0 0 1 0 0 0 0 0 0 0 0 0 1 0 0 0 0 0 2 2 0 0 2 0 0 0 1 1 0 1 0 1 0 14 0 7 5 0 0 0 27 807 177 0 0 0 127
0 1 0 0 0 5 0 0 4 0 1 4 84 0 3 2 3 0 1 0 2 0 1 13 1 6 36 2 2 1 0 1 0 6 32 12 23 50 144 83 49 49 22 164 1330 139 120 77 24 16 1160 263 518 100 993 4 855 62 3 46 244 315 1263 748 0 355 127 0
