0 0 27 0 0 6 444 38 0 16 4 0 0 829 2 0 24 2 9 0 5 0 36 2 0 16 10 8 1402 151 0 0 3 10 0 0 0 0 0 0 0 0 0 0 0 0 0 0 0 0 0 0 0 0 0 0 0 0 0 0 0 0 0 0 0 0 0 0
0 0 2 1 0 0 1 1 70 0 34 1 108 0 5 2 4 0 0 0 0 491 2 117 769 12 1171 0 3 0 2 0 0 8 1 257 11 0 0 0 1 0 3 0 0 0 9 0 0 4 8 0 1 0 0 26 0 1 51 22 487 0 0 0 1 0 0 8
27 2 0 0 0 8 213 99 0 0 0 0 0 212 0 1 1581 1 30 0 32 0 2162 2 0 2338 3579 26 32 97 0 0 0 61 0 6 59 0 0 0 0 0 0 0 0 0 1 0 0 2 24 0 5 0 0 2 10 0 0 43 199 0 0 0 0 0 0 11
0 1 0 0 5 31 7 1 88 685 0 512 9 3 26 0 0 0 0 1725 0 0 0 474 0 0 0 983 7 0 0 0 0 16 0 0 0 29 0 18 0 0 20 1 0 26 0 0 9 0 0 0 0 33 0 0 0 72 0 0 0 6 0 0 0 0 0 0
0 0 0 5 0 327 0 48 67 2 32 27 228 1 833 0 1 0 0 4 0 1 0 50 0 1 0 1 10 0 0 191 0 89 0 0 0 0 3 3 0 4 3 1 2 3 0 0 3 0 0 0 0 1 0 0 0 1 0 0 0 0 0 0 0 0 0 4
6 0 8 31 327 0 135 2768 40 2777 16 2925 31 43 874 0 1 6 12 88 0 0 7 43 0 14 7 212 33 1 0 4 1 30 0 0 0 6 0 10 2 0 3 8 0 50 0 1 14 0 0 0 0 4 0 0 0 30 0 0 0 17 1 1 0 0 0 4
444 1 213 7 0 135 0 607 1 547 4 8 8 1989 47 0 6 3 5 0 70 0 173 108 0 11 79 4956 247 1330 0 0 30 134 0 0 0 1 0 5 0 0 3 3 0 5 0 0 9 3 0 0 0 0 0 1 0 14 0 0 0 2 0 0 0 0 0 1
38 1 99 1 48 2768 607 0 13 921 45 19 17 2350 49 0 15 7 9 9 4 0 83 11 0 23 17 67 119 20 0 62 3 33 0 0 0 1 0 1 1 0 2 0 1 2 1 1 5 1 0 0 0 0 0 0 0 9 0 0 0 3 0 0 0 0 0 0
0 70 0 88 67 40 1 13 0 26 22 301 66 3 277 1 0 0 1 44 0 334 0 1685 144 3 43 46 6 0 0 0 0 9 0 1 0 23 1 3 0 1 164 22 0 10 1 0 12 0 0 0 0 12 0 13 1 140 1 0 5 28 12 1 0 0 1 14
16 0 0 685 2 2777 547 921 26 0 6 707 23 279 48 0 1 0 0 682 0 0 0 63 0 2 0 1340 158 1 0 0 2 118 0 0 0 0 0 22 1 0 11 1 1 25 0 0 12 0 0 0 0 17 0 0 0 53 0 0 0 1 0 0 0 0 0 0
4 34 0 0 32 16 4 45 22 6 0 43 1196 33 25 1 9 1317 348 2 0 23 0 6 27 1037 51 1 228 0 34 122 0 740 0 10 0 0 0 0 0 0 1 0 79 0 417 0 0 0 0 0 0 0 0 2 0 0 69 53 120 0 0 0 30 0 0 0
0 1 0 512 27 2925 8 19 301 707 43 0 47 30 916 0 0 3 8 1324 0 0 1 364 0 7 0 99 60 0 0 0 0 51 0 0 0 27 1 20 0 0 36 33 4 706 0 0 14 0 0 0 0 39 0 0 0 18 0 0 0 13 0 0 0 0 0 3
0 108 0 9 228 31 8 17 66 23 1196 47 0 37 93 0 0 28 7 4 0 49 0 13 797 113 582 10 35 2 89 159 0 342 0 32 0 2 10 7 2 7 5 4 290 24 753 3 27 0 1 0 0 8 0 11 0 4 318 38 210 0 0 0 27 2 0 49
829 0 212 3 1 43 1989 2350 3 279 33 30 37 0 8 0 79 8 15 5 32 0 282 5 0 25 30 54 1752 352 0 37 9 47 0 1 0 0 0 1 0 0 2 0 4 2 0 0 1 0 0 0 0 0 0 0 0 4 0 0 0 0 0 0 0 0 0 0
2 5 0 26 833 874 47 49 277 48 25 916 93 8 0 1 0 2 3 19 12 0 5 179 0 6 4 71 16 10 0 2 1 24 1 0 0 13 10 6 0 3 8 12 7 38 10 0 29 0 0 0 0 11 0 1 0 11 1 0 0 1 0 0 0 1 1 8
0 2 1 0 0 0 0 0 1 0 1 0 0 0 1 0 4 0 1 0 388 529 1359 622 1 1 540 138 0 1 0 0 0 29 1 1 0 0 0 0 0 0 0 0 0 1 0 0 0 1257 1 0 0 0 16 76 453 75 0 0 249 6 1 5 0 0 2 4
24 4 1581 0 1 1 6 15 0 1 9 0 0 79 0 4 0 7 1598 0 44 2 1165 2 0 1045 587 3 122 144 0 0 8 1493 0 2 24 0 0 0 0 0 0 0 0 0 0 0 0 3 7 0 2 0 0 2 2 0 0 8 70 0 0 0 0 0 0 8
2 0 1 0 0 6 3 7 0 0 1317 3 28 8 2 0 7 0 481 0 0 0 1 0 0 418 4 0 10 0 0 0 0 8 0 0 0 0 0 0 0 0 0 0 0 0 0 0 0 0 0 0 0 0 0 0 0 0 0 3 6 0 0 0 0 0 0 0
9 0 30 0 0 12 5 9 1 0 348 8 7 15 3 1 1598 481 0 0 2 1 12 3 0 1500 120 0 59 3 0 0 1 554 0 0 0 0 0 0 0 0 0 0 0 0 0 0 0 0 0 0 0 0 0 0 0 0 0 9 19 0 0 0 0 0 0 2
0 0 0 1725 4 88 0 9 44 682 2 1324 4 5 19 0 0 0 0 0 0 0 0 210 0 0 0 25 25 0 0 0 0 16 0 0 0 2 0 32 0 0 8 3 0 29 0 0 11 0 0 0 0 34 0 0 0 34 0 0 0 1 1 0 0 0 0 0
5 0 32 0 0 0 70 4 0 0 0 0 0 32 12 388 44 0 2 0 0 0 5417 2 0 1 55 1141 38 2046 0 0 28 955 0 0 1 0 0 0 0 0 0 0 0 0 0 0 0 63 0 0 0 0 3 5 2 33 0 0 1 8 3 13 0 0 1 8
0 491 0 0 1 0 0 0 334 0 23 0 49 0 0 529 2 0 1 0 0 0 0 546 124 2 875 9 1 0 1 0 0 11 0 30 9 0 0 0 0 0 2 0 0 0 1 0 0 64 3 0 0 0 0 260 13 25 2 9 222 3 0 0 0 0 0 3
36 2 2162 0 0 7 173 83 0 0 0 1 0 282 5 1359 1165 1 12 0 5417 0 0 15 0 68 2986 216 115 748 0 1 17 1257 0 2 7 0 0 0 0 0 0 0 0 0 0 0 0 181 1 0 0 0 3 3 228 13 0 0 253 3 1 4 0 0 0 6
2 117 2 474 50 43 108 11 1685 63 6 364 13 5 179 622 2 0 3 210 2 546 15 0 113 7 450 1492 19 9 0 1 3 26 3 10 2 112 0 30 17 1 125 132 0 35 0 3 40 113 0 0 0 105 11 67 31 884 0 0 65 223 27 30 0 0 7 49
0 769 0 0 0 0 0 0 144 0 27 0 797 0 0 1 0 0 0 0 0 124 0 113 0 6 1481 0 0 0 4 0 0 0 0 37 0 0 0 0 0 0 0 0 6 0 124 0 0 1 0 0 0 0 0 3 0 1 209 15 274 0 0 0 5 0 0 0
16 12 2338 0 1 14 11 23 3 2 1037 7 113 25 6 1 1045 418 1500 0 1 2 68 7 6 0 2955 2 82 9 60 1 2 133 0 23 11 0 0 0 0 0 0 0 8 0 52 0 0 0 9 0 10 0 0 1 1 0 13 361 608 0 0 0 17 0 0 16
10 1171 3579 0 0 7 79 17 43 0 51 0 582 30 4 540 587 4 120 0 55 875 2986 450 1481 2955 0 361 60 12 52 0 7 683 0 195 203 0 0 0 0 0 1 0 5 0 64 0 0 192 92 1 21 0 0 72 425 16 43 416 3594 4 0 0 8 0 0 73
8 0 26 983 1 212 4956 67 46 1340 1 99 10 54 71 138 3 0 0 25 1141 9 216 1492 0 2 361 0 97 1109 0 0 26 234 0 1 1 11 0 32 4 1 20 3 0 37 0 0 11 32 0 0 0 17 4 19 6 256 0 0 6 47 8 9 0 0 1 19
1402 3 32 7 10 33 247 119 6 158 228 60 35 1752 16 0 122 10 59 25 38 1 115 19 0 82 60 97 0 986 1 62 995 812 0 0 0 0 0 1 0 0 0 0 1 1 0 1 3 0 0 0 0 0 0 0 0 4 0 0 4 0 1 0 0 0 0 4
151 0 97 0 0 1 1330 20 0 1 0 0 2 352 10 1 144 0 3 0 2046 0 748 9 0 9 12 1109 986 0 0 0 283 609 0 0 0 0 0 0 0 0 0 0 0 0 0 1 0 10 0 0 0 0 1 0 1 25 0 0 1 14 7 6 0 0 0 0
0 2 0 0 0 0 0 0 0 0 34 0 89 0 0 0 0 0 0 0 0 1 0 0 4 60 52 0 1 0 0 0 0 0 0 0 0 0 0 0 0 0 0 0 4 0 31 0 0 0 0 0 0 0 0 0 0 0 10 13 57 0 0 0 8 0 0 0
0 0 0 0 191 4 0 62 0 0 122 0 159 37 2 0 0 0 0 0 0 0 1 1 0 1 0 0 62 0 0 0 0 151 0 0 0 0 0 0 0 0 0 0 0 0 1 0 0 0 0 0 0 0 0 0 0 0 0 0 0 0 0 0 0 0 0 0
3 0 0 0 0 1 30 3 0 2 0 0 0 9 1 0 8 0 1 0 28 0 17 3 0 2 7 26 995 283 0 0 0 307 0 0 0 0 0 0 0 0 0 0 0 0 0 0 0 0 0 0 0 0 0 1 0 4 0 1 0 0 0 0 0 0 0 0
10 8 61 16 89 30 134 33 9 118 740 51 342 47 24 29 1493 8 554 16 955 11 1257 26 0 133 683 234 812 609 0 151 307 0 1 2 22 0 0 1 0 2 5 0 3 4 2 1 3 15 7 0 1 1 4 2 18 35 2 14 133 9 2 6 0 1 1 11
0 1 0 0 0 0 0 0 0 0 0 0 0 0 1 1 0 0 0 0 0 0 0 3 0 0 0 0 0 0 0 0 0 1 0 1 19 1 0 4 862 15 1 9 4 0 0 1055 0 0 23 3 11 2 2 0 7 12 0 77 13 20 1186 207 1 0 15 11
0 257 6 0 0 0 0 0 1 0 10 0 32 1 0 1 2 0 0 0 0 30 2 10 37 23 195 1 0 0 0 0 0 2 1 0 1 0 0 1 0 1 18 0 1 0 36 2 1 8 1 0 0 0 0 278 1 58 450 6 1699 0 0 0 0 0 0 4
0 11 59 0 0 0 0 0 0 0 0 0 0 0 0 0 24 0 0 0 1 9 7 2 0 11 203 1 0 0 0 0 0 22 19 1 0 0 0 10 283 47 0 0 0 0 0 131 0 2 966 0 5 0 19 0 1244 1 0 947 2984 29 0 29 0 0 0 17
0 0 0 29 0 6 1 1 23 0 0 27 2 0 13 0 0 0 0 2 0 0 0 112 0 0 0 11 0 0 0 0 0 0 1 0 0 0 5 46 4 2 132 714 4 753 0 10 38 0 0 0 0 1826 0 0 0 462 0 0 0 756 12 0 0 0 1 41
0 0 0 0 3 0 0 0 1 0 0 1 10 0 10 0 0 0 0 0 0 0 0 0 0 0 0 0 0 0 0 0 0 0 0 0 0 5 0 225 0 12 49 5 66 21 60 1 573 0 0 0 0 1 0 1 0 47 0 0 0 13 1 0 0 9 0 229
0 0 0 18 3 10 5 1 3 22 0 20 7 1 6 0 0 0 0 32 0 0 0 30 0 0 0 32 1 0 0 0 0 1 4 1 10 46 225 0 320 2679 26 2955 32 1925 4 92 599 0 0 3 7 79 0 0 2 49 0 6 6 255 19 0 0 44 1 31
0 1 0 0 0 2 0 1 0 1 0 0 2 0 0 0 0 0 0 0 0 0 0 17 0 0 0 4 0 0 0 0 0 0 862 0 283 4 0 320 0 937 2 695 2 11 0 1935 15 3 95 0 8 0 153 0 514 87 0 88 27 3740 195 1573 0 0 5 52
0 0 0 0 4 0 0 0 1 0 0 0 7 0 3 0 0 0 0 0 0 0 0 1 0 0 0 1 0 0 0 0 0 2 15 1 47 2 12 2679 937 0 9 733 35 39 4 2202 37 0 0 5 0 5 5 1 22 15 0 16 1 52 13 1 0 18 0 58
0 3 0 20 3 3 3 2 164 11 1 36 5 2 8 0 0 0 0 8 0 2 0 125 0 0 1 20 0 0 0 0 0 5 1 18 0 132 49 26 2 9 0 39 10 274 24 0 321 0 0 0 0 86 0 420 1 1626 113 0 117 64 13 5 0 1 3 23
0 0 0 1 1 8 3 0 22 1 0 33 4 0 12 0 0 0 0 3 0 0 0 132 0 0 0 3 0 0 0 0 0 0 9 0 0 714 5 2955 695 733 39 0 19 1677 2 166 56 0 1 0 0 1068 0 0 0 48 0 0 0 1376 125 0 0 0 0 120
0 0 0 0 2 0 0 1 0 1 79 4 290 4 7 0 0 0 0 0 0 0 0 0 6 8 5 0 1 0 4 0 0 3 4 1 0 4 66 32 2 35 10 19 0 57 761 65 30 0 36 1230 797 21 0 7 1 3 11 858 9 5 213 8 25 233 0 1053
0 0 0 26 3 50 5 2 10 25 0 706 24 2 38 1 0 0 0 29 0 0 0 35 0 0 0 37 1 0 0 0 0 4 0 0 0 753 21 1925 11 39 274 1677 57 0 6 51 795 1 1 12 6 1977 0 1 0 280 1 38 3 121 57 0 0 3 0 133
0 9 1 0 0 0 0 1 1 0 417 0 753 0 10 0 0 0 0 0 0 1 0 0 124 52 64 0 0 0 31 1 0 2 0 36 0 0 60 4 0 4 24 2 761 6 0 1 16 0 0 0 0 1 0 22 0 3 329 47 978 1 3 0 250 59 0 85
0 0 0 0 0 1 0 1 0 0 0 0 3 0 0 0 0 0 0 0 0 0 0 3 0 0 0 0 1 1 0 0 0 1 1055 2 131 10 1 92 1935 2202 0 166 65 51 1 0 9 0 44 7 17 23 2 1 42 26 1 111 30 67 1496 97 1 5 2 99
0 0 0 9 3 14 9 5 12 12 0 14 27 1 29 0 0 0 0 11 0 0 0 40 0 0 0 11 3 0 0 0 0 3 0 1 0 38 573 599 15 37 321 56 30 795 16 9 0 3 0 0 1 40 8 24 5 233 1 2 6 61 8 3 0 0 0 21
0 4 2 0 0 0 3 1 0 0 0 0 0 0 0 1257 3 0 0 0 63 64 181 113 1 0 192 32 0 10 0 0 0 15 0 8 2 0 0 0 3 0 0 0 0 1 0 0 3 0 2 0 1 0 685 519 851 997 3 2 1844 79 0 5 0 0 0 31
0 8 24 0 0 0 0 0 0 0 0 0 1 0 0 1 7 0 0 0 0 3 1 0 0 9 92 0 0 0 0 0 0 7 23 1 966 0 0 0 95 0 0 1 36 1 0 44 0 2 0 11 1344 0 36 1 1349 1 0 949 542 3 22 273 0 0 2 685
0 0 0 0 0 0 0 0 0 0 0 0 0 0 0 0 0 0 0 0 0 0 0 0 0 0 1 0 0 0 0 0 0 0 3 0 0 0 0 3 0 5 0 0 1230 12 0 7 0 0 11 0 259 0 0 0 0 0 0 156 5 0 4 3 0 4 0 37
0 1 5 0 0 0 0 0 0 0 0 0 0 0 0 0 2 0 0 0 0 0 0 0 0 10 21 0 0 0 0 0 0 1 11 0 5 0 0 7 8 0 0 0 797 6 0 17 1 1 1344 259 0 2 4 2 23 3 0 1038 168 0 16 38 0 0 1 545
0 0 0 33 1 4 0 0 12 17 0 39 8 0 11 0 0 0 0 34 0 0 0 105 0 0 0 17 0 0 0 0 0 1 2 0 0 1826 1 79 0 5 86 1068 21 1977 1 23 40 0 0 0 2 0 0 0 0 58 0 2 0 90 25 0 0 0 0 51
0 0 0 0 0 0 0 0 0 0 0 0 0 0 0 16 0 0 0 0 3 0 3 11 0 0 0 4 0 1 0 0 0 4 2 0 19 0 0 0 153 5 0 0 0 0 0 2 8 685 36 0 4 0 0 0 4900 3 0 0 6 1165 11 2766 0 0 4 859
0 26 2 0 0 0 1 0 13 0 2 0 11 0 1 76 2 0 0 0 5 260 3 67 3 1 72 19 0 0 0 0 1 2 0 278 0 0 1 0 0 1 420 0 7 1 22 1 24 519 1 0 2 0 0 0 0 782 170 4 544 6 16 44 0 0 3 10
0 0 10 0 0 0 0 0 1 0 0 0 0 0 0 453 2 0 0 0 2 13 228 31 0 1 425 6 0 1 0 0 0 18 7 1 1244 0 0 2 514 22 1 0 1 0 0 42 5 851 1349 0 23 0 4900 0 0 69 0 86 2353 411 24 502 0 0 17 1028
0 1 0 72 1 30 14 9 140 53 0 18 4 4 11 75 0 0 0 34 33 25 13 884 1 0 16 256 4 25 0 0 4 35 12 58 1 462 47 49 87 15 1626 48 3 280 3 26 233 997 1 0 3 58 3 782 69 0 89 4 560 1876 141 28 0 0 18 106
0 51 0 0 0 0 0 0 1 0 69 0 318 0 1 0 0 0 0 0 0 2 0 0 209 13 43 0 0 0 10 0 0 2 0 450 0 0 0 0 0 0 113 0 11 1 329 1 1 3 0 0 0 0 0 170 0 89 0 3 721 0 1 0 0 1 0 3
0 22 43 0 0 0 0 0 0 0 53 0 38 0 0 0 8 3 9 0 0 9 0 0 15 361 416 0 0 0 13 0 1 14 77 6 947 0 0 6 88 16 0 0 858 38 47 111 2 2 949 156 1038 2 0 4 86 4 3 0 2496 3 15 41 54 6 0 123
0 487 199 0 0 0 0 0 5 0 120 0 210 0 0 249 70 6 19 0 1 222 253 65 274 608 3594 6 4 1 57 0 0 133 13 1699 2984 0 0 6 27 1 117 0 9 3 978 30 6 1844 542 5 168 0 6 544 2353 560 721 2496 0 103 8 10 75 0 0 465
0 0 0 6 0 17 2 3 28 1 0 13 0 0 1 6 0 0 0 1 8 3 3 223 0 0 4 47 0 14 0 0 0 9 20 0 29 756 13 255 3740 52 64 1376 5 121 1 67 61 79 3 0 0 90 1165 6 411 1876 0 3 103 0 214 553 0 0 44 255
0 0 0 0 0 1 0 0 12 0 0 0 0 0 0 1 0 0 0 1 3 0 1 27 0 0 0 8 1 7 0 0 0 2 1186 0 0 12 1 19 195 13 13 125 213 57 3 1496 8 0 22 4 16 25 11 16 24 141 1 15 8 214 0 777 0 269 1080 596
0 0 0 0 0 1 0 0 1 0 0 0 0 0 0 5 0 0 0 0 13 0 4 30 0 0 0 9 0 6 0 0 0 6 207 0 29 0 0 0 1573 1 5 0 8 0 0 97 3 5 273 3 38 0 2766 44 502 28 0 41 10 553 777 0 0 0 212 895
0 1 0 0 0 0 0 0 0 0 30 0 27 0 0 0 0 0 0 0 0 0 0 0 5 17 8 0 0 0 8 0 0 0 1 0 0 0 0 0 0 0 0 0 25 0 250 1 0 0 0 0 0 0 0 0 0 0 0 54 75 0 0 0 0 0 0 1
0 0 0 0 0 0 0 0 0 0 0 0 2 0 1 0 0 0 0 0 0 0 0 0 0 0 0 0 0 0 0 0 0 1 0 0 0 0 9 44 0 18 1 0 233 3 59 5 0 0 0 4 0 0 0 0 0 0 1 6 0 0 269 0 0 0 0 251
0 0 0 0 0 0 0 0 1 0 0 0 0 0 1 2 0 0 0 0 1 0 0 7 0 0 0 1 0 0 0 0 0 1 15 0 0 1 0 1 5 0 3 0 0 0 0 2 0 0 2 0 1 0 4 3 17 18 0 0 0 44 1080 212 0 0 0 202
0 8 11 0 4 4 1 0 14 0 0 3 49 0 8 4 8 0 2 0 8 3 6 49 0 16 73 19 4 0 0 0 0 11 11 4 17 41 229 31 52 58 23 120 1053 133 85 99 21 31 685 37 545 51 859 10 1028 106 3 123 465 255 596 895 1 251 202 0
