0 0 12 0 0 4 412 51 0 11 5 2 4 1191 0 0 31 1 4 0 0 0 21 3 0 13 4 9 892 162 0 0 5 7 0 0 0 0 0 1 0 2 0 0 0 0 0 0 0 0 0 0 0 0 0 0 0 3 0 0 0 0 0 0 0 0 1 1
0 0 0 0 0 0 1 0 24 0 3 0 144 0 2 0 1 0 2 0 0 243 0 31 311 4 1124 1 2 0 1 0 0 2 0 203 0 0 0 0 1 0 2 0 0 0 12 0 0 0 5 0 0 0 0 23 0 4 3 3 24 0 0 1 1 0 0 3
12 0 0 0 0 0 138 54 0 2 0 0 0 110 0 0 954 0 6 0 135 0 3465 0 0 2353 2767 52 5 139 0 0 0 64 0 13 23 0 0 0 0 0 0 0 0 0 0 0 0 1 12 0 0 0 0 2 14 0 0 14 263 2 0 0 0 0 0 5
0 0 0 0 11 44 11 13 65 439 0 608 4 4 31 0 0 0 0 2541 0 0 0 275 0 0 0 2323 5 0 0 1 0 11 0 0 0 156 0 10 0 0 17 26 0 114 0 0 0 0 0 0 0 81 0 0 0 25 0 0 0 23 0 0 0 0 0 0
0 0 0 11 0 108 0 6 92 9 12 65 37 0 697 0 0 0 0 12 0 6 0 71 0 0 1 20 5 0 0 206 0 278 0 0 0 0 0 4 0 0 6 0 0 0 0 0 4 0 0 0 0 0 0 0 0 2 0 0 0 1 0 0 0 0 0 0
4 0 0 44 108 0 244 1919 84 1957 10 3053 46 64 415 0 0 1 1 69 0 1 1 47 0 1 0 44 36 1 0 94 0 30 0 0 0 10 7 27 3 8 7 16 0 65 0 0 11 0 0 0 0 19 0 0 0 39 0 0 0 11 2 0 0 0 0 12
412 1 138 11 0 244 0 840 12 1920 11 6 3 1465 14 0 13 8 7 2 84 0 80 92 0 15 2 3833 216 1264 0 1 15 90 0 0 0 9 0 10 0 0 5 11 1 6 0 0 3 0 0 0 0 2 0 0 1 39 0 0 0 7 0 0 0 0 0 0
51 0 54 13 6 1919 840 0 13 1193 5 518 12 1451 62 0 84 2 1 20 1 0 29 38 0 14 3 36 19 25 0 41 1 12 0 0 0 0 1 24 0 0 5 0 0 5 0 1 18 0 0 0 0 1 0 0 0 21 0 0 0 4 0 0 0 0 0 0
0 24 0 65 92 84 12 13 0 51 11 270 65 8 382 0 0 0 0 103 0 405 0 1922 95 1 196 116 12 1 0 18 1 4 0 1 0 23 1 18 3 4 289 20 3 36 1 2 9 0 0 0 0 20 0 12 1 220 3 0 1 35 9 0 0 2 1 13
11 0 2 439 9 1957 1920 1193 51 0 4 804 41 172 32 0 0 0 0 938 0 0 3 29 0 0 0 874 112 1 0 3 2 98 0 0 0 10 0 38 0 0 22 24 0 49 0 0 1 0 0 0 0 38 0 1 0 169 0 0 0 36 0 1 0 0 0 0
5 3 0 0 12 10 11 5 11 4 0 27 382 19 7 0 97 1540 307 0 2 1 1 3 0 738 22 1 297 3 42 184 0 722 0 1 0 0 0 0 0 0 2 0 11 0 197 0 0 0 0 0 0 0 0 0 0 0 6 6 14 0 0 0 9 0 0 1
2 0 0 608 65 3053 6 518 270 804 27 0 36 103 518 0 0 3 3 1924 0 1 0 221 0 5 0 273 100 3 0 9 0 57 0 0 0 23 5 78 0 2 22 24 0 373 0 1 16 0 0 0 0 30 0 0 0 39 0 0 0 6 1 0 0 0 0 8
4 144 0 4 37 46 3 12 65 41 382 36 0 20 56 2 0 9 6 7 9 83 4 25 910 41 695 30 103 0 408 208 0 242 0 63 0 0 1 26 2 10 11 14 63 6 884 0 13 1 0 0 0 3 1 7 2 4 268 27 89 2 2 0 76 11 0 49
1191 0 110 4 0 64 1465 1451 8 172 19 103 20 0 26 0 303 2 7 9 11 0 142 10 0 30 8 54 1627 340 2 42 1 35 0 0 0 0 1 2 0 2 0 0 0 0 0 0 3 0 0 0 0 0 0 1 0 6 0 0 0 1 0 0 0 0 0 7
0 2 0 31 697 415 14 62 382 32 7 518 56 26 0 1 0 1 1 55 12 12 5 191 1 2 39 130 29 0 0 76 0 44 1 0 0 10 1 7 0 1 9 6 0 17 0 0 5 3 0 0 0 2 0 0 0 16 0 0 0 9 3 0 0 0 1 4
0 0 0 0 0 0 0 0 0 0 0 0 2 0 1 0 0 0 0 0 355 407 510 461 0 0 949 142 0 0 0 0 0 10 0 1 0 0 0 0 0 0 3 0 1 0 0 0 4 764 1 0 0 0 4 76 132 41 0 0 45 2 0 3 0 0 1 4
31 1 954 0 0 0 13 84 0 0 97 0 0 303 0 0 0 36 1085 0 62 0 1224 0 0 1133 672 6 129 127 0 0 6 1682 0 14 10 0 0 0 0 0 1 0 0 0 0 0 0 2 13 0 2 0 0 1 1 0 0 36 131 0 0 0 0 0 0 7
1 0 0 0 0 1 8 2 0 0 1540 3 9 2 1 0 36 0 436 0 0 0 0 0 0 424 3 0 11 1 0 0 2 76 0 0 0 0 0 0 0 0 0 0 0 0 1 0 0 0 0 0 0 0 0 0 0 0 1 1 2 0 0 0 0 0 0 0
4 2 6 0 0 1 7 1 0 0 307 3 6 7 1 0 1085 436 0 0 3 0 8 0 1 1441 104 1 20 1 3 3 2 392 0 1 1 0 0 0 0 0 0 0 0 0 0 0 0 0 4 0 3 0 0 1 0 0 0 7 22 0 0 0 0 0 0 1
0 0 0 2541 12 69 2 20 103 938 0 1924 7 9 55 0 0 0 0 0 0 0 0 193 0 0 0 769 7 0 0 1 1 17 0 0 0 86 0 9 0 1 20 110 0 109 0 0 2 0 0 0 0 102 0 0 0 54 0 0 0 34 0 0 0 0 0 0
0 0 135 0 0 0 84 1 0 0 2 0 9 11 12 355 62 0 3 0 0 0 5740 15 0 6 45 1427 38 2293 0 0 11 1099 0 0 0 0 0 0 0 0 2 0 0 0 0 0 1 38 0 0 0 0 2 3 8 18 0 0 2 2 0 0 0 0 0 3
0 243 0 0 6 1 0 0 405 0 1 1 83 0 12 407 0 0 0 0 0 0 0 626 87 1 665 0 0 0 0 3 0 5 0 7 0 0 0 0 0 0 18 1 0 0 9 0 1 51 1 0 0 0 0 240 3 53 4 1 28 5 0 1 0 0 0 1
21 0 3465 0 0 1 80 29 0 3 1 0 4 142 5 510 1224 0 8 0 5740 0 0 34 0 77 2214 144 101 635 0 0 6 1679 0 1 5 0 0 0 2 0 0 0 0 0 2 0 0 187 2 0 0 0 0 4 104 3 0 0 98 0 0 1 0 0 0 2
3 31 0 275 71 47 92 38 1922 29 3 221 25 10 191 461 0 0 0 193 15 626 34 0 52 0 514 1783 55 7 0 13 13 57 0 11 0 31 1 63 1 12 167 30 0 25 0 4 56 133 0 0 0 16 23 64 10 874 4 0 17 147 51 8 0 0 9 71
0 311 0 0 0 0 0 0 95 0 0 0 910 0 1 0 0 0 1 0 0 87 0 52 0 8 762 0 2 0 4 2 0 3 0 56 0 0 0 0 0 0 3 0 1 0 100 0 0 0 1 0 1 0 0 6 0 0 245 11 85 0 0 0 15 0 0 2
13 4 2353 0 0 1 15 14 1 0 738 5 41 30 2 0 1133 424 1441 0 6 1 77 0 8 0 3345 2 28 9 338 1 1 159 0 17 11 0 0 0 0 0 0 0 2 0 39 0 0 1 17 1 17 0 0 2 0 0 26 89 286 0 0 0 9 0 0 8
4 1124 2767 0 1 0 2 3 196 0 22 0 695 8 39 949 672 3 104 0 45 665 2214 514 762 3345 0 91 30 4 152 0 2 805 0 646 80 0 0 0 2 0 8 0 3 0 87 0 0 273 91 1 18 0 1 209 223 21 145 163 2446 0 0 7 28 0 0 59
9 1 52 2323 20 44 3833 36 116 874 1 273 30 54 130 142 6 0 1 769 1427 0 144 1783 0 2 91 0 208 1805 0 3 54 411 1 0 0 46 0 19 0 5 31 53 1 25 1 1 14 14 0 0 0 46 0 1 4 137 0 0 4 72 10 0 0 0 2 15
892 2 5 5 5 36 216 19 12 112 297 100 103 1627 29 0 129 11 20 7 38 0 101 55 2 28 30 208 0 1226 4 106 1237 990 0 1 0 0 0 1 0 3 3 0 1 0 2 0 3 3 0 0 0 0 0 0 0 30 0 0 3 3 3 1 0 1 1 8
162 0 139 0 0 1 1264 25 1 1 3 3 0 340 0 0 127 1 1 0 2293 0 635 7 0 9 4 1805 1226 0 0 0 207 708 0 0 0 0 0 0 0 0 1 0 0 0 0 0 0 2 0 0 0 0 0 1 0 7 0 0 1 1 1 1 0 0 1 1
0 1 0 0 0 0 0 0 0 0 42 0 408 2 0 0 0 0 3 0 0 0 0 0 4 338 152 0 4 0 0 1 0 12 0 0 0 0 0 0 0 0 0 0 1 0 88 0 0 0 0 1 0 0 0 0 0 0 19 10 27 0 0 0 18 0 0 0
0 0 0 1 206 94 1 41 18 3 184 9 208 42 76 0 0 0 3 1 0 3 0 13 2 1 0 3 106 0 1 0 0 247 0 0 0 0 1 6 0 3 1 0 0 0 2 0 0 0 0 0 0 0 0 0 0 0 0 0 0 0 0 0 0 1 0 3
5 0 0 0 0 0 15 1 1 2 0 0 0 1 0 0 6 2 2 1 11 0 6 13 0 1 2 54 1237 207 0 0 0 339 0 0 0 0 0 0 0 0 1 0 0 0 0 0 1 2 0 0 0 0 1 0 0 6 0 0 0 1 0 0 0 0 0 3
7 2 64 11 278 30 90 12 4 98 722 57 242 35 44 10 1682 76 392 17 1099 5 1679 57 3 159 805 411 990 708 12 247 339 0 0 8 13 0 0 13 0 2 10 0 1 1 3 0 11 21 7 0 1 0 7 2 16 40 5 15 144 18 4 2 2 1 3 5
0 0 0 0 0 0 0 0 0 0 0 0 0 0 1 0 0 0 0 0 0 0 0 0 0 0 0 1 0 0 0 0 0 0 0 0 1 0 0 5 308 70 0 13 10 2 1 1016 0 0 0 0 4 1 1 0 0 4 0 5 1 3 758 464 0 0 1 27
0 203 13 0 0 0 0 0 1 0 1 0 63 0 0 1 14 0 1 0 0 7 1 11 56 17 646 0 1 0 0 0 0 8 0 0 0 0 0 0 2 1 72 0 2 0 90 0 25 9 19 0 0 0 1 286 2 84 531 2 1479 1 0 4 0 1 0 9
0 0 23 0 0 0 0 0 0 0 0 0 0 0 0 0 10 0 1 0 0 0 5 0 0 11 80 0 0 0 0 0 0 13 1 0 0 0 0 0 185 26 0 0 0 0 0 13 0 1 639 0 8 0 27 1 1912 0 0 991 2652 51 0 43 0 0 0 12
0 0 0 156 0 10 9 0 23 10 0 23 0 0 10 0 0 0 0 86 0 0 0 31 0 0 0 46 0 0 0 0 0 0 0 0 0 0 10 32 35 5 84 1429 3 673 0 4 45 0 0 0 0 2311 0 0 0 350 0 0 0 1911 26 0 0 0 0 50
0 0 0 0 0 7 0 1 1 0 0 5 1 1 1 0 0 0 0 0 0 0 0 1 0 0 0 0 0 0 0 1 0 0 0 0 0 10 0 175 0 10 140 3 10 11 19 0 868 1 0 0 0 4 3 18 2 81 0 0 1 23 1 0 1 69 0 147
1 0 0 10 4 27 10 24 18 38 0 78 26 2 7 0 0 0 0 9 0 0 0 63 0 0 0 19 1 0 0 6 0 13 5 0 0 32 175 0 496 1743 124 2554 59 2397 4 43 678 0 0 0 0 44 0 8 0 67 0 5 1 153 37 0 2 9 0 55
0 1 0 0 0 3 0 0 3 0 0 0 2 0 0 0 0 0 0 0 0 0 2 1 0 0 2 0 0 0 0 0 0 0 308 2 185 35 0 496 0 992 4 1837 27 10 0 771 10 0 88 0 22 3 140 1 167 120 0 38 38 5882 187 1331 0 1 8 134
2 0 0 0 0 8 0 0 4 0 0 2 10 2 1 0 0 0 0 1 0 0 0 12 0 0 0 5 3 0 0 3 0 2 70 1 26 5 10 1743 992 0 23 511 25 263 1 2823 112 0 8 0 0 5 5 1 4 9 0 3 2 18 51 13 3 253 0 37
0 2 0 17 6 7 5 5 289 22 2 22 11 0 9 3 1 0 0 20 2 18 0 167 3 0 8 31 3 1 0 1 1 10 0 72 0 84 140 124 4 23 0 18 16 194 27 7 415 0 0 0 0 53 0 307 0 2305 125 1 113 84 20 0 0 4 2 24
0 0 0 26 0 16 11 0 20 24 0 24 14 0 6 0 0 0 0 110 0 1 0 30 0 0 0 53 0 0 0 0 0 0 13 0 0 1429 3 2554 1837 511 18 0 31 1044 0 90 30 0 0 0 0 794 0 0 0 8 0 0 1 656 149 0 0 2 1 141
0 0 0 0 0 0 1 0 3 0 11 0 63 0 0 1 0 0 0 0 0 0 0 0 1 2 3 1 1 0 1 0 0 1 10 2 0 3 10 59 27 25 16 31 0 63 515 8 20 0 12 1615 205 8 6 1 1 23 6 679 15 20 106 25 163 283 0 1322
0 0 0 114 0 65 6 5 36 49 0 373 6 0 17 0 0 0 0 109 0 0 0 25 0 0 0 25 0 0 0 0 0 1 2 0 0 673 11 2397 10 263 194 1044 63 0 2 54 351 0 0 1 0 1539 0 0 0 438 0 3 0 391 113 0 0 8 1 146
0 12 0 0 0 0 0 0 1 0 197 0 884 0 0 0 0 1 0 0 0 9 2 0 100 39 87 1 2 0 88 2 0 3 1 90 0 0 19 4 0 1 27 0 515 2 0 1 7 0 0 0 0 0 0 23 2 1 841 43 443 4 8 0 450 155 0 91
0 0 0 0 0 0 0 1 2 0 0 1 0 0 0 0 0 0 0 0 0 0 0 4 0 0 0 1 0 0 0 0 0 0 1016 0 13 4 0 43 771 2823 7 90 8 54 1 0 16 0 4 0 4 6 1 0 2 7 0 3 2 25 917 371 1 21 2 95
0 0 0 0 4 11 3 18 9 1 0 16 13 3 5 4 0 0 0 2 1 1 0 56 0 0 0 14 3 0 0 0 1 11 0 25 0 45 868 678 10 112 415 30 20 351 7 16 0 2 0 0 0 29 4 25 3 349 4 6 3 81 12 0 1 9 0 16
0 0 1 0 0 0 0 0 0 0 0 0 1 0 3 764 2 0 0 0 38 51 187 133 0 1 273 14 3 2 0 0 2 21 0 9 1 0 1 0 0 0 0 0 0 0 0 0 2 0 3 0 0 0 944 826 1060 660 1 1 969 94 0 0 0 0 0 12
0 5 12 0 0 0 0 0 0 0 0 0 0 0 0 1 13 0 4 0 0 1 2 0 1 17 91 0 0 0 0 0 0 7 0 19 639 0 0 0 88 8 0 0 12 0 0 4 0 3 0 8 1607 0 36 8 1369 3 0 810 455 8 15 229 0 0 1 699
0 0 0 0 0 0 0 0 0 0 0 0 0 0 0 0 0 0 0 0 0 0 0 0 0 1 1 0 0 0 1 0 0 0 0 0 0 0 0 0 0 0 0 0 1615 1 0 0 0 0 8 0 502 0 0 0 1 0 0 222 2 0 2 4 0 0 0 66
0 0 0 0 0 0 0 0 0 0 0 0 0 0 0 0 2 0 3 0 0 0 0 0 1 17 18 0 0 0 0 0 0 1 4 0 8 0 0 0 22 0 0 0 205 0 0 4 0 0 1607 502 0 0 2 0 11 0 0 1309 33 1 0 65 0 0 0 619
0 0 0 81 0 19 2 1 20 38 0 30 3 0 2 0 0 0 0 102 0 0 0 16 0 0 0 46 0 0 0 0 0 0 1 0 0 2311 4 44 3 5 53 794 8 1539 0 6 29 0 0 0 0 0 0 0 0 89 0 0 0 503 25 0 0 1 1 20
0 0 0 0 0 0 0 0 0 0 0 0 1 0 0 4 0 0 0 0 2 0 0 23 0 0 1 0 0 0 0 0 1 7 1 1 27 0 3 0 140 5 0 0 6 0 0 1 4 944 36 0 2 0 0 2 4722 41 0 1 11 1615 6 1493 0 0 0 779
0 23 2 0 0 0 0 0 12 1 0 0 7 1 0 76 1 0 1 0 3 240 4 64 6 2 209 1 0 1 0 0 0 2 0 286 1 0 18 8 1 1 307 0 1 0 23 0 25 826 8 0 0 0 2 0 3 683 71 2 632 0 1 1 0 3 0 12
0 0 14 0 0 0 1 0 1 0 0 0 2 0 0 132 1 0 0 0 8 3 104 10 0 0 223 4 0 0 0 0 0 16 0 2 1912 0 2 0 167 4 0 0 1 0 2 2 3 1060 1369 1 11 0 4722 3 0 30 0 159 1659 181 3 276 0 0 0 791
3 4 0 25 2 39 39 21 220 169 0 39 4 6 16 41 0 0 0 54 18 53 3 874 0 0 21 137 30 7 0 0 6 40 4 84 0 350 81 67 120 9 2305 8 23 438 1 7 349 660 3 0 0 89 41 683 30 0 38 1 347 2204 135 10 0 1 44 133
0 3 0 0 0 0 0 0 3 0 6 0 268 0 0 0 0 1 0 0 0 4 0 4 245 26 145 0 0 0 19 0 0 5 0 531 0 0 0 0 0 0 125 0 6 0 841 0 4 1 0 0 0 0 0 71 0 38 0 4 946 0 0 0 7 1 0 4
0 3 14 0 0 0 0 0 0 0 6 0 27 0 0 0 36 1 7 0 0 1 0 0 11 89 163 0 0 0 10 0 0 15 5 2 991 0 0 5 38 3 1 0 679 3 43 3 6 1 810 222 1309 0 1 2 159 1 4 0 2625 3 6 30 247 11 3 132
0 24 263 0 0 0 0 0 1 0 14 0 89 0 0 45 131 2 22 0 2 28 98 17 85 286 2446 4 3 1 27 0 0 144 1 1479 2652 0 1 1 38 2 113 1 15 0 443 2 3 969 455 2 33 0 11 632 1659 347 946 2625 0 25 1 38 176 0 0 307
0 0 2 23 1 11 7 4 35 36 0 6 2 1 9 2 0 0 0 34 2 5 0 147 0 0 0 72 3 1 0 0 1 18 3 1 51 1911 23 153 5882 18 84 656 20 391 4 25 81 94 8 0 1 503 1615 0 181 2204 0 3 25 0 226 404 0 0 65 420
0 0 0 0 0 2 0 0 9 0 0 1 2 0 3 0 0 0 0 0 0 0 0 51 0 0 0 10 3 1 0 0 0 4 758 0 0 26 1 37 187 51 20 149 106 113 8 917 12 0 15 2 0 25 6 1 3 135 0 6 1 226 0 766 2 43 1204 955
0 1 0 0 0 0 0 0 0 1 0 0 0 0 0 3 0 0 0 0 0 1 1 8 0 0 7 0 1 1 0 0 0 2 464 4 43 0 0 0 1331 13 0 0 25 0 0 371 0 0 229 4 65 0 1493 1 276 10 0 30 38 404 766 0 0 0 115 1341
0 1 0 0 0 0 0 0 0 0 9 0 76 0 0 0 0 0 0 0 0 0 0 0 15 9 28 0 0 0 18 0 0 2 0 0 0 0 1 2 0 3 0 0 163 0 450 1 1 0 0 0 0 0 0 0 0 0 7 247 176 0 2 0 0 9 0 16
0 0 0 0 0 0 0 0 2 0 0 0 11 0 0 0 0 0 0 0 0 0 0 0 0 0 0 0 1 0 0 1 0 1 0 1 0 0 69 9 1 253 4 2 283 8 155 21 9 0 0 0 0 1 0 3 0 1 1 11 0 0 43 0 9 0 0 682
1 0 0 0 0 0 0 0 1 0 0 0 0 0 1 1 0 0 0 0 0 0 0 9 0 0 0 2 1 1 0 0 0 3 1 0 0 0 0 0 8 0 2 1 0 1 0 2 0 0 1 0 0 1 0 0 0 44 0 3 0 65 1204 115 0 0 0 425
1 3 5 0 0 12 0 0 13 0 1 8 49 7 4 4 7 0 1 0 3 1 2 71 2 8 59 15 8 1 0 3 3 5 27 9 12 50 147 55 134 37 24 141 1322 146 91 95 16 12 699 66 619 20 779 12 791 133 4 132 307 420 955 1341 16 682 425 0
