0 0 68 0 0 3 587 45 1 9 1 0 0 1802 0 0 59 1 11 0 0 1 46 1 0 14 0 3 1912 665 0 0 16 8 0 0 0 0 0 0 0 0 0 0 0 0 0 0 0 0 0 0 0 0 0 0 0 0 0 0 0 4 1 0 0 0 0 0
0 0 1 0 0 0 0 1 32 0 0 0 130 0 0 2 3 0 1 0 0 287 1 118 608 12 1171 5 1 1 0 2 0 9 0 246 1 0 0 0 0 0 4 0 1 0 36 0 0 2 2 0 0 0 0 75 0 11 24 26 219 0 0 0 3 0 0 3
68 1 0 0 0 56 431 352 0 66 3 0 0 109 6 1 1654 2 139 0 111 2 3799 6 0 4054 3317 85 28 58 0 0 2 153 0 7 90 0 0 0 0 0 1 0 0 0 0 0 0 0 28 0 6 0 0 2 4 1 0 72 369 0 0 1 0 0 0 5
0 0 0 0 11 8 0 1 80 585 0 519 7 1 34 0 0 0 0 2007 0 2 0 470 0 0 2 1820 12 0 0 1 0 15 0 0 0 2 0 1 1 0 26 7 0 17 0 0 10 0 0 0 0 5 0 0 0 157 0 0 0 34 0 0 0 0 0 0
0 0 0 11 0 307 1 2 25 6 18 129 165 0 928 0 0 0 0 4 1 0 1 39 0 0 0 6 1 0 0 190 0 245 0 0 0 0 0 0 0 0 0 0 0 1 0 0 1 0 0 0 0 0 0 0 1 1 0 0 1 0 0 0 0 0 0 0
3 0 56 8 307 0 115 2742 18 2245 26 2820 21 48 853 0 0 3 2 7 4 0 18 13 1 3 1 156 95 2 0 92 2 45 0 0 0 1 0 9 1 1 8 0 0 28 0 0 0 0 0 0 0 0 0 0 0 6 0 0 0 8 0 0 0 0 0 1
587 0 431 0 1 115 0 401 10 1934 0 4 15 1176 15 2 9 0 0 0 57 1 218 30 0 9 147 3632 203 1784 0 1 31 99 0 0 0 0 0 1 2 0 5 0 0 3 0 0 2 2 0 0 0 0 0 1 0 32 0 0 0 18 0 2 0 0 0 3
45 1 352 1 2 2742 401 0 0 928 5 139 2 3005 13 0 62 3 2 2 13 0 150 1 0 15 5 26 88 18 0 11 1 8 0 1 0 0 0 1 0 0 0 0 0 1 0 0 0 0 0 0 0 0 0 0 0 0 0 0 0 2 0 0 0 0 0 0
1 32 0 80 25 18 10 0 0 43 1 530 4 2 260 1 1 0 0 74 0 378 0 1588 187 1 280 159 1 1 0 0 0 3 0 2 0 18 3 2 6 0 254 31 0 24 0 0 5 0 0 0 0 12 0 8 0 128 0 0 5 83 1 2 0 0 1 1
9 0 66 585 6 2245 1934 928 43 0 4 1272 63 337 73 0 0 0 0 312 6 0 17 37 0 1 3 1766 457 11 0 8 5 219 0 0 0 0 0 0 1 0 33 1 0 45 0 0 16 0 0 0 0 0 0 0 0 209 0 0 0 13 0 0 0 0 0 1
1 0 3 0 18 26 0 5 1 4 0 39 590 41 7 0 190 1797 261 3 1 0 6 0 11 856 40 0 151 1 124 322 1 1614 0 0 0 0 0 0 0 0 0 0 46 0 107 0 0 0 0 0 0 0 0 1 0 0 1 32 18 0 0 0 12 0 0 0
0 0 0 519 129 2820 4 139 530 1272 39 0 59 26 771 0 0 2 3 1592 0 2 0 704 1 1 2 206 176 0 0 22 0 103 0 0 0 16 2 5 3 0 34 43 0 420 1 0 39 0 0 0 0 21 0 1 0 60 0 0 0 13 0 0 0 0 0 0
0 130 0 7 165 21 15 2 4 63 590 59 0 2 28 1 0 8 1 16 6 84 7 10 1092 91 749 12 5 3 230 236 0 607 0 26 0 0 9 0 1 2 5 0 180 2 1212 0 7 0 0 0 1 0 0 23 1 4 201 87 72 0 0 0 44 5 0 64
1802 0 109 1 0 48 1176 3005 2 337 41 26 2 0 3 0 139 4 10 6 8 0 163 2 0 30 4 18 2075 420 0 24 0 32 0 0 0 0 0 0 0 0 0 0 0 0 0 0 0 0 0 0 0 0 0 0 0 4 0 0 1 5 0 0 0 0 0 0
0 0 6 34 928 853 15 13 260 73 7 771 28 3 0 2 0 1 0 64 22 6 6 225 0 2 2 93 4 2 0 74 0 20 0 0 0 8 1 0 0 0 9 20 0 13 0 0 5 0 0 0 0 12 1 0 1 16 0 0 0 5 0 0 0 0 0 0
0 2 1 0 0 0 2 0 1 0 0 0 1 0 2 0 3 0 0 0 238 533 911 699 0 2 2203 138 0 1 0 0 0 6 0 2 1 0 0 0 0 0 0 0 0 0 0 0 0 1175 0 0 0 0 31 69 376 101 0 1 194 15 0 0 0 0 0 4
59 3 1654 0 0 0 9 62 1 0 190 0 0 139 0 3 0 89 2677 0 18 1 2057 7 0 1031 730 10 188 206 0 1 6 1799 0 6 15 0 0 0 0 0 0 0 0 0 0 0 0 1 3 0 0 0 0 0 0 0 0 21 65 0 0 0 0 0 0 0
1 0 2 0 0 3 0 3 0 0 1797 2 8 4 1 0 89 0 770 0 0 0 1 0 0 467 9 0 32 1 0 17 1 66 0 0 0 0 0 0 0 0 0 0 0 0 0 0 0 0 0 0 0 0 0 0 0 0 0 1 0 0 0 0 0 0 0 0
11 1 139 0 0 2 0 2 0 0 261 3 1 10 0 0 2677 770 0 0 7 1 31 0 0 1993 138 0 83 22 1 2 1 309 0 3 0 0 0 0 0 0 0 0 0 0 2 0 0 0 0 0 1 0 0 0 0 0 1 20 30 0 0 0 0 0 0 1
0 0 0 2007 4 7 0 2 74 312 3 1592 16 6 64 0 0 0 0 0 0 1 0 93 0 0 0 388 28 0 0 1 1 8 0 0 0 13 0 3 4 0 17 12 0 22 0 0 8 0 0 0 0 27 0 0 0 172 0 0 0 70 0 0 0 0 0 0
0 0 111 0 1 4 57 13 0 6 1 0 6 8 22 238 18 0 7 0 0 0 6881 11 0 2 13 1790 20 2119 0 0 16 1193 0 0 0 0 0 0 0 0 0 0 0 0 1 0 0 31 0 0 0 0 28 1 7 68 0 0 0 25 0 8 0 0 0 0
1 287 2 2 0 0 1 0 378 0 0 2 84 0 6 533 1 0 1 1 0 0 1 1146 448 5 483 8 0 0 0 0 0 3 0 29 1 1 0 0 0 0 13 0 0 2 25 0 0 98 3 0 1 0 9 347 3 118 20 10 111 22 0 3 0 0 0 1
46 1 3799 0 1 18 218 150 0 17 6 0 7 163 6 911 2057 1 31 0 6881 1 0 13 0 135 3842 410 41 638 0 0 28 1810 0 2 54 0 0 0 0 0 0 0 0 0 2 0 0 282 1 0 0 0 15 8 199 19 0 5 326 6 0 4 0 0 0 2
1 118 6 470 39 13 30 1 1588 37 0 704 10 2 225 699 7 0 0 93 11 1146 13 0 83 12 1225 2008 7 2 0 7 1 26 3 29 7 59 0 5 36 1 89 102 0 82 0 1 7 168 0 0 0 48 78 48 29 633 0 0 31 426 6 32 0 0 5 17
0 608 0 0 0 1 0 0 187 0 11 1 1092 0 0 0 0 0 0 0 0 448 0 83 0 3 725 0 0 0 0 1 0 1 0 34 0 0 0 0 0 0 0 0 21 0 264 0 0 0 0 0 0 0 0 11 0 1 193 22 89 0 0 0 5 0 0 3
14 12 4054 0 0 3 9 15 1 1 856 1 91 30 2 2 1031 467 1993 0 2 5 135 12 3 0 3798 10 80 9 242 21 0 303 0 43 5 0 0 0 0 0 0 0 8 0 80 0 0 1 7 1 21 0 0 4 0 0 24 611 886 0 0 0 38 0 0 6
0 1171 3317 2 0 1 147 5 280 3 40 2 749 4 2 2203 730 9 138 0 13 483 3842 1225 725 3798 0 556 57 5 43 1 3 743 0 590 293 0 0 0 0 0 12 0 5 4 211 0 2 520 105 1 27 0 0 206 144 61 188 653 5586 12 0 0 33 0 0 44
3 5 85 1820 6 156 3632 26 159 1766 0 206 12 18 93 138 10 0 0 388 1790 8 410 2008 0 10 556 0 167 1424 0 3 46 310 2 4 9 12 0 1 36 0 61 5 0 21 0 3 7 30 0 0 0 15 46 11 10 404 0 0 6 255 9 85 0 0 2 22
1912 1 28 12 1 95 203 88 1 457 151 176 5 2075 4 0 188 32 83 28 20 0 41 7 0 80 57 167 0 917 0 51 1476 937 0 0 0 0 0 0 0 0 8 0 0 0 0 1 0 0 0 0 0 0 0 0 0 7 0 0 0 7 0 1 0 0 0 2
665 1 58 0 0 2 1784 18 1 11 1 0 3 420 2 1 206 1 22 0 2119 0 638 2 0 9 5 1424 917 0 0 0 282 783 0 1 0 0 0 0 0 0 0 0 0 0 0 0 0 4 0 0 0 0 24 1 0 15 0 0 1 20 1 13 0 0 0 2
0 0 0 0 0 0 0 0 0 0 124 0 230 0 0 0 0 0 1 0 0 0 0 0 0 242 43 0 0 0 0 0 0 1 0 1 0 0 0 0 0 0 0 0 2 0 22 0 0 0 0 0 0 0 0 0 0 0 2 39 11 0 0 0 6 0 0 0
0 2 0 1 190 92 1 11 0 8 322 22 236 24 74 0 1 17 2 1 0 0 0 7 1 21 1 3 51 0 0 0 0 244 0 0 0 0 0 0 0 0 0 0 0 0 1 0 0 0 0 0 0 0 0 0 0 0 0 0 0 0 0 0 0 0 0 0
16 0 2 0 0 2 31 1 0 5 1 0 0 0 0 0 6 1 1 1 16 0 28 1 0 0 3 46 1476 282 0 0 0 354 0 0 0 0 0 0 1 0 0 0 0 0 0 0 0 0 0 0 0 0 0 0 0 2 0 0 0 0 0 0 0 0 0 0
8 9 153 15 245 45 99 8 3 219 1614 103 607 32 20 6 1799 66 309 8 1193 3 1810 26 1 303 743 310 937 783 1 244 354 0 1 5 8 0 0 0 6 0 3 0 0 2 2 0 0 5 1 0 1 0 0 4 2 16 5 19 74 28 0 4 1 0 0 5
0 0 0 0 0 0 0 0 0 0 0 0 0 0 0 0 0 0 0 0 0 0 0 3 0 0 0 2 0 0 0 0 0 1 0 0 13 0 0 3 229 18 1 5 6 4 0 1175 1 0 18 1 6 0 0 0 1 2 0 7 2 5 1122 608 0 0 0 9
0 246 7 0 0 0 0 1 2 0 0 0 26 0 0 2 6 0 3 0 0 29 2 29 34 43 590 4 0 1 1 0 0 5 0 0 2 0 0 0 0 0 49 0 0 1 101 1 8 8 6 0 0 0 0 397 1 118 881 20 2130 1 0 0 2 0 0 0
0 1 90 0 0 0 0 0 0 0 0 0 0 0 0 1 15 0 0 0 0 1 54 7 0 5 293 9 0 0 0 0 0 8 13 2 0 0 0 7 710 284 0 68 0 0 0 558 8 1 1658 1 14 0 71 0 2687 7 0 2514 3578 173 0 21 0 0 0 43
0 0 0 2 0 1 0 0 18 0 0 16 0 0 8 0 0 0 0 13 0 1 0 59 0 0 0 12 0 0 0 0 0 0 0 0 0 0 4 28 1 2 66 677 2 854 0 2 27 0 0 0 0 2118 0 1 0 530 0 0 0 1429 23 0 0 0 0 74
0 0 0 0 0 0 0 0 3 0 0 2 9 0 1 0 0 0 0 0 0 0 0 0 0 0 0 0 0 0 0 0 0 0 0 0 0 4 0 223 0 75 88 3 25 58 14 5 1044 0 0 1 0 0 0 5 0 56 0 0 0 13 2 0 0 214 0 48
0 0 0 1 0 9 1 1 2 0 0 5 0 0 0 0 0 0 0 3 0 0 0 5 0 0 0 1 0 0 0 0 0 0 3 0 7 28 223 0 168 1279 14 2296 3 2278 1 66 320 0 0 1 1 7 3 1 5 31 0 3 1 324 49 0 0 14 0 50
0 0 0 1 0 1 2 0 6 1 0 3 1 0 0 0 0 0 0 4 0 0 0 36 0 0 0 36 0 0 0 0 1 6 229 0 710 1 0 168 0 189 3 1464 1 11 0 2132 24 0 175 0 24 0 130 0 465 47 0 34 69 3571 264 3094 0 1 30 143
0 0 0 0 0 1 0 0 0 0 0 0 2 0 0 0 0 0 0 0 0 0 0 1 0 0 0 0 0 0 0 0 0 0 18 0 284 2 75 1279 189 0 2 598 39 29 2 2480 21 0 7 4 1 2 3 0 40 7 0 9 1 31 38 4 1 127 0 32
0 4 1 26 0 8 5 0 254 33 0 34 5 0 9 0 0 0 0 17 0 13 0 89 0 0 12 61 8 0 0 0 0 3 1 49 0 66 88 14 3 2 0 25 16 248 19 0 373 0 0 2 2 80 0 481 0 1915 249 10 304 107 7 6 0 4 0 39
0 0 0 7 0 0 0 0 31 1 0 43 0 0 20 0 0 0 0 12 0 0 0 102 0 0 0 5 0 0 0 0 0 0 5 0 68 677 3 2296 1464 598 25 0 1 2082 2 195 44 0 1 0 1 452 6 0 16 181 0 1 6 1511 305 1 0 0 2 281
0 1 0 0 0 0 0 0 0 0 46 0 180 0 0 0 0 0 0 0 0 0 0 0 21 8 5 0 0 0 2 0 0 0 6 0 0 2 25 3 1 39 16 1 0 30 456 71 57 0 14 968 645 0 1 1 3 7 17 788 14 0 347 24 56 464 2 1134
0 0 0 17 1 28 3 1 24 45 0 420 2 0 13 0 0 0 0 22 0 2 0 82 0 0 4 21 0 0 0 0 0 2 4 1 0 854 58 2278 11 29 248 2082 30 0 2 44 880 0 0 2 6 1431 0 3 0 845 0 1 5 425 161 0 0 4 0 253
0 36 0 0 0 0 0 0 0 0 107 1 1212 0 0 0 0 0 2 0 1 25 2 0 264 80 211 0 0 0 22 1 0 2 0 101 0 0 14 1 0 2 19 2 456 2 0 1 10 1 0 0 0 0 1 64 0 5 1067 49 634 0 3 0 478 102 0 388
0 0 0 0 0 0 0 0 0 0 0 0 0 0 0 0 0 0 0 0 0 0 0 1 0 0 0 3 1 0 0 0 0 0 1175 1 558 2 5 66 2132 2480 0 195 71 44 1 0 12 0 105 2 15 6 6 0 52 5 0 53 2 25 1997 244 1 2 4 63
0 0 0 10 1 0 2 0 5 16 0 39 7 0 5 0 0 0 0 8 0 0 0 7 0 0 2 7 0 0 0 0 0 0 1 8 8 27 1044 320 24 21 373 44 57 880 10 12 0 1 0 6 6 22 25 14 6 223 0 5 10 91 15 5 0 17 4 43
0 2 0 0 0 0 2 0 0 0 0 0 0 0 0 1175 1 0 0 0 31 98 282 168 0 1 520 30 0 4 0 0 0 5 0 8 1 0 0 0 0 0 0 0 0 0 1 0 1 0 0 0 0 0 279 988 522 1281 0 0 1773 176 1 0 0 0 0 4
0 2 28 0 0 0 0 0 0 0 0 0 0 0 0 0 3 0 0 0 0 3 1 0 0 7 105 0 0 0 0 0 0 1 18 6 1658 0 0 0 175 7 0 1 14 0 0 105 0 0 0 7 2333 0 37 0 1259 4 0 1116 565 26 4 208 0 0 2 1260
0 0 0 0 0 0 0 0 0 0 0 0 0 0 0 0 0 0 0 0 0 0 0 0 0 1 1 0 0 0 0 0 0 0 1 0 1 0 1 1 0 4 2 0 968 2 0 2 6 0 7 0 220 0 0 0 0 0 0 400 0 0 6 4 0 1 0 38
0 0 6 0 0 0 0 0 0 0 0 0 1 0 0 0 0 0 1 0 0 1 0 0 0 21 27 0 0 0 0 0 0 1 6 0 14 0 0 1 24 1 2 1 645 6 0 15 6 0 2333 220 0 0 11 1 29 2 0 1025 94 0 15 211 0 0 4 975
0 0 0 5 0 0 0 0 12 0 0 21 0 0 12 0 0 0 0 27 0 0 0 48 0 0 0 15 0 0 0 0 0 0 0 0 0 2118 0 7 0 2 80 452 0 1431 0 6 22 0 0 0 0 0 0 0 0 451 0 0 0 116 34 0 0 1 0 48
0 0 0 0 0 0 0 0 0 0 0 0 0 0 1 31 0 0 0 0 28 9 15 78 0 0 0 46 0 24 0 0 0 0 0 0 71 0 0 3 130 3 0 6 1 0 1 6 25 279 37 0 11 0 0 1 6253 82 0 0 22 1354 58 2646 0 0 17 928
0 75 2 0 0 0 1 0 8 0 1 1 23 0 0 69 0 0 0 0 1 347 8 48 11 4 206 11 0 1 0 0 0 4 0 397 0 1 5 1 0 0 481 0 1 3 64 0 14 988 0 0 1 0 1 0 3 1104 262 2 605 13 0 0 1 3 0 4
0 0 4 0 1 0 0 0 0 0 0 0 1 0 1 376 0 0 0 0 7 3 199 29 0 0 144 10 0 0 0 0 0 2 1 1 2687 0 0 5 465 40 0 16 3 0 0 52 6 522 1259 0 29 0 6253 3 0 18 0 47 2501 344 25 425 0 0 4 1101
0 11 1 157 1 6 32 0 128 209 0 60 4 4 16 101 0 0 0 172 68 118 19 633 1 0 61 404 7 15 0 0 2 16 2 118 7 530 56 31 47 7 1915 181 7 845 5 5 223 1281 4 0 2 451 82 1104 18 0 127 2 1064 2390 15 3 0 3 1 45
0 24 0 0 0 0 0 0 0 0 1 0 201 0 0 0 0 0 1 0 0 20 0 0 193 24 188 0 0 0 2 0 0 5 0 881 0 0 0 0 0 0 249 0 17 0 1067 0 0 0 0 0 0 0 0 262 0 127 0 9 1106 0 0 0 6 1 0 3
0 26 72 0 0 0 0 0 0 0 32 0 87 0 0 1 21 1 20 0 0 10 5 0 22 611 653 0 0 0 39 0 0 19 7 20 2514 0 0 3 34 9 10 1 788 1 49 53 5 0 1116 400 1025 0 0 2 47 2 9 0 1986 3 4 39 160 3 0 55
0 219 369 0 1 0 0 0 5 0 18 0 72 1 0 194 65 0 30 0 0 111 326 31 89 886 5586 6 0 1 11 0 0 74 2 2130 3578 0 0 1 69 1 304 6 14 5 634 2 10 1773 565 0 94 0 22 605 2501 1064 1106 1986 0 444 1 9 131 0 2 338
4 0 0 34 0 8 18 2 83 13 0 13 0 5 5 15 0 0 0 70 25 22 6 426 0 0 12 255 7 20 0 0 0 28 5 1 173 1429 13 324 3571 31 107 1511 0 425 0 25 91 176 26 0 0 116 1354 13 344 2390 0 3 444 0 105 1490 0 0 33 225
1 0 0 0 0 0 0 0 1 0 0 0 0 0 0 0 0 0 0 0 0 0 0 6 0 0 0 9 0 1 0 0 0 0 1122 0 0 23 2 49 264 38 7 305 347 161 3 1997 15 1 4 6 15 34 58 0 25 15 0 4 1 105 0 1077 1 287 1187 1331
0 0 1 0 0 0 2 0 2 0 0 0 0 0 0 0 0 0 0 0 8 3 4 32 0 0 0 85 1 13 0 0 0 4 608 0 21 0 0 0 3094 4 6 1 24 0 0 244 5 0 208 4 211 0 2646 0 425 3 0 39 9 1490 1077 0 0 0 163 970
0 3 0 0 0 0 0 0 0 0 12 0 44 0 0 0 0 0 0 0 0 0 0 0 5 38 33 0 0 0 6 0 0 1 0 2 0 0 0 0 0 1 0 0 56 0 478 1 0 0 0 0 0 0 0 1 0 0 6 160 131 0 1 0 0 0 0 3
0 0 0 0 0 0 0 0 0 0 0 0 5 0 0 0 0 0 0 0 0 0 0 0 0 0 0 0 0 0 0 0 0 0 0 0 0 0 214 14 1 127 4 0 464 4 102 2 17 0 0 1 0 1 0 3 0 3 1 3 0 0 287 0 0 0 0 453
0 0 0 0 0 0 0 0 1 0 0 0 0 0 0 0 0 0 0 0 0 0 0 5 0 0 0 2 0 0 0 0 0 0 0 0 0 0 0 0 30 0 0 2 2 0 0 4 4 0 2 0 4 0 17 0 4 1 0 0 2 33 1187 163 0 0 0 382
0 3 5 0 0 1 3 0 1 1 0 0 64 0 0 4 0 0 1 0 0 1 2 17 3 6 44 22 2 2 0 0 0 5 9 0 43 74 48 50 143 32 39 281 1134 253 388 63 43 4 1260 38 975 48 928 4 1101 45 3 55 338 225 1331 970 3 453 382 0
