0 0 14 1 0 0 265 27 0 7 5 0 1 1155 2 0 27 8 15 1 1 0 0 1 0 27 5 6 1676 448 0 0 7 20 0 0 0 0 0 0 0 0 0 0 0 0 0 0 0 1 0 0 0 0 0 0 0 0 0 0 0 0 0 0 0 0 0 0
0 0 2 0 2 1 11 3 34 0 0 0 26 2 7 3 4 0 2 0 0 414 0 89 835 10 1600 2 2 3 1 0 0 9 0 167 12 0 0 0 0 0 3 0 1 0 25 0 0 3 1 0 2 0 0 25 1 2 51 35 309 0 0 0 3 0 0 2
14 2 0 0 0 9 283 260 0 10 0 0 0 212 7 0 1804 2 59 0 234 1 2303 0 0 3426 3832 40 39 422 1 0 0 232 0 6 116 0 0 0 0 0 0 0 0 0 0 0 0 1 6 1 4 0 0 6 1 1 1 15 279 1 0 0 0 0 0 7
1 0 0 0 7 5 0 4 86 1066 0 818 1 2 44 0 0 0 0 2264 0 2 0 803 0 0 2 1336 11 0 0 1 0 13 0 0 0 264 0 1 0 0 14 11 0 53 0 0 6 0 0 0 0 94 0 0 0 86 0 0 0 12 0 0 0 0 0 0
0 2 0 7 0 357 3 19 66 13 28 90 111 0 898 1 0 0 0 16 11 6 37 76 0 0 1 22 1 0 0 71 0 478 0 0 0 0 22 5 0 1 1 5 1 2 0 0 8 0 0 0 0 0 0 1 0 1 2 0 0 0 0 0 0 0 0 2
0 1 9 5 357 0 131 2300 58 2904 35 2868 150 44 1151 0 1 9 2 86 1 1 1 38 0 22 12 131 28 0 2 8 0 45 0 0 0 0 1 28 5 4 2 7 0 220 2 0 0 4 0 0 0 19 0 0 0 37 1 0 0 16 0 0 0 0 0 19
265 11 283 0 3 131 0 755 10 1787 4 3 21 1282 65 4 5 0 0 4 112 0 59 50 0 11 74 4771 221 1838 0 7 27 177 0 3 0 0 0 0 0 0 4 0 0 0 0 0 2 6 0 0 0 4 0 0 0 11 0 0 1 5 0 0 0 0 0 0
27 3 260 4 19 2300 755 0 5 1454 53 407 42 3813 55 0 42 7 1 73 0 1 25 14 0 36 7 58 51 66 1 378 1 47 0 0 0 0 1 6 0 0 4 0 0 55 0 0 0 3 0 0 0 2 0 1 0 9 0 0 0 2 0 0 0 0 0 3
0 34 0 86 66 58 10 5 0 42 5 334 17 1 263 1 0 0 1 90 0 477 0 2509 194 3 213 181 1 0 0 1 1 6 0 3 0 8 1 3 6 2 187 27 0 29 0 0 6 8 0 0 0 21 1 32 0 272 5 0 6 58 1 0 0 0 0 3
7 0 10 1066 13 2904 1787 1454 42 0 5 1732 51 346 51 0 1 1 1 1208 0 0 2 143 0 0 0 1523 197 1 0 2 0 196 0 0 0 3 1 5 1 0 19 2 0 78 0 0 7 0 0 0 0 22 0 1 0 205 0 0 0 2 0 0 0 0 0 1
5 0 0 0 28 35 4 53 5 5 0 8 651 38 1 0 49 2377 472 1 0 1 1 0 44 795 34 0 213 2 39 273 1 1037 0 2 0 0 0 0 0 0 0 0 78 0 119 0 0 0 0 0 0 0 0 0 0 0 87 12 20 0 3 0 26 6 0 14
0 0 0 818 90 2868 3 407 334 1732 8 0 18 61 565 0 0 1 2 1213 0 0 0 391 0 0 0 332 25 0 0 1 0 42 0 0 0 42 6 119 1 8 14 81 0 804 0 1 25 0 0 0 0 143 0 0 0 29 0 0 0 38 0 0 0 0 0 3
1 26 0 1 111 150 21 42 17 51 651 18 0 13 49 1 0 2 0 20 5 26 6 19 733 41 609 37 39 4 220 129 1 546 0 10 0 2 5 21 7 5 3 7 112 11 693 4 7 1 0 0 0 20 0 3 0 8 315 35 70 14 5 0 82 20 0 173
1155 2 212 2 0 44 1282 3813 1 346 38 61 13 0 8 0 136 15 8 56 2 0 39 8 2 68 13 56 1781 813 1 311 1 66 1 1 0 0 0 0 0 0 4 0 0 1 0 0 0 0 0 0 0 0 0 0 0 5 0 0 0 0 0 0 0 0 0 2
2 7 7 44 898 1151 65 55 263 51 1 565 49 8 0 1 0 0 0 38 35 10 26 278 1 1 23 119 17 5 0 9 1 56 0 0 0 4 4 10 0 1 1 18 0 32 0 0 25 4 0 0 0 27 0 0 0 5 0 0 1 3 0 0 0 0 0 7
0 3 0 0 1 0 4 0 1 0 0 0 1 0 1 0 0 0 1 0 740 1157 1431 636 1 0 996 63 0 0 0 0 0 2 0 1 1 0 0 0 0 0 5 0 0 0 0 0 0 1139 1 0 0 0 20 53 190 91 0 0 83 6 0 0 0 0 0 0
27 4 1804 0 0 1 5 42 0 1 49 0 0 136 0 0 0 29 1993 0 24 1 1312 0 0 1212 446 4 262 295 0 1 27 1542 0 1 3 0 0 0 0 0 0 0 0 0 0 0 0 0 0 0 0 0 0 3 0 0 0 2 32 0 0 0 0 0 0 0
8 0 2 0 0 9 0 7 0 1 2377 1 2 15 0 0 29 0 737 0 0 0 2 0 0 753 10 0 35 3 0 5 2 120 0 0 0 0 0 0 0 0 0 0 0 0 2 0 0 0 0 0 0 0 0 0 0 0 2 5 5 0 0 0 0 0 0 0
15 2 59 0 0 2 0 1 1 1 472 2 0 8 0 1 1993 737 0 0 2 1 17 1 1 2312 107 0 32 26 4 1 4 570 0 2 0 0 0 0 0 0 0 0 1 0 5 0 0 0 0 0 0 0 0 0 0 0 11 14 34 0 0 0 3 0 0 1
1 0 0 2264 16 86 4 73 90 1208 1 1213 20 56 38 0 0 0 0 0 0 0 0 142 0 0 0 657 21 0 0 0 0 29 0 0 0 40 1 6 6 0 25 47 0 89 0 0 21 0 0 0 0 205 0 0 0 178 0 0 0 118 0 0 0 0 0 1
1 0 234 0 11 1 112 0 0 0 0 0 5 2 35 740 24 0 2 0 0 14 7655 36 0 5 192 1437 40 3329 0 2 11 1411 0 0 1 0 0 0 0 0 1 0 0 0 0 0 0 68 0 0 0 0 4 5 6 64 0 0 2 3 0 0 0 0 0 7
0 414 1 2 6 1 0 1 477 0 1 0 26 0 10 1157 1 0 1 0 14 0 7 826 344 3 1614 4 0 0 0 0 0 3 0 52 5 0 2 0 1 0 54 0 2 0 3 0 3 198 3 0 0 0 7 405 12 148 26 1 127 4 0 0 0 0 0 4
0 0 2303 0 37 1 59 25 0 2 1 0 6 39 26 1431 1312 2 17 0 7655 7 0 18 0 60 2322 171 22 828 0 2 5 1622 0 0 14 0 0 0 0 0 0 0 0 1 0 0 0 555 0 0 0 0 5 7 194 20 0 0 118 4 0 0 0 0 0 3
1 89 0 803 76 38 50 14 2509 143 0 391 19 8 278 636 0 0 1 142 36 826 18 0 147 1 780 1989 13 1 0 0 0 23 0 7 0 29 1 28 40 11 209 85 0 65 0 2 12 226 0 0 0 71 32 119 22 1604 2 0 18 323 1 0 0 0 0 17
0 835 0 0 0 0 0 0 194 0 44 0 733 2 1 1 0 0 1 0 0 344 0 147 0 3 1394 0 2 0 3 4 0 7 0 47 0 0 0 1 0 0 0 0 35 0 198 0 0 0 0 0 1 0 0 4 0 1 375 18 132 0 1 0 23 2 0 26
27 10 3426 0 0 22 11 36 3 0 795 0 41 68 1 0 1212 753 2312 0 5 3 60 1 3 0 3174 2 98 37 363 4 8 489 0 52 31 0 0 0 0 0 0 0 8 0 116 0 0 0 1 0 5 0 0 1 0 0 109 268 730 0 0 0 90 0 0 7
5 1600 3832 2 1 12 74 7 213 0 34 0 609 13 23 996 446 10 107 0 192 1614 2322 780 1394 3174 0 456 47 14 236 6 6 935 0 549 472 0 0 0 0 0 3 0 17 0 347 0 1 594 15 1 14 0 0 157 221 18 560 492 6171 1 0 0 88 0 0 26
6 2 40 1336 22 131 4771 58 181 1523 0 332 37 56 119 63 4 0 0 657 1437 4 171 1989 0 2 456 0 129 1268 0 0 13 229 0 2 0 11 0 26 21 1 53 3 0 77 1 1 6 58 0 0 0 54 7 3 3 478 0 0 3 147 0 0 0 0 0 11
1676 2 39 11 1 28 221 51 1 197 213 25 39 1781 17 0 262 35 32 21 40 0 22 13 2 98 47 129 0 1433 2 115 994 1045 0 0 0 0 0 1 0 0 1 0 1 0 1 0 0 2 0 0 0 0 0 0 0 1 3 0 2 0 0 0 0 0 0 4
448 3 422 0 0 0 1838 66 0 1 2 0 4 813 5 0 295 3 26 0 3329 0 828 1 0 37 14 1268 1433 0 0 6 173 1059 0 1 0 0 0 0 0 0 0 0 0 0 0 0 0 0 0 0 0 0 0 0 0 1 0 0 1 0 0 0 0 0 0 0
0 1 1 0 0 2 0 1 0 0 39 0 220 1 0 0 0 0 4 0 0 0 0 0 3 363 236 0 2 0 0 1 0 9 0 3 0 0 0 0 0 0 0 0 4 0 88 0 0 0 0 0 0 0 0 0 0 0 33 23 42 0 0 0 29 0 0 1
0 0 0 1 71 8 7 378 1 2 273 1 129 311 9 0 1 5 1 0 2 0 2 0 4 4 6 0 115 6 1 0 1 598 0 0 0 0 0 0 0 0 0 0 12 0 6 0 0 0 0 0 0 0 0 0 0 0 6 0 0 0 0 0 0 0 0 3
7 0 0 0 0 0 27 1 1 0 1 0 1 1 1 0 27 2 4 0 11 0 5 0 0 8 6 13 994 173 0 1 0 496 0 0 0 0 0 0 0 0 0 0 0 0 0 0 0 0 0 0 0 0 0 0 0 0 0 0 0 0 0 0 0 0 0 0
20 9 232 13 478 45 177 47 6 196 1037 42 546 66 56 2 1542 120 570 29 1411 3 1622 23 7 489 935 229 1045 1059 9 598 496 0 0 20 12 0 0 2 1 1 3 0 3 1 4 0 1 1 0 0 0 0 1 1 0 26 20 14 91 3 0 0 4 1 0 5
0 0 0 0 0 0 0 0 0 0 0 0 0 1 0 0 0 0 0 0 0 0 0 0 0 0 0 0 0 0 0 0 0 0 0 0 7 1 0 14 725 65 3 24 15 5 0 1051 0 0 2 1 32 0 1 0 0 0 0 28 9 3 1277 219 0 1 4 34
0 167 6 0 0 0 3 0 3 0 2 0 10 1 0 1 1 0 2 0 0 52 0 7 47 52 549 2 0 1 3 0 0 20 0 0 3 0 0 0 2 0 110 0 0 0 15 0 27 3 0 2 12 0 0 410 1 149 991 5 1500 1 2 1 1 0 0 51
0 12 116 0 0 0 0 0 0 0 0 0 0 0 0 1 3 0 0 0 1 5 14 0 0 31 472 0 0 0 0 0 0 12 7 3 0 0 0 0 638 77 1 0 0 0 0 57 0 1 1601 0 102 0 78 0 1960 1 0 2054 3794 54 1 287 0 0 0 25
0 0 0 264 0 0 0 0 8 3 0 42 2 0 4 0 0 0 0 40 0 0 0 29 0 0 0 11 0 0 0 0 0 0 1 0 0 0 9 6 2 3 57 1310 1 757 0 0 25 0 0 0 0 2253 0 0 0 681 0 0 0 1480 5 0 0 0 0 7
0 0 0 0 22 1 0 1 1 1 0 6 5 0 4 0 0 0 0 1 0 2 0 1 0 0 0 0 0 0 0 0 0 0 0 0 0 9 0 542 5 1 92 15 5 128 5 0 947 1 0 0 0 12 0 3 3 115 3 0 0 22 0 0 0 87 0 161
0 0 0 1 5 28 0 6 3 5 0 119 21 0 10 0 0 0 0 6 0 0 0 28 1 0 0 26 1 0 0 0 0 2 14 0 0 6 542 0 175 2506 54 2208 32 2318 0 59 687 1 0 2 0 24 0 0 0 35 0 17 2 63 53 1 1 7 0 130
0 0 0 0 0 5 0 0 6 1 0 1 7 0 0 0 0 0 0 6 0 1 0 40 0 0 0 21 0 0 0 0 0 1 725 2 638 2 5 175 0 966 12 2019 29 11 3 2585 33 22 124 3 55 10 45 0 162 347 0 77 21 4696 341 1356 0 7 14 217
0 0 0 0 1 4 0 0 2 0 0 8 5 0 1 0 0 0 0 0 0 0 0 11 0 0 0 1 0 0 0 0 0 1 65 0 77 3 1 2506 966 0 34 825 14 218 0 2293 14 0 14 1 2 13 0 0 3 11 1 22 1 45 52 20 2 222 0 76
0 3 0 14 1 2 4 4 187 19 0 14 3 4 1 5 0 0 0 25 1 54 0 209 0 0 3 53 1 0 0 0 0 3 3 110 1 57 92 54 12 34 0 43 14 251 2 3 288 1 0 0 0 83 0 242 0 2170 139 5 68 96 7 0 0 16 0 39
0 0 0 11 5 7 0 0 27 2 0 81 7 0 18 0 0 0 0 47 0 0 0 85 0 0 0 3 0 0 0 0 0 0 24 0 0 1310 15 2208 2019 825 43 0 27 1744 2 391 83 0 0 0 0 1827 0 0 0 119 0 0 0 2157 189 5 0 8 1 385
0 1 0 0 1 0 0 0 0 0 78 0 112 0 0 0 0 0 1 0 0 2 0 0 35 8 17 0 1 0 4 12 0 3 15 0 0 1 5 32 29 14 14 27 0 31 617 51 1 0 13 1401 158 0 5 0 4 2 108 802 45 14 346 11 155 317 1 1389
0 0 0 53 2 220 0 55 29 78 0 804 11 1 32 0 0 0 0 89 0 0 1 65 0 0 0 77 0 0 0 0 0 1 5 0 0 757 128 2318 11 218 251 1744 31 0 0 57 860 0 0 0 0 2020 0 0 0 372 2 0 0 407 86 0 0 3 0 153
0 25 0 0 0 2 0 0 0 0 119 0 693 0 0 0 0 2 5 0 0 3 0 0 198 116 347 1 1 0 88 6 0 4 0 15 0 0 5 0 3 0 2 2 617 0 0 0 8 1 0 0 0 0 1 3 0 4 584 20 732 2 17 0 395 82 0 161
0 0 0 0 0 0 0 0 0 0 0 1 4 0 0 0 0 0 0 0 0 0 0 2 0 0 0 1 0 0 0 0 0 0 1051 0 57 0 0 59 2585 2293 3 391 51 57 0 0 0 0 27 0 24 7 1 0 7 4 0 43 2 14 1221 187 3 20 3 86
0 0 0 6 8 0 2 0 6 7 0 25 7 0 25 0 0 0 0 21 0 3 0 12 0 0 1 6 0 0 0 0 0 1 0 27 0 25 947 687 33 14 288 83 1 860 8 0 0 6 0 0 0 31 15 3 20 383 3 0 10 105 5 1 0 8 0 27
1 3 1 0 0 4 6 3 8 0 0 0 1 0 4 1139 0 0 0 0 68 198 555 226 0 0 594 58 2 0 0 0 0 1 0 3 1 0 1 1 22 0 1 0 0 0 1 0 6 0 0 0 0 0 955 998 1213 1320 0 2 1462 181 0 0 0 1 0 9
0 1 6 0 0 0 0 0 0 0 0 0 0 0 0 1 0 0 0 0 0 3 0 0 0 1 15 0 0 0 0 0 0 0 2 0 1601 0 0 0 124 14 0 0 13 0 0 27 0 0 0 22 1687 0 70 2 1437 2 0 708 468 14 9 508 0 0 2 962
0 0 1 0 0 0 0 0 0 0 0 0 0 0 0 0 0 0 0 0 0 0 0 0 0 0 1 0 0 0 0 0 0 0 1 2 0 0 0 2 3 1 0 0 1401 0 0 0 0 0 22 0 579 0 6 1 5 1 0 400 7 0 2 9 0 0 0 94
0 2 4 0 0 0 0 0 0 0 0 0 0 0 0 0 0 0 0 0 0 0 0 0 1 5 14 0 0 0 0 0 0 0 32 12 102 0 0 0 55 2 0 0 158 0 0 24 0 0 1687 579 0 0 18 3 76 2 0 1608 214 1 18 166 0 0 1 684
0 0 0 94 0 19 4 2 21 22 0 143 20 0 27 0 0 0 0 205 0 0 0 71 0 0 0 54 0 0 0 0 0 0 0 0 0 2253 12 24 10 13 83 1827 0 2020 0 7 31 0 0 0 0 0 0 2 0 182 0 0 0 587 15 0 0 2 0 29
0 0 0 0 0 0 0 0 1 0 0 0 0 0 0 20 0 0 0 0 4 7 5 32 0 0 0 7 0 0 0 0 0 1 1 0 78 0 0 0 45 0 0 0 5 0 1 1 15 955 70 6 18 0 0 7 7019 42 1 7 71 1656 16 2324 0 0 3 1241
0 25 6 0 1 0 0 1 32 1 0 0 3 0 0 53 3 0 0 0 5 405 7 119 4 1 157 3 0 0 0 0 0 1 0 410 0 0 3 0 0 0 242 0 0 0 3 0 3 998 2 1 3 2 7 0 2 700 147 1 881 1 0 0 0 0 0 11
0 1 1 0 0 0 0 0 0 0 0 0 0 0 0 190 0 0 0 0 6 12 194 22 0 0 221 3 0 0 0 0 0 0 0 1 1960 0 3 0 162 3 0 0 4 0 0 7 20 1213 1437 5 76 0 7019 2 0 112 0 97 1290 189 3 718 0 0 0 1082
0 2 1 86 1 37 11 9 272 205 0 29 8 5 5 91 0 0 0 178 64 148 20 1604 1 0 18 478 1 1 0 0 0 26 0 149 1 681 115 35 347 11 2170 119 2 372 4 4 383 1320 2 1 2 182 42 700 112 0 93 0 303 2973 26 1 0 3 10 46
0 51 1 0 2 1 0 0 5 0 87 0 315 0 0 0 0 2 11 0 0 26 0 2 375 109 560 0 3 0 33 6 0 20 0 991 0 0 3 0 0 1 139 0 108 2 584 0 3 0 0 0 0 0 1 147 0 93 0 3 763 0 2 0 4 23 0 119
0 35 15 0 0 0 0 0 0 0 12 0 35 0 0 0 2 5 14 0 0 1 0 0 18 268 492 0 0 0 23 0 0 14 28 5 2054 0 0 17 77 22 5 0 802 0 20 43 0 2 708 400 1608 0 7 1 97 0 3 0 2919 2 26 88 161 14 2 259
0 309 279 0 0 0 1 0 6 0 20 0 70 0 1 83 32 5 34 0 2 127 118 18 132 730 6171 3 2 1 42 0 0 91 9 1500 3794 0 0 2 21 1 68 0 45 0 732 2 10 1462 468 7 214 0 71 881 1290 303 763 2919 0 63 5 19 276 1 2 563
0 0 1 12 0 16 5 2 58 2 0 38 14 0 3 6 0 0 0 118 3 4 4 323 0 0 1 147 0 0 0 0 0 3 3 1 54 1480 22 63 4696 45 96 2157 14 407 2 14 105 181 14 0 1 587 1656 1 189 2973 0 2 63 0 91 1428 0 2 11 395
0 0 0 0 0 0 0 0 1 0 3 0 5 0 0 0 0 0 0 0 0 0 0 1 1 0 0 0 0 0 0 0 0 0 1277 2 1 5 0 53 341 52 7 189 346 86 17 1221 5 0 9 2 18 15 16 0 3 26 2 26 5 91 0 949 3 124 1169 1279
0 0 0 0 0 0 0 0 0 0 0 0 0 0 0 0 0 0 0 0 0 0 0 0 0 0 0 0 0 0 0 0 0 0 219 1 287 0 0 1 1356 20 0 5 11 0 0 187 1 0 508 9 166 0 2324 0 718 1 0 88 19 1428 949 0 0 0 145 1207
0 3 0 0 0 0 0 0 0 0 26 0 82 0 0 0 0 0 3 0 0 0 0 0 23 90 88 0 0 0 29 0 0 4 0 1 0 0 0 1 0 2 0 0 155 0 395 3 0 0 0 0 0 0 0 0 0 0 4 161 276 0 3 0 0 2 0 10
0 0 0 0 0 0 0 0 0 0 6 0 20 0 0 0 0 0 0 0 0 0 0 0 2 0 0 0 0 0 0 0 0 1 1 0 0 0 87 7 7 222 16 8 317 3 82 20 8 1 0 0 0 2 0 0 0 3 23 14 1 2 124 0 2 0 0 748
0 0 0 0 0 0 0 0 0 0 0 0 0 0 0 0 0 0 0 0 0 0 0 0 0 0 0 0 0 0 0 0 0 0 4 0 0 0 0 0 14 0 0 1 1 0 0 3 0 0 2 0 1 0 3 0 0 10 0 2 2 11 1169 145 0 0 0 429
0 2 7 0 2 19 0 3 3 1 14 3 173 2 7 0 0 0 1 1 7 4 3 17 26 7 26 11 4 0 1 3 0 5 34 51 25 7 161 130 217 76 39 385 1389 153 161 86 27 9 962 94 684 29 1241 11 1082 46 119 259 563 395 1279 1207 10 748 429 0
