0 0 3 0 0 0 396 11 0 0 0 1 0 764 0 0 35 0 0 0 2 0 33 0 0 10 1 1 903 214 0 0 0 4 0 0 0 0 0 0 0 0 0 0 0 1 0 0 0 0 0 0 0 0 0 0 0 0 0 0 0 0 0 0 0 0 0 0
0 0 1 0 0 2 1 1 10 0 0 0 26 0 2 2 6 0 1 0 0 186 0 25 444 5 997 1 1 2 0 0 0 5 0 136 1 0 0 0 0 0 1 0 0 0 3 0 0 2 1 0 0 0 0 2 0 0 5 15 172 0 0 0 0 0 0 1
3 1 0 0 0 2 107 62 0 2 0 1 0 71 1 4 201 0 3 0 37 3 2352 17 0 1996 3143 78 1 40 0 0 0 70 0 0 43 0 0 0 0 0 0 0 0 0 0 0 0 3 6 0 6 0 0 0 14 0 0 50 145 0 1 0 0 0 0 1
0 0 0 0 10 8 16 6 68 317 1 540 6 0 28 0 0 0 0 1695 0 0 0 635 0 0 0 1808 5 0 0 0 0 8 0 0 0 40 0 2 0 0 35 12 0 67 1 0 17 0 0 0 0 11 0 0 0 182 0 0 0 111 0 0 0 0 0 0
0 0 0 10 0 157 1 6 84 1 38 118 78 0 761 0 0 0 0 4 0 5 1 53 0 0 1 10 0 1 0 249 0 295 0 0 0 0 3 0 0 0 1 0 0 2 0 0 16 0 0 0 0 1 0 0 0 5 0 0 0 0 0 0 0 0 0 0
0 2 2 8 157 0 282 1650 57 2665 16 3919 71 31 314 0 4 4 1 138 1 0 4 11 0 6 6 44 29 0 0 17 1 19 0 0 0 1 6 5 0 0 6 14 0 14 0 0 10 0 0 0 0 7 0 0 0 29 0 0 0 16 0 0 0 0 0 7
396 1 107 16 1 282 0 331 3 1522 3 18 15 1625 15 0 4 1 2 9 116 0 52 112 0 10 4 5334 272 866 0 1 29 52 0 0 0 0 0 0 0 0 4 0 0 0 1 0 0 1 0 0 0 0 1 0 0 5 0 0 0 2 0 1 0 0 0 3
11 1 62 6 6 1650 331 0 31 722 30 171 41 1707 10 0 127 8 9 42 11 0 63 4 0 59 4 18 95 14 0 412 1 62 0 0 0 3 0 1 0 0 1 0 0 3 0 0 5 0 0 0 0 0 0 0 0 6 0 0 0 1 0 0 0 0 0 0
0 10 0 68 84 57 3 31 0 32 11 325 19 0 338 2 3 1 2 69 0 548 2 1718 46 5 220 143 15 0 0 3 1 40 0 0 0 2 1 2 4 1 142 19 1 11 1 0 5 33 0 0 0 4 0 86 0 113 0 0 6 36 2 0 0 0 0 0
0 0 2 317 1 2665 1522 722 32 0 7 1231 54 767 16 0 0 0 2 911 0 0 1 53 0 0 0 1635 122 0 0 0 1 80 0 0 0 2 0 2 0 0 36 2 0 23 0 0 20 0 0 0 0 0 0 0 0 263 0 0 0 5 0 0 0 0 0 2
0 0 0 1 38 16 3 30 11 7 0 31 552 1 0 0 6 1145 288 5 0 0 0 0 4 907 48 7 142 1 140 102 6 925 0 0 0 0 0 0 0 0 0 0 1 0 42 0 0 0 0 0 0 0 0 0 0 0 1 12 16 0 0 0 31 0 0 0
1 0 1 540 118 3919 18 171 325 1231 31 0 42 57 941 0 0 8 3 1119 0 1 0 343 0 8 3 135 42 0 0 1 0 65 0 0 0 17 9 20 0 2 14 30 0 107 0 0 20 0 0 0 0 19 0 0 0 74 0 0 0 47 2 0 0 0 0 2
0 26 0 6 78 71 15 41 19 54 552 42 0 1 39 0 0 0 4 12 6 9 0 7 449 14 322 29 45 4 243 41 3 586 0 0 0 2 2 3 0 0 4 8 0 6 397 0 12 0 0 0 0 3 0 0 0 5 53 23 18 2 0 0 73 0 0 60
764 0 71 0 0 31 1625 1707 0 767 1 57 1 0 0 0 249 2 4 30 23 0 176 1 0 94 4 32 1387 146 0 86 1 34 0 0 0 0 0 0 0 0 0 0 0 1 0 0 1 0 0 0 0 0 0 0 0 2 0 0 0 0 0 0 0 0 0 0
0 2 1 28 761 314 15 10 338 16 0 941 39 0 0 0 0 0 0 22 12 17 2 192 2 0 16 81 11 4 0 5 1 27 0 0 0 12 7 1 0 0 6 24 0 10 3 0 15 1 0 0 0 9 0 0 0 23 0 0 1 25 0 0 0 0 0 4
0 2 4 0 0 0 0 0 2 0 0 0 0 0 0 0 0 0 0 0 340 906 510 474 0 0 388 110 0 0 0 0 0 2 0 0 2 0 0 0 0 0 8 0 0 1 0 0 2 194 0 0 0 0 12 33 159 10 0 1 262 3 0 15 0 0 0 4
35 6 201 0 0 4 4 127 3 0 6 0 0 249 0 0 0 0 1649 0 38 3 1052 3 0 1274 229 8 189 90 0 0 2 962 0 6 29 0 0 0 0 0 0 0 0 0 0 0 0 1 4 0 0 0 0 2 1 0 0 26 69 0 0 0 0 0 0 0
0 0 0 0 0 4 1 8 1 0 1145 8 0 2 0 0 0 0 224 0 0 0 0 1 0 619 9 1 66 1 1 3 0 96 0 0 0 0 0 0 0 0 0 0 0 0 0 0 0 0 0 0 0 0 0 0 0 0 0 2 1 0 0 0 1 0 0 0
0 1 3 0 0 1 2 9 2 2 288 3 4 4 0 0 1649 224 0 0 4 0 6 0 0 1478 109 2 86 1 0 2 3 821 0 0 1 0 0 0 0 0 0 0 0 0 0 0 0 0 0 0 0 0 0 0 0 0 0 14 17 0 0 0 0 0 0 0
0 0 0 1695 4 138 9 42 69 911 5 1119 12 30 22 0 0 0 0 0 0 0 0 177 0 0 0 461 37 0 0 0 0 39 0 0 0 16 1 3 0 0 19 31 0 39 0 0 24 0 0 0 0 15 0 0 0 136 0 0 0 99 0 0 0 0 0 2
2 0 37 0 0 1 116 11 0 0 0 0 6 23 12 340 38 0 4 0 0 7 4428 8 0 5 22 904 26 2658 0 0 18 819 0 0 1 0 0 0 0 0 0 0 0 0 0 0 1 55 1 0 0 0 12 3 20 3 0 0 6 3 0 26 0 0 0 3
0 186 3 0 5 0 0 0 548 0 0 1 9 0 17 906 3 0 0 0 7 0 34 885 141 2 792 9 0 1 0 0 0 6 0 49 3 0 0 0 1 0 7 0 0 0 4 0 1 67 0 0 0 0 3 298 14 23 6 1 279 4 0 1 0 0 0 0
33 0 2352 0 1 4 52 63 2 1 0 0 0 176 2 510 1052 0 6 0 4428 34 0 37 0 410 1939 222 118 569 0 0 0 1646 0 0 9 0 0 0 0 0 2 0 0 0 0 0 1 113 0 0 0 0 10 11 309 0 0 0 255 5 0 3 0 0 0 5
0 25 17 635 53 11 112 4 1718 53 0 343 7 1 192 474 3 1 0 177 8 885 37 0 30 1 613 1636 11 0 0 1 2 31 0 4 0 24 1 1 1 0 57 51 0 12 0 1 1 197 0 0 0 14 15 83 15 539 1 2 17 165 9 11 0 0 1 9
0 444 0 0 0 0 0 0 46 0 4 0 449 0 2 0 0 0 0 0 0 141 0 30 0 3 1229 0 2 0 2 0 0 0 0 18 0 0 0 0 0 0 0 0 2 0 225 0 0 0 0 0 0 0 0 2 0 0 208 8 89 0 0 0 10 0 0 0
10 5 1996 0 0 6 10 59 5 0 907 8 14 94 0 0 1274 619 1478 0 5 2 410 1 3 0 2435 4 55 6 90 3 8 70 0 8 36 0 0 0 0 0 0 0 1 0 47 0 0 0 6 0 12 0 0 1 1 0 15 277 469 0 0 0 25 0 0 2
1 997 3143 0 1 6 4 4 220 0 48 3 322 4 16 388 229 9 109 0 22 792 1939 613 1229 2435 0 143 90 8 87 3 7 329 0 109 162 0 0 0 2 0 6 0 1 0 167 0 1 29 9 0 21 0 1 33 269 3 235 431 3420 6 0 2 24 0 0 11
1 1 78 1808 10 44 5334 18 143 1635 7 135 29 32 81 110 8 1 2 461 904 9 222 1636 0 4 143 0 135 1524 0 1 20 237 2 0 0 23 1 9 3 1 71 6 0 13 1 0 15 83 0 0 0 1 10 20 16 388 0 1 8 99 4 11 0 0 0 16
903 1 1 5 0 29 272 95 15 122 142 42 45 1387 11 0 189 66 86 37 26 0 118 11 2 55 90 135 0 1266 0 30 636 664 0 2 0 0 0 0 0 0 1 0 0 2 0 0 1 2 0 0 0 1 0 0 0 4 3 1 6 4 2 0 0 0 1 4
214 2 40 0 1 0 866 14 0 0 1 0 4 146 4 0 90 1 1 0 2658 1 569 0 0 6 8 1524 1266 0 0 0 257 561 0 1 0 0 0 1 0 0 0 0 0 0 0 0 1 37 0 0 0 0 13 3 4 25 0 0 0 17 4 14 0 0 0 2
0 0 0 0 0 0 0 0 0 0 140 0 243 0 0 0 0 1 0 0 0 0 0 0 2 90 87 0 0 0 0 1 1 3 0 0 0 0 0 0 0 0 0 0 1 0 112 0 0 0 0 0 0 0 0 0 0 0 6 21 62 0 0 0 39 0 0 0
0 0 0 0 249 17 1 412 3 0 102 1 41 86 5 0 0 3 2 0 0 0 0 1 0 3 3 1 30 0 1 0 3 305 0 0 0 0 0 0 0 0 0 0 0 0 0 0 0 0 0 0 0 0 0 0 0 0 0 0 0 0 0 0 0 0 0 0
0 0 0 0 0 1 29 1 1 1 6 0 3 1 1 0 2 0 3 0 18 0 0 2 0 8 7 20 636 257 1 3 0 302 0 0 0 0 0 0 0 0 0 0 0 0 0 0 0 1 0 0 0 0 0 0 0 0 0 1 1 3 0 0 0 0 0 0
4 5 70 8 295 19 52 62 40 80 925 65 586 34 27 2 962 96 821 39 819 6 1646 31 0 70 329 237 664 561 3 305 302 0 0 1 13 0 0 4 0 0 0 0 0 11 1 0 4 13 1 0 0 0 1 3 8 20 2 14 96 8 6 13 0 0 0 2
0 0 0 0 0 0 0 0 0 0 0 0 0 0 0 0 0 0 0 0 0 0 0 0 0 0 0 2 0 0 0 0 0 0 0 0 2 1 0 0 932 0 0 1 1 0 0 357 0 0 5 0 13 0 0 0 0 0 0 1 1 1 968 149 0 0 4 36
0 136 0 0 0 0 0 0 0 0 0 0 0 0 0 0 6 0 0 0 0 49 0 4 18 8 109 0 2 1 0 0 0 1 0 0 2 0 0 0 1 0 71 0 0 0 67 0 1 31 0 0 0 0 0 293 1 66 411 0 1031 0 0 1 0 0 0 0
0 1 43 0 0 0 0 0 0 0 0 0 0 0 0 2 29 0 1 0 1 3 9 0 0 36 162 0 0 0 0 0 0 13 2 2 0 0 0 6 221 43 0 1 0 0 0 97 0 1 401 0 4 0 40 0 2183 0 0 526 1954 50 2 17 0 0 1 8
0 0 0 40 0 1 0 3 2 2 0 17 2 0 12 0 0 0 0 16 0 0 0 24 0 0 0 23 0 0 0 0 0 0 1 0 0 0 1 10 9 2 11 878 0 180 0 4 2 0 0 0 0 1090 0 0 0 174 0 0 0 2521 9 0 0 0 0 7
0 0 0 0 3 6 0 0 1 0 0 9 2 0 7 0 0 0 0 1 0 0 0 1 0 0 0 1 0 0 0 0 0 0 0 0 0 1 0 170 0 26 66 0 8 62 10 0 676 1 0 0 0 1 0 4 1 69 0 0 1 9 1 0 0 64 0 122
0 0 0 2 0 5 0 1 2 2 0 20 3 0 1 0 0 0 0 3 0 0 0 1 0 0 0 9 0 1 0 0 0 4 0 0 6 10 170 0 447 1299 19 1810 1 3497 2 21 669 0 0 0 0 50 0 1 1 44 0 2 0 177 13 2 0 2 0 26
0 0 0 0 0 0 0 0 4 0 0 0 0 0 0 0 0 0 0 0 0 1 0 1 0 0 2 3 0 0 0 0 0 0 932 1 221 9 0 447 0 520 5 1368 11 47 5 1407 21 1 69 0 50 2 148 0 112 367 0 61 1 4180 251 1365 0 0 13 94
0 0 0 0 0 0 0 0 1 0 0 2 0 0 0 0 0 0 0 0 0 0 0 0 0 0 0 1 0 0 0 0 0 0 0 0 43 2 26 1299 520 0 2 769 13 125 5 1151 16 0 7 0 5 19 11 1 11 8 0 20 0 6 7 2 0 84 0 65
0 1 0 35 1 6 4 1 142 36 0 14 4 0 6 8 0 0 0 19 0 7 2 57 0 0 6 71 1 0 0 0 0 0 0 71 0 11 66 19 5 2 0 20 7 288 42 4 401 1 0 0 0 14 1 547 0 1771 124 0 158 75 2 0 0 1 0 15
0 0 0 12 0 14 0 0 19 2 0 30 8 0 24 0 0 0 0 31 0 0 0 51 0 0 0 6 0 0 0 0 0 0 1 0 1 878 0 1810 1368 769 20 0 11 1602 7 95 10 0 0 0 1 848 0 0 0 94 0 4 0 1562 97 2 0 0 6 146
0 0 0 0 0 0 0 0 1 0 1 0 0 0 0 0 0 0 0 0 0 0 0 0 2 1 1 0 0 0 1 0 0 0 1 0 0 0 8 1 11 13 7 11 0 61 521 15 17 0 34 1045 220 14 1 0 0 11 3 496 7 8 74 2 113 202 1 1108
1 0 0 67 2 14 0 3 11 23 0 107 6 1 10 1 0 0 0 39 0 0 0 12 0 0 0 13 2 0 0 0 0 11 0 0 0 180 62 3497 47 125 288 1602 61 0 6 98 695 0 0 0 0 1121 0 2 0 1146 0 2 3 263 109 0 0 1 0 123
0 3 0 1 0 0 1 0 1 0 42 0 397 0 3 0 0 0 0 0 0 4 0 0 225 47 167 1 0 0 112 0 0 1 0 67 0 0 10 2 5 5 42 7 521 6 0 2 11 0 0 0 0 0 0 30 0 7 1000 11 503 7 10 0 372 79 0 232
0 0 0 0 0 0 0 0 0 0 0 0 0 0 0 0 0 0 0 0 0 0 0 1 0 0 0 0 0 0 0 0 0 0 357 0 97 4 0 21 1407 1151 4 95 15 98 2 0 1 0 61 1 77 22 27 0 47 10 0 68 1 20 899 166 0 23 4 117
0 0 0 17 16 10 0 5 5 20 0 20 12 1 15 2 0 0 0 24 1 1 1 1 0 0 1 15 1 1 0 0 0 4 0 1 0 2 676 669 21 16 401 10 17 695 11 1 0 2 0 0 0 5 8 14 4 301 4 1 4 56 11 0 0 0 0 25
0 2 3 0 0 0 1 0 33 0 0 0 0 0 1 194 1 0 0 0 55 67 113 197 0 0 29 83 2 37 0 0 1 13 0 31 1 0 1 0 1 0 1 0 0 0 0 0 2 0 0 0 0 0 214 1003 548 625 4 0 2060 115 1 1 0 0 0 3
0 1 6 0 0 0 0 0 0 0 0 0 0 0 0 0 4 0 0 0 1 0 0 0 0 6 9 0 0 0 0 0 0 1 5 0 401 0 0 0 69 7 0 0 34 0 0 61 0 0 0 5 858 0 15 0 529 0 0 515 17 4 2 91 0 0 0 594
0 0 0 0 0 0 0 0 0 0 0 0 0 0 0 0 0 0 0 0 0 0 0 0 0 0 0 0 0 0 0 0 0 0 0 0 0 0 0 0 0 0 0 0 1045 0 0 1 0 0 5 0 217 0 0 0 0 0 0 216 0 0 0 0 0 0 0 98
0 0 6 0 0 0 0 0 0 0 0 0 0 0 0 0 0 0 0 0 0 0 0 0 0 12 21 0 0 0 0 0 0 0 13 0 4 0 0 0 50 5 0 1 220 0 0 77 0 0 858 217 0 0 6 1 11 0 0 879 20 1 11 29 0 0 0 516
0 0 0 11 1 7 0 0 4 0 0 19 3 0 9 0 0 0 0 15 0 0 0 14 0 0 0 1 1 0 0 0 0 0 0 0 0 1090 1 50 2 19 14 848 14 1121 0 22 5 0 0 0 0 0 0 0 0 296 0 0 0 352 22 0 0 0 0 33
0 0 0 0 0 0 1 0 0 0 0 0 0 0 0 12 0 0 0 0 12 3 10 15 0 0 1 10 0 13 0 0 0 1 0 0 40 0 0 0 148 11 1 0 1 0 0 27 8 214 15 0 6 0 0 14 3755 30 0 9 37 1872 6 1611 0 0 0 1026
0 2 0 0 0 0 0 0 86 0 0 0 0 0 0 33 2 0 0 0 3 298 11 83 2 1 33 20 0 3 0 0 0 3 0 293 0 0 4 1 0 1 547 0 0 2 30 0 14 1003 0 0 1 0 14 0 58 486 120 2 938 14 4 13 0 0 1 3
0 0 14 0 0 0 0 0 0 0 0 0 0 0 0 159 1 0 0 0 20 14 309 15 0 1 269 16 0 4 0 0 0 8 0 1 2183 0 1 1 112 11 0 0 0 0 0 47 4 548 529 0 11 0 3755 58 0 2 0 87 1842 128 0 221 0 0 0 954
0 0 0 182 5 29 5 6 113 263 0 74 5 2 23 10 0 0 0 136 3 23 0 539 0 0 3 388 4 25 0 0 0 20 0 66 0 174 69 44 367 8 1771 94 11 1146 7 10 301 625 0 0 0 296 30 486 2 0 34 5 206 2531 27 1 1 1 3 46
0 5 0 0 0 0 0 0 0 0 1 0 53 0 0 0 0 0 0 0 0 6 0 1 208 15 235 0 3 0 6 0 0 2 0 411 0 0 0 0 0 0 124 0 3 0 1000 0 4 4 0 0 0 0 0 120 0 34 0 3 833 0 0 0 3 0 0 6
0 15 50 0 0 0 0 0 0 0 12 0 23 0 0 1 26 2 14 0 0 1 0 2 8 277 431 1 1 0 21 0 1 14 1 0 526 0 0 2 61 20 0 4 496 2 11 68 1 0 515 216 879 0 9 2 87 5 3 0 2757 6 5 11 200 2 2 43
0 172 145 0 0 0 0 0 6 0 16 0 18 0 1 262 69 1 17 0 6 279 255 17 89 469 3420 8 6 0 62 0 1 96 1 1031 1954 0 1 0 1 0 158 0 7 3 503 1 4 2060 17 0 20 0 37 938 1842 206 833 2757 0 82 0 3 50 0 2 260
0 0 0 111 0 16 2 1 36 5 0 47 2 0 25 3 0 0 0 99 3 4 5 165 0 0 6 99 4 17 0 0 3 8 1 0 50 2521 9 177 4180 6 75 1562 8 263 7 20 56 115 4 0 1 352 1872 14 128 2531 0 6 82 0 99 1515 0 0 12 265
0 0 1 0 0 0 0 0 2 0 0 2 0 0 0 0 0 0 0 0 0 0 0 9 0 0 0 4 2 4 0 0 0 6 968 0 2 9 1 13 251 7 2 97 74 109 10 899 11 1 2 0 11 22 6 4 0 27 0 5 0 99 0 526 0 27 945 580
0 0 0 0 0 0 1 0 0 0 0 0 0 0 0 15 0 0 0 0 26 1 3 11 0 0 2 11 0 14 0 0 0 13 149 1 17 0 0 2 1365 2 0 2 2 0 0 166 0 1 91 0 29 0 1611 13 221 1 0 11 3 1515 526 0 0 0 136 755
0 0 0 0 0 0 0 0 0 0 31 0 73 0 0 0 0 1 0 0 0 0 0 0 10 25 24 0 0 0 39 0 0 0 0 0 0 0 0 0 0 0 0 0 113 0 372 0 0 0 0 0 0 0 0 0 0 1 3 200 50 0 0 0 0 3 0 3
0 0 0 0 0 0 0 0 0 0 0 0 0 0 0 0 0 0 0 0 0 0 0 0 0 0 0 0 0 0 0 0 0 0 0 0 0 0 64 2 0 84 1 0 202 1 79 23 0 0 0 0 0 0 0 0 0 1 0 2 0 0 27 0 3 0 0 505
0 0 0 0 0 0 0 0 0 0 0 0 0 0 0 0 0 0 0 0 0 0 0 1 0 0 0 0 1 0 0 0 0 0 4 0 1 0 0 0 13 0 0 6 1 0 0 4 0 0 0 0 0 0 0 1 0 3 0 2 2 12 945 136 0 0 0 294
0 1 1 0 0 7 3 0 0 2 0 2 60 0 4 4 0 0 0 2 3 0 5 9 0 2 11 16 4 2 0 0 0 2 36 0 8 7 122 26 94 65 15 146 1108 123 232 117 25 3 594 98 516 33 1026 3 954 46 6 43 260 265 580 755 3 505 294 0
