0 0 8 0 0 4 388 95 0 2 8 0 1 1305 0 0 25 4 5 0 2 0 30 1 0 7 0 6 702 173 0 0 0 9 0 0 0 0 0 0 0 1 0 0 0 0 0 0 0 0 0 0 0 0 0 0 0 0 0 0 0 0 0 0 0 0 0 0
0 0 1 0 0 2 0 0 20 0 0 0 117 0 3 14 2 0 2 0 1 347 1 142 444 23 2262 2 1 0 0 0 0 3 0 419 3 1 0 0 0 0 2 0 1 0 33 0 0 6 2 0 0 0 0 52 0 32 26 19 350 0 0 0 0 0 0 0
8 1 0 0 1 1 147 44 0 0 2 0 0 54 3 3 1357 0 10 0 76 1 2910 8 0 1728 3475 103 6 10 0 0 0 177 0 2 43 0 0 0 0 0 0 0 0 0 0 0 0 7 9 0 2 0 0 1 36 5 0 39 188 2 0 0 0 0 1 3
0 0 0 0 7 5 1 4 78 403 0 348 3 2 43 0 0 0 0 2778 0 0 0 229 0 0 0 1311 10 0 0 0 0 28 0 0 0 177 0 0 0 0 41 12 0 50 0 0 34 0 0 0 0 78 0 0 0 130 0 0 0 49 0 0 0 0 0 0
0 0 1 7 0 322 4 3 40 4 10 39 59 2 1360 0 0 0 1 5 18 0 17 37 0 2 2 20 0 1 0 55 0 296 0 0 0 0 9 3 0 0 1 0 0 3 0 0 27 1 0 0 0 1 0 0 0 2 0 0 0 0 0 0 0 0 0 0
4 2 1 5 322 0 26 2168 7 1885 59 2195 36 71 1174 0 0 13 4 25 0 0 1 5 0 3 3 94 72 1 0 60 0 49 0 0 0 1 0 5 0 0 1 0 0 31 0 0 0 1 0 0 0 1 0 0 0 9 1 0 0 7 0 0 0 0 0 1
388 0 147 1 4 26 0 302 7 1515 10 0 2 1009 41 0 18 0 2 0 6 0 218 121 0 2 1 4220 212 1607 0 3 6 112 0 0 0 0 0 0 0 0 3 0 0 0 0 0 0 0 0 0 0 0 0 0 0 17 0 0 0 5 0 0 0 0 0 1
95 0 44 4 3 2168 302 0 8 1152 33 352 22 2234 60 0 117 7 5 19 2 0 172 15 0 1 2 69 66 78 0 103 2 81 0 0 0 0 0 2 0 0 0 0 0 10 0 0 0 0 0 0 0 0 0 0 0 3 0 0 0 1 0 0 0 1 0 2
0 20 0 78 40 7 7 8 0 21 1 144 25 2 250 11 1 1 0 40 11 339 9 2184 28 13 284 63 3 1 0 4 0 6 0 1 0 9 0 0 7 2 248 5 0 5 0 1 4 7 1 0 0 2 0 11 1 151 1 0 2 39 1 0 0 1 1 3
2 0 0 403 4 1885 1515 1152 21 0 25 860 25 1052 38 0 2 0 0 760 0 0 1 72 0 0 2 1786 127 1 0 4 2 129 0 0 0 2 0 0 0 0 14 0 0 11 0 0 7 0 0 0 0 2 0 0 0 52 0 0 0 3 0 0 0 0 0 2
8 0 2 0 10 59 10 33 1 25 0 59 367 30 3 0 33 1404 236 6 0 0 1 2 46 1276 16 3 316 1 77 115 3 1042 0 0 0 0 0 0 0 0 0 0 27 0 113 0 0 0 0 0 1 0 0 0 0 0 3 68 17 0 0 0 51 0 0 0
0 0 0 348 39 2195 0 352 144 860 59 0 32 62 902 0 0 1 4 1871 0 0 0 259 1 0 1 102 90 0 0 3 0 75 0 0 0 8 2 41 0 0 6 14 0 402 0 0 9 0 0 0 0 12 0 0 0 21 0 0 0 9 0 0 0 0 0 1
1 117 0 3 59 36 2 22 25 25 367 32 0 20 41 4 0 0 0 4 2 62 15 38 1058 18 695 29 48 2 275 87 0 520 0 35 0 1 17 7 0 13 9 0 36 10 644 12 14 3 0 1 0 5 1 20 7 14 247 137 78 9 2 0 114 26 0 247
1305 0 54 2 2 71 1009 2234 2 1052 30 62 20 0 20 0 188 8 5 9 10 0 351 6 0 10 2 37 981 519 0 61 2 42 0 0 0 0 0 0 0 2 0 0 0 0 0 2 0 0 0 0 0 0 0 0 0 0 0 0 0 0 0 0 0 0 0 1
0 3 3 43 1360 1174 41 60 250 38 3 902 41 20 0 2 2 1 0 34 68 3 38 250 1 3 10 219 41 27 0 30 0 57 0 0 0 28 2 6 1 0 3 25 1 27 0 1 4 0 0 0 0 22 0 0 0 20 0 0 0 39 1 0 0 0 0 2
0 14 3 0 0 0 0 0 11 0 0 0 4 0 2 0 1 0 0 0 248 531 847 364 0 0 479 83 0 0 0 0 0 10 0 2 1 0 0 0 0 0 2 0 0 0 0 0 0 864 0 0 0 0 41 61 163 104 0 0 184 28 1 1 0 0 0 0
25 2 1357 0 0 0 18 117 1 2 33 0 0 188 2 1 0 37 1888 0 59 0 1977 1 0 750 189 15 217 226 0 0 18 1985 0 0 6 0 0 0 0 0 1 0 0 0 0 0 0 0 2 0 1 0 0 1 3 0 0 10 28 0 0 0 0 0 0 0
4 0 0 0 0 13 0 7 1 0 1404 1 0 8 1 0 37 0 737 0 0 0 0 0 0 419 0 1 59 1 0 4 0 104 0 0 0 0 0 0 0 0 0 0 0 0 0 0 0 0 0 0 0 0 0 0 0 0 0 0 0 0 0 0 0 0 0 0
5 2 10 0 1 4 2 5 0 0 236 4 0 5 0 0 1888 737 0 0 3 0 4 1 1 1592 86 3 57 9 0 0 3 599 0 1 1 0 0 0 0 0 0 0 0 0 4 0 0 0 0 0 0 0 0 0 0 0 1 8 44 0 0 0 2 0 0 0
0 0 0 2778 5 25 0 19 40 760 6 1871 4 9 34 0 0 0 0 0 0 0 0 206 0 0 0 111 15 0 0 1 0 26 0 0 0 15 2 1 0 0 8 0 0 16 0 0 16 0 0 0 0 18 0 0 0 88 0 0 0 3 0 0 0 0 0 1
2 1 76 0 18 0 6 2 11 0 0 0 2 10 68 248 59 0 3 0 0 13 6451 45 0 4 37 1682 31 2447 0 0 3 704 0 0 0 0 0 0 0 0 1 0 0 0 0 0 0 35 0 0 0 0 9 2 2 50 0 0 8 22 0 8 0 0 0 5
0 347 1 0 0 0 0 0 339 0 0 0 62 0 3 531 0 0 0 0 13 0 5 657 82 9 944 4 0 0 0 0 0 4 0 52 1 1 0 0 0 0 16 0 1 0 2 0 0 72 0 0 1 0 6 188 6 67 8 3 125 8 0 0 0 0 0 0
30 1 2910 0 17 1 218 172 9 1 1 0 15 351 38 847 1977 0 4 0 6451 5 0 123 0 41 1624 586 146 719 0 0 8 1341 0 1 6 0 0 0 0 0 1 0 0 0 0 0 0 291 1 0 0 0 13 22 139 28 0 0 230 9 0 0 0 0 0 0
1 142 8 229 37 5 121 15 2184 72 2 259 38 6 250 364 1 0 1 206 45 657 123 0 36 16 735 1475 16 0 0 0 0 44 1 6 0 73 3 8 43 0 182 70 0 7 0 0 10 74 0 0 0 91 15 35 2 1320 5 0 71 534 7 11 0 0 2 33
0 444 0 0 0 0 0 0 28 0 46 1 1058 0 1 0 0 0 1 0 0 82 0 36 0 11 708 0 2 0 5 0 0 5 0 39 0 0 0 0 0 0 7 0 6 0 91 0 0 0 0 0 0 0 0 2 0 2 288 20 136 0 0 0 11 0 0 0
7 23 1728 0 2 3 2 1 13 0 1276 0 18 10 3 0 750 419 1592 0 4 9 41 16 11 0 3107 4 35 2 87 0 0 201 0 35 24 0 0 0 0 0 0 0 6 0 119 0 0 0 5 1 6 0 0 4 0 0 38 580 966 0 0 0 66 0 0 2
0 2262 3475 0 2 3 1 2 284 2 16 1 695 2 10 479 189 0 86 0 37 944 1624 735 708 3107 0 148 23 1 81 0 0 212 0 182 300 0 0 0 0 0 5 0 1 0 146 0 0 265 33 0 6 0 5 77 189 44 91 494 4597 2 0 0 47 0 0 14
6 2 103 1311 20 94 4220 69 63 1786 3 102 29 37 219 83 15 1 3 111 1682 4 586 1475 0 4 148 0 106 1525 0 1 14 373 0 0 0 2 0 0 7 0 25 1 0 7 0 0 12 35 0 0 0 15 17 9 4 365 0 0 13 127 12 9 0 0 4 17
702 1 6 10 0 72 212 66 3 127 316 90 48 981 41 0 217 59 57 15 31 0 146 16 2 35 23 106 0 1461 0 133 844 977 0 0 0 0 0 0 0 4 2 0 0 0 0 0 0 1 0 0 0 0 0 0 0 4 0 1 3 3 1 0 0 0 0 3
173 0 10 0 1 1 1607 78 1 1 1 0 2 519 27 0 226 1 9 0 2447 0 719 0 0 2 1 1525 1461 0 0 0 216 708 0 0 0 0 0 0 0 0 0 0 0 0 0 0 0 0 0 0 0 0 0 0 0 3 0 0 0 3 0 0 0 0 0 0
0 0 0 0 0 0 0 0 0 0 77 0 275 0 0 0 0 0 0 0 0 0 0 0 5 87 81 0 0 0 0 0 0 0 0 0 0 0 0 0 0 0 0 0 4 0 55 0 0 0 0 0 0 0 0 0 0 0 3 73 21 0 0 0 32 0 0 0
0 0 0 0 55 60 3 103 4 4 115 3 87 61 30 0 0 4 0 1 0 0 0 0 0 0 0 1 133 0 0 0 0 327 0 0 0 0 0 0 0 0 0 0 0 0 0 0 0 0 0 0 0 0 0 0 0 0 0 0 0 0 0 0 0 0 0 2
0 0 0 0 0 0 6 2 0 2 3 0 0 2 0 0 18 0 3 0 3 0 8 0 0 0 0 14 844 216 0 0 0 478 0 0 0 0 0 1 0 0 0 0 0 0 0 0 0 0 0 0 0 0 0 0 0 1 0 0 0 0 1 0 0 1 0 0
9 3 177 28 296 49 112 81 6 129 1042 75 520 42 57 10 1985 104 599 26 704 4 1341 44 5 201 212 373 977 708 0 327 478 0 0 5 4 0 0 1 0 1 2 0 0 0 10 4 0 4 0 0 1 0 1 1 1 10 2 14 114 9 1 0 0 6 0 5
0 0 0 0 0 0 0 0 0 0 0 0 0 0 0 0 0 0 0 0 0 0 0 1 0 0 0 0 0 0 0 0 0 0 0 1 16 0 0 2 1054 24 0 1 2 0 0 791 0 0 18 3 21 0 1 0 19 2 0 17 9 2 1015 354 0 0 3 21
0 419 2 0 0 0 0 0 1 0 0 0 35 0 0 2 0 0 1 0 0 52 1 6 39 35 182 0 0 0 0 0 0 5 1 0 7 0 0 0 1 0 34 0 0 1 43 5 5 21 13 1 1 0 0 214 2 189 352 21 1661 1 0 1 0 0 0 1
0 3 43 0 0 0 0 0 0 0 0 0 0 0 0 1 6 0 1 0 0 1 6 0 0 24 300 0 0 0 0 0 0 4 16 7 0 0 0 0 204 77 6 0 0 0 0 85 0 4 824 0 27 0 13 4 2029 11 0 1457 3013 35 10 22 0 0 1 14
0 1 0 177 0 1 0 0 9 2 0 8 1 0 28 0 0 0 0 15 0 1 0 73 0 0 0 2 0 0 0 0 0 0 0 0 0 0 13 3 4 3 48 1058 0 557 0 0 20 0 0 0 0 2075 0 1 0 384 0 0 0 1316 2 0 0 0 0 14
0 0 0 0 9 0 0 0 0 0 0 2 17 0 2 0 0 0 0 2 0 0 0 3 0 0 0 0 0 0 0 0 0 0 0 0 0 13 0 307 3 28 135 4 34 30 12 0 913 0 0 0 0 9 0 1 0 108 0 0 0 17 0 0 0 105 1 286
0 0 0 0 3 5 0 2 0 0 0 41 7 0 6 0 0 0 0 1 0 0 0 8 0 0 0 0 0 0 0 0 1 1 2 0 0 3 307 0 245 1227 42 2975 11 1708 1 53 1073 0 0 0 0 107 0 0 2 36 0 0 1 217 35 0 0 1 0 45
0 0 0 0 0 0 0 0 7 0 0 0 0 0 1 0 0 0 0 0 0 0 0 43 0 0 0 7 0 0 0 0 0 0 1054 1 204 4 3 245 0 693 8 1258 61 18 0 2093 32 1 76 0 11 5 118 4 711 253 0 18 6 4364 279 1112 0 2 23 217
1 0 0 0 0 0 0 0 2 0 0 0 13 2 0 0 0 0 0 0 0 0 0 0 0 0 0 0 4 0 0 0 0 1 24 0 77 3 28 1227 693 0 30 599 5 239 0 2380 27 0 15 0 6 12 3 1 70 47 0 12 2 55 63 27 0 25 2 86
0 2 0 41 1 1 3 0 248 14 0 6 9 0 3 2 1 0 0 8 1 16 1 182 7 0 5 25 2 0 0 0 0 2 0 34 6 48 135 42 8 30 0 11 5 219 28 16 190 0 0 3 2 55 0 258 0 2462 78 4 162 73 9 0 0 5 1 37
0 0 0 12 0 0 0 0 5 0 0 14 0 0 25 0 0 0 0 0 0 0 0 70 0 0 0 1 0 0 0 0 0 0 1 0 0 1058 4 2975 1258 599 11 0 7 1441 0 423 40 0 0 1 0 2235 0 1 0 113 0 0 0 1198 116 0 0 6 0 181
0 1 0 0 0 0 0 0 0 0 27 0 36 0 1 0 0 0 0 0 0 1 0 0 6 6 1 0 0 0 4 0 0 0 2 0 0 0 34 11 61 5 5 7 0 63 544 25 8 0 0 1022 127 18 5 0 2 40 14 429 1 22 223 3 23 216 2 1041
0 0 0 50 3 31 0 10 5 11 0 402 10 0 27 0 0 0 0 16 0 0 0 7 0 0 0 7 0 0 0 0 0 0 0 1 0 557 30 1708 18 239 219 1441 63 0 0 96 331 0 0 1 0 2316 0 8 0 122 0 0 0 173 141 0 0 17 0 203
0 33 0 0 0 0 0 0 0 0 113 0 644 0 0 0 0 0 4 0 0 2 0 0 91 119 146 0 0 0 55 0 0 10 0 43 0 0 12 1 0 0 28 0 544 0 0 3 0 0 0 1 1 0 0 26 0 7 843 85 738 0 33 0 260 91 0 115
0 0 0 0 0 0 0 0 1 0 0 0 12 2 1 0 0 0 0 0 0 0 0 0 0 0 0 0 0 0 0 0 0 4 791 5 85 0 0 53 2093 2380 16 423 25 96 3 0 26 0 34 1 15 31 10 0 106 14 0 15 19 9 980 209 0 12 1 120
0 0 0 34 27 0 0 0 4 7 0 9 14 0 4 0 0 0 0 16 0 0 0 10 0 0 0 12 0 0 0 0 0 0 0 5 0 20 913 1073 32 27 190 40 8 331 0 26 0 4 0 0 0 29 19 2 17 97 3 1 9 92 6 0 0 35 0 39
0 6 7 0 1 1 0 0 7 0 0 0 3 0 0 864 0 0 0 0 35 72 291 74 0 0 265 35 1 0 0 0 0 4 0 21 4 0 0 0 1 0 0 0 0 0 0 0 4 0 2 1 0 0 628 633 612 701 2 6 1097 156 0 1 0 0 0 3
0 2 9 0 0 0 0 0 1 0 0 0 0 0 0 0 2 0 0 0 0 0 1 0 0 5 33 0 0 0 0 0 0 0 18 13 824 0 0 0 76 15 0 0 0 0 0 34 0 2 0 1 1157 0 57 0 1222 1 0 1156 298 14 45 366 0 0 2 788
0 0 0 0 0 0 0 0 0 0 0 0 1 0 0 0 0 0 0 0 0 0 0 0 0 1 0 0 0 0 0 0 0 0 3 1 0 0 0 0 0 0 3 1 1022 1 1 1 0 1 1 0 431 0 0 0 0 7 0 268 5 0 4 5 0 4 0 189
0 0 2 0 0 0 0 0 0 0 1 0 0 0 0 0 1 0 0 0 0 1 0 0 0 6 6 0 0 0 0 0 0 1 21 1 27 0 0 0 11 6 2 0 127 0 1 15 0 0 1157 431 0 0 28 1 23 1 0 1739 86 1 22 87 0 0 1 926
0 0 0 78 1 1 0 0 2 2 0 12 5 0 22 0 0 0 0 18 0 0 0 91 0 0 0 15 0 0 0 0 0 0 0 0 0 2075 9 107 5 12 55 2235 18 2316 0 31 29 0 0 0 0 0 0 0 0 110 0 0 0 136 30 0 0 5 0 31
0 0 0 0 0 0 0 0 0 0 0 0 1 0 0 41 0 0 0 0 9 6 13 15 0 0 5 17 0 0 0 0 0 1 1 0 13 0 0 0 118 3 0 0 5 0 0 10 19 628 57 0 28 0 0 11 5598 7 0 8 43 1858 4 1567 0 0 13 1009
0 52 1 0 0 0 0 0 11 0 0 0 20 0 0 61 1 0 0 0 2 188 22 35 2 4 77 9 0 0 0 0 0 1 0 214 4 1 1 0 4 1 258 1 0 8 26 0 2 633 0 0 1 0 11 0 104 785 78 4 835 34 1 3 0 4 0 11
0 0 36 0 0 0 0 0 1 0 0 0 7 0 0 163 3 0 0 0 2 6 139 2 0 0 189 4 0 0 0 0 0 1 19 2 2029 0 0 2 711 70 0 0 2 0 0 106 17 612 1222 0 23 0 5598 104 0 58 0 70 1255 343 28 721 0 1 5 995
0 32 5 130 2 9 17 3 151 52 0 21 14 0 20 104 0 0 0 88 50 67 28 1320 2 0 44 365 4 3 0 0 1 10 2 189 11 384 108 36 253 47 2462 113 40 122 7 14 97 701 1 7 1 110 7 785 58 0 103 3 685 2177 73 2 0 7 6 84
0 26 0 0 0 1 0 0 1 0 3 0 247 0 0 0 0 0 1 0 0 8 0 5 288 38 91 0 0 0 3 0 0 2 0 352 0 0 0 0 0 0 78 0 14 0 843 0 3 2 0 0 0 0 0 78 0 103 0 5 775 0 0 0 4 1 0 1
0 19 39 0 0 0 0 0 0 0 68 0 137 0 0 0 10 0 8 0 0 3 0 0 20 580 494 0 1 0 73 0 0 14 17 21 1457 0 0 0 18 12 4 0 429 0 85 15 1 6 1156 268 1739 0 8 4 70 3 5 0 2709 3 8 22 149 2 0 78
0 350 188 0 0 0 0 0 2 0 17 0 78 0 0 184 28 0 44 0 8 125 230 71 136 966 4597 13 3 0 21 0 0 114 9 1661 3013 0 0 1 6 2 162 0 1 0 738 19 9 1097 298 5 86 0 43 835 1255 685 775 2709 0 108 4 15 163 0 0 200
0 0 2 49 0 7 5 1 39 3 0 9 9 0 39 28 0 0 0 3 22 8 9 534 0 0 2 127 3 3 0 0 0 9 2 1 35 1316 17 217 4364 55 73 1198 22 173 0 9 92 156 14 0 1 136 1858 34 343 2177 0 3 108 0 118 1530 0 0 19 443
0 0 0 0 0 0 0 0 1 0 0 0 2 0 1 1 0 0 0 0 0 0 0 7 0 0 0 12 1 0 0 0 1 1 1015 0 10 2 0 35 279 63 9 116 223 141 33 980 6 0 45 4 22 30 4 1 28 73 0 8 4 118 0 953 1 349 1033 1261
0 0 0 0 0 0 0 0 0 0 0 0 0 0 0 1 0 0 0 0 8 0 0 11 0 0 0 9 0 0 0 0 0 0 354 1 22 0 0 0 1112 27 0 0 3 0 0 209 0 1 366 5 87 0 1567 3 721 2 0 22 15 1530 953 0 0 0 140 949
0 0 0 0 0 0 0 0 0 0 51 0 114 0 0 0 0 0 2 0 0 0 0 0 11 66 47 0 0 0 32 0 0 0 0 0 0 0 0 0 0 0 0 0 23 0 260 0 0 0 0 0 0 0 0 0 0 0 4 149 163 0 1 0 0 0 0 1
0 0 0 0 0 0 0 1 1 0 0 0 26 0 0 0 0 0 0 0 0 0 0 0 0 0 0 0 0 0 0 0 1 6 0 0 0 0 105 1 2 25 5 6 216 17 91 12 35 0 0 4 0 5 0 4 1 7 1 2 0 0 349 0 0 0 0 398
0 0 1 0 0 0 0 0 1 0 0 0 0 0 0 0 0 0 0 0 0 0 0 2 0 0 0 4 0 0 0 0 0 0 3 0 1 0 1 0 23 2 1 0 2 0 0 1 0 0 2 0 1 0 13 0 5 6 0 0 0 19 1033 140 0 0 0 319
0 0 3 0 0 1 1 2 3 2 0 1 247 1 2 0 0 0 0 1 5 0 0 33 0 2 14 17 3 0 0 2 0 5 21 1 14 14 286 45 217 86 37 181 1041 203 115 120 39 3 788 189 926 31 1009 11 995 84 1 78 200 443 1261 949 1 398 319 0
