0 0 4 1 0 3 393 8 0 5 0 0 0 888 0 0 95 0 29 0 7 1 12 3 0 14 0 18 562 663 0 0 3 25 0 0 0 0 0 0 0 0 1 0 0 0 0 0 0 0 0 0 0 0 0 0 0 1 0 0 0 0 0 0 0 0 0 0
0 0 2 0 0 2 1 0 38 0 14 1 92 0 2 0 2 1 2 0 1 488 0 65 779 31 2763 1 1 2 5 1 0 4 0 116 1 0 0 0 0 0 0 0 0 0 21 0 0 3 0 0 0 0 0 2 0 1 14 28 253 0 0 0 7 0 0 1
4 2 0 0 0 4 189 166 5 6 1 0 0 139 0 0 723 16 89 0 50 0 3030 2 0 2677 3773 69 9 73 0 1 0 133 0 11 177 0 0 0 0 0 0 0 1 0 0 0 0 11 24 0 1 0 0 1 13 3 0 19 478 0 0 0 0 0 0 5
1 0 0 0 1 31 3 8 27 1073 1 573 5 7 7 0 0 0 0 2274 0 0 0 234 0 0 0 1355 15 0 0 0 1 11 0 0 0 6 0 1 0 0 12 1 1 56 0 0 8 0 0 0 0 33 0 0 0 61 0 0 0 3 0 0 0 0 0 0
0 0 0 1 0 468 2 27 170 4 15 58 172 0 609 0 0 1 0 5 0 5 0 17 0 0 1 8 6 2 0 285 0 43 0 0 0 0 2 4 0 0 5 0 3 17 0 0 17 3 0 0 0 0 0 1 0 1 0 0 0 0 0 0 0 0 0 0
3 2 4 31 468 0 132 2213 119 2165 66 2952 80 43 1322 0 4 7 3 105 0 3 4 28 0 6 5 243 61 1 2 116 0 42 0 0 0 8 3 16 0 4 16 5 9 64 0 0 20 1 0 0 0 13 0 2 0 20 0 0 0 5 1 2 0 9 0 6
393 1 189 3 2 132 0 677 5 2832 11 6 3 1862 4 0 34 1 17 11 30 0 152 52 0 36 2 4005 82 2124 0 2 8 37 0 0 0 2 0 3 0 0 0 4 1 7 0 0 0 1 0 0 0 4 0 0 0 8 0 0 0 8 0 0 0 0 0 1
8 0 166 8 27 2213 677 0 38 1075 39 187 59 2294 17 0 116 2 10 23 9 1 93 16 0 57 2 128 41 79 1 757 0 59 0 0 0 0 0 9 0 2 8 0 11 9 1 0 0 0 0 0 0 1 0 3 0 3 0 0 0 0 0 0 0 6 0 3
0 38 5 27 170 119 5 38 0 30 39 510 53 17 222 2 1 2 6 52 1 401 5 1513 192 13 127 84 33 2 3 38 0 10 0 1 0 19 3 1 0 3 166 11 1 22 0 1 5 4 0 0 0 16 0 26 1 63 2 0 8 32 8 0 0 1 0 4
5 0 6 1073 4 2165 2832 1075 30 0 10 1767 49 463 29 0 0 0 0 1343 0 0 2 28 0 1 1 2375 140 2 0 9 3 93 0 0 0 5 0 4 0 0 16 0 1 67 0 0 8 0 0 0 0 25 0 0 0 60 0 0 0 1 0 0 0 0 0 0
0 14 1 1 15 66 11 39 39 10 0 17 1370 35 6 0 46 1630 585 6 2 8 2 2 76 643 71 4 347 21 66 395 4 1266 0 14 1 0 0 0 0 0 1 0 32 0 188 0 0 0 0 0 0 0 0 2 0 0 49 12 34 0 0 0 18 1 0 1
0 1 0 573 58 2952 6 187 510 1767 17 0 89 72 535 0 0 9 2 2317 0 1 0 366 2 0 3 182 77 1 0 16 0 84 0 0 0 32 4 102 4 0 25 27 5 311 0 0 39 0 0 0 0 61 0 0 0 48 0 0 0 53 1 0 0 0 0 2
0 92 0 5 172 80 3 59 53 49 1370 89 0 20 21 0 2 28 9 19 1 32 4 11 1270 115 774 39 34 6 323 235 0 517 0 53 0 2 5 13 0 8 15 1 250 13 760 2 14 1 0 0 0 3 0 18 0 4 182 30 126 2 8 1 141 30 0 49
888 0 139 7 0 43 1862 2294 17 463 35 72 20 0 2 0 154 0 17 10 14 1 111 13 0 45 0 78 1663 455 1 284 1 31 0 0 0 0 1 3 0 1 8 0 5 1 1 0 0 0 0 0 0 0 0 0 0 1 0 0 0 0 1 0 0 3 0 3
0 2 0 7 609 1322 4 17 222 29 6 535 21 2 0 0 2 0 0 16 21 5 8 48 5 1 9 49 10 9 0 36 0 11 0 0 0 13 11 9 0 1 8 9 4 58 0 1 22 2 0 0 0 45 1 2 0 7 0 0 0 11 2 1 0 3 0 2
0 0 0 0 0 0 0 0 2 0 0 0 0 0 0 0 0 0 0 0 704 964 1805 418 0 0 1443 151 1 0 0 0 0 1 0 0 6 0 0 1 0 0 1 0 0 0 0 1 0 841 0 0 0 0 36 78 342 94 0 0 88 31 2 7 0 0 0 7
95 2 723 0 0 4 34 116 1 0 46 0 2 154 2 0 0 72 2023 0 61 0 1837 1 0 1622 548 14 255 533 0 0 11 1882 0 2 23 0 0 0 0 0 0 0 0 0 0 0 0 6 1 0 0 0 0 1 3 0 0 3 92 0 0 1 0 0 0 0
0 1 16 0 1 7 1 2 2 0 1630 9 28 0 0 0 72 0 1549 0 1 1 3 0 0 1047 34 0 70 17 3 3 3 242 0 2 0 0 0 0 0 0 0 0 0 0 0 0 0 0 0 0 0 0 0 0 0 0 0 3 12 0 0 0 1 0 0 1
29 2 89 0 0 3 17 10 6 0 585 2 9 17 0 0 2023 1549 0 0 11 0 43 1 0 968 238 7 104 63 0 1 6 1186 0 6 5 0 0 0 0 0 0 0 0 0 0 0 0 0 1 0 0 0 0 1 0 0 0 10 51 0 0 0 0 0 0 1
0 0 0 2274 5 105 11 23 52 1343 6 2317 19 10 16 0 0 0 0 0 0 0 0 144 0 0 0 358 20 0 0 1 2 21 0 0 0 18 0 26 1 1 25 5 1 135 0 0 17 0 0 0 0 98 0 0 0 101 0 0 0 22 0 1 0 0 0 1
7 1 50 0 0 0 30 9 1 0 2 0 1 14 21 704 61 1 11 0 0 14 6757 9 0 7 47 2491 93 3324 0 2 31 1570 0 0 0 0 0 0 0 0 0 0 0 0 0 0 0 129 0 0 0 0 26 20 12 49 0 0 0 8 1 22 0 0 0 5
1 488 0 0 5 3 0 1 401 0 8 1 32 1 5 964 0 1 0 0 14 0 20 1164 210 5 674 26 2 2 1 2 0 5 0 15 3 1 0 0 0 0 19 0 1 0 6 0 0 88 0 0 0 0 2 128 16 60 5 3 62 15 1 1 0 0 0 0
12 0 3030 0 0 4 152 93 5 2 2 0 4 111 8 1805 1837 3 43 0 6757 20 0 88 0 355 1896 762 55 708 0 3 1 1688 0 2 40 0 0 0 0 0 0 0 0 0 0 0 0 457 1 0 0 0 5 22 311 15 0 0 276 7 0 1 0 0 0 2
3 65 2 234 17 28 52 16 1513 28 2 366 11 13 48 418 1 0 1 144 9 1164 88 0 76 5 575 1834 47 3 0 0 3 44 0 5 1 39 2 8 1 2 94 22 0 34 0 1 3 103 0 0 0 42 12 51 12 258 0 0 36 129 9 26 0 0 1 26
0 779 0 0 0 0 0 0 192 0 76 2 1270 0 5 0 0 0 0 0 0 210 0 76 0 9 988 0 5 0 14 4 0 4 0 44 0 0 0 0 0 0 2 0 18 0 276 0 0 0 1 0 1 0 0 1 0 1 231 29 184 0 0 0 39 0 0 1
14 31 2677 0 0 6 36 57 13 1 643 0 115 45 1 0 1622 1047 968 0 7 5 355 5 9 0 3905 9 76 56 512 1 2 169 0 39 30 0 0 0 0 0 0 0 4 0 123 0 0 1 3 2 7 0 0 10 1 1 18 267 774 0 0 0 56 0 0 5
0 2763 3773 0 1 5 2 2 127 1 71 3 774 0 9 1443 548 34 238 0 47 674 1896 575 988 3905 0 158 76 14 323 1 2 645 0 363 492 0 0 0 0 0 2 0 3 0 158 0 0 484 37 0 9 0 2 127 119 11 138 381 4849 0 0 0 63 0 0 17
18 1 69 1355 8 243 4005 128 84 2375 4 182 39 78 49 151 14 0 7 358 2491 26 762 1834 0 9 158 0 204 1561 0 3 32 269 1 1 0 10 0 1 0 0 47 0 2 76 1 1 12 71 0 0 0 24 12 17 6 230 0 0 3 37 6 30 0 0 0 6
562 1 9 15 6 61 82 41 33 140 347 77 34 1663 10 1 255 70 104 20 93 2 55 47 5 76 76 204 0 1997 5 145 1605 1513 0 0 0 0 0 9 0 3 4 0 11 2 0 0 2 1 0 0 0 1 0 4 0 15 0 0 0 4 0 3 0 7 0 9
663 2 73 0 2 1 2124 79 2 2 21 1 6 455 9 0 533 17 63 0 3324 2 708 3 0 56 14 1561 1997 0 1 3 236 501 1 0 0 0 0 0 0 0 1 0 0 0 0 0 0 9 0 0 0 0 7 3 1 9 0 0 1 8 2 5 0 0 0 3
0 5 0 0 0 2 0 1 3 0 66 0 323 1 0 0 0 3 0 0 0 1 0 0 14 512 323 0 5 1 0 1 1 5 0 2 0 0 0 0 0 0 0 0 5 0 122 0 0 0 0 0 0 0 0 1 0 0 13 22 43 0 0 0 33 0 0 0
0 1 1 0 285 116 2 757 38 9 395 16 235 284 36 0 0 3 1 1 2 2 3 0 4 1 1 3 145 3 1 0 0 306 0 0 0 0 0 4 0 1 0 0 2 0 1 0 0 0 0 0 0 0 0 1 0 0 0 0 0 0 0 0 0 0 0 5
3 0 0 1 0 0 8 0 0 3 4 0 0 1 0 0 11 3 6 2 31 0 1 3 0 2 2 32 1605 236 1 0 0 258 0 0 0 0 0 0 0 0 0 0 0 0 0 0 0 0 0 0 0 0 0 0 0 0 0 0 0 0 0 0 0 0 0 0
25 4 133 11 43 42 37 59 10 93 1266 84 517 31 11 1 1882 242 1186 21 1570 5 1688 44 4 169 645 269 1513 501 5 306 258 0 0 8 11 0 0 0 0 2 10 0 2 8 5 0 0 19 0 0 2 1 17 9 6 42 3 14 66 19 3 12 1 5 0 3
0 0 0 0 0 0 0 0 0 0 0 0 0 0 0 0 0 0 0 0 0 0 0 0 0 0 0 1 0 1 0 0 0 0 0 1 0 0 0 0 293 54 1 1 0 3 0 1197 0 0 12 3 3 1 2 2 5 4 0 2 0 4 948 435 0 0 0 16
0 116 11 0 0 0 0 0 1 0 14 0 53 0 0 0 2 2 6 0 0 15 2 5 44 39 363 1 0 0 2 0 0 8 1 0 4 0 0 1 10 9 96 0 47 0 77 3 14 23 1 1 3 0 0 461 0 136 967 15 2139 1 2 3 2 0 0 7
0 1 177 0 0 0 0 0 0 0 1 0 0 0 0 6 23 0 5 0 0 3 40 1 0 30 492 0 0 0 0 0 0 11 0 4 0 0 0 5 212 62 0 7 3 1 0 35 0 0 1946 2 18 0 57 1 2368 3 0 2994 4056 69 1 47 0 0 0 46
0 0 0 6 0 8 2 0 19 5 0 32 2 0 13 0 0 0 0 18 0 1 0 39 0 0 0 10 0 0 0 0 0 0 0 0 0 0 11 47 2 16 65 734 3 1219 1 9 9 0 0 0 0 3265 0 0 0 1107 0 0 0 2053 25 0 0 1 0 42
0 0 0 0 2 3 0 0 3 0 0 4 5 1 11 0 0 0 0 0 0 0 0 2 0 0 0 0 0 0 0 0 0 0 0 0 0 11 0 323 2 7 155 2 14 68 3 0 859 0 0 0 0 2 0 20 0 66 1 0 0 12 0 0 0 175 2 43
0 0 0 1 4 16 3 9 1 4 0 102 13 3 9 1 0 0 0 26 0 0 0 8 0 0 0 1 9 0 0 4 0 0 0 1 5 47 323 0 305 2233 63 2697 71 1915 2 61 798 1 1 8 0 85 3 2 1 37 1 6 3 450 41 2 0 34 2 54
0 0 0 0 0 0 0 0 0 0 0 4 0 0 0 0 0 0 0 1 0 0 0 1 0 0 0 0 0 0 0 0 0 0 293 10 212 2 2 305 0 540 4 2902 23 48 2 1877 15 2 113 3 5 11 300 3 122 167 0 66 6 3792 226 2355 0 3 6 129
0 0 0 0 0 4 0 2 3 0 0 0 8 1 1 0 0 0 0 1 0 0 0 2 0 0 0 0 3 0 0 1 0 2 54 9 62 16 7 2233 540 0 25 586 57 183 3 1887 31 0 68 12 6 20 17 1 58 29 2 30 3 125 68 118 3 142 0 93
1 0 0 12 5 16 0 8 166 16 1 25 15 8 8 1 0 0 0 25 0 19 0 94 2 0 2 47 4 1 0 0 0 10 1 96 0 65 155 63 4 25 0 29 49 349 44 9 301 0 1 5 0 35 0 423 0 1389 211 13 104 88 27 6 1 40 1 83
0 0 0 1 0 5 4 0 11 0 0 27 1 0 9 0 0 0 0 5 0 0 0 22 0 0 0 0 0 0 0 0 0 0 1 0 7 734 2 2697 2902 586 29 0 25 2008 1 86 44 0 0 0 0 1734 4 2 2 42 0 2 0 3255 151 3 0 0 0 139
0 0 1 1 3 9 1 11 1 1 32 5 250 5 4 0 0 0 0 1 0 1 0 0 18 4 3 2 11 0 5 2 0 2 0 47 3 3 14 71 23 57 49 25 0 39 1186 49 47 2 61 1184 101 35 18 23 15 43 281 806 38 34 323 38 40 362 1 1754
0 0 0 56 17 64 7 9 22 67 0 311 13 1 58 0 0 0 0 135 0 0 0 34 0 0 0 76 2 0 0 0 0 8 3 0 1 1219 68 1915 48 183 349 2008 39 0 1 72 679 0 0 8 0 2928 0 8 0 488 0 1 1 556 100 1 0 10 0 137
0 21 0 0 0 0 0 1 0 0 188 0 760 1 0 0 0 0 0 0 0 6 0 0 276 123 158 1 0 0 122 1 0 5 0 77 0 1 3 2 2 3 44 1 1186 1 0 6 35 1 0 2 0 2 0 28 0 12 1140 70 741 2 64 0 516 166 0 96
0 0 0 0 0 0 0 0 1 0 0 0 2 0 1 1 0 0 0 0 0 0 0 1 0 0 0 1 0 0 0 0 0 0 1197 3 35 9 0 61 1877 1887 9 86 49 72 6 0 4 0 43 3 7 21 16 3 41 12 0 25 3 41 1634 365 0 111 0 57
0 0 0 8 17 20 0 0 5 8 0 39 14 0 22 0 0 0 0 17 0 0 0 3 0 0 0 12 2 0 0 0 0 0 0 14 0 9 859 798 15 31 301 44 47 679 35 4 0 3 0 1 0 9 9 17 3 172 4 1 2 71 12 3 0 54 0 60
0 3 11 0 3 1 1 0 4 0 0 0 1 0 2 841 6 0 0 0 129 88 457 103 0 1 484 71 1 9 0 0 0 19 0 23 0 0 0 1 2 0 0 0 2 0 1 0 3 0 1 1 0 0 696 1441 1675 1182 0 3 615 290 2 19 0 0 1 18
0 0 24 0 0 0 0 0 0 0 0 0 0 0 0 0 1 0 1 0 0 0 1 0 1 3 37 0 0 0 0 0 0 0 12 1 1946 0 0 1 113 68 1 0 61 0 0 43 0 1 0 104 1169 0 31 5 1119 3 0 648 262 38 13 254 0 0 1 710
0 0 0 0 0 0 0 0 0 0 0 0 0 0 0 0 0 0 0 0 0 0 0 0 0 2 0 0 0 0 0 0 0 0 3 1 2 0 0 8 3 12 5 0 1184 8 2 3 1 1 104 0 449 2 7 3 19 3 0 67 12 2 13 27 0 7 0 245
0 0 1 0 0 0 0 0 0 0 0 0 0 0 0 0 0 0 0 0 0 0 0 0 1 7 9 0 0 0 0 0 0 2 3 3 18 0 0 0 5 6 0 0 101 0 0 7 0 0 1169 449 0 0 10 2 27 0 0 920 77 3 5 48 0 0 0 375
0 0 0 33 0 13 4 1 16 25 0 61 3 0 45 0 0 0 0 98 0 0 0 42 0 0 0 24 1 0 0 0 0 1 1 0 0 3265 2 85 11 20 35 1734 35 2928 2 21 9 0 0 2 0 0 0 2 0 91 0 0 0 578 70 2 0 1 0 60
0 0 0 0 0 0 0 0 0 0 0 0 0 0 1 36 0 0 0 0 26 2 5 12 0 0 2 12 0 7 0 0 0 17 2 0 57 0 0 3 300 17 0 4 18 0 0 16 9 696 31 7 10 0 0 9 5007 26 0 9 60 1953 14 2723 0 0 7 1155
0 2 1 0 1 2 0 3 26 0 2 0 18 0 2 78 1 0 1 0 20 128 22 51 1 10 127 17 4 3 1 1 0 9 2 461 1 0 20 2 3 1 423 2 23 8 28 3 17 1441 5 3 2 2 9 0 70 1387 164 5 832 34 26 29 1 4 3 16
0 0 13 0 0 0 0 0 1 0 0 0 0 0 0 342 3 0 0 0 12 16 311 12 0 1 119 6 0 1 0 0 0 6 5 0 2368 0 0 1 122 58 0 2 15 0 0 41 3 1675 1119 19 27 0 5007 70 0 77 0 64 1616 526 4 607 0 0 0 1188
1 1 3 61 1 20 8 3 63 60 0 48 4 1 7 94 0 0 0 101 49 60 15 258 1 1 11 230 15 9 0 0 0 42 4 136 3 1107 66 37 167 29 1389 42 43 488 12 12 172 1182 3 3 0 91 26 1387 77 0 86 1 363 1771 93 22 0 11 10 118
0 14 0 0 0 0 0 0 2 0 49 0 182 0 0 0 0 0 0 0 0 5 0 0 231 18 138 0 0 0 13 0 0 3 0 967 0 0 1 1 0 2 211 0 281 0 1140 0 4 0 0 0 0 0 0 164 0 86 0 1 1541 0 4 0 11 38 0 8
0 28 19 0 0 0 0 0 0 0 12 0 30 0 0 0 3 3 10 0 0 3 0 0 29 267 381 0 0 0 22 0 0 14 2 15 2994 0 0 6 66 30 13 2 806 1 70 25 1 3 648 67 920 0 9 5 64 1 1 0 2956 16 10 43 287 16 0 104
0 253 478 0 0 0 0 0 8 0 34 0 126 0 0 88 92 12 51 0 0 62 276 36 184 774 4849 3 0 1 43 0 0 66 0 2139 4056 0 0 3 6 3 104 0 38 1 741 3 2 615 262 12 77 0 60 832 1616 363 1541 2956 0 122 5 25 417 0 0 319
0 0 0 3 0 5 8 0 32 1 0 53 2 0 11 31 0 0 0 22 8 15 7 129 0 0 0 37 4 8 0 0 0 19 4 1 69 2053 12 450 3792 125 88 3255 34 556 2 41 71 290 38 2 3 578 1953 34 526 1771 0 16 122 0 266 1905 0 1 22 326
0 0 0 0 0 1 0 0 8 0 0 1 8 1 2 2 0 0 0 0 1 1 0 9 0 0 0 6 0 2 0 0 0 3 948 2 1 25 0 41 226 68 27 151 323 100 64 1634 12 2 13 13 5 70 14 26 4 93 4 10 5 266 0 1787 0 31 872 1187
0 0 0 0 0 2 0 0 0 0 0 0 1 0 1 7 1 0 0 1 22 1 1 26 0 0 0 30 3 5 0 0 0 12 435 3 47 0 0 2 2355 118 6 3 38 1 0 365 3 19 254 27 48 2 2723 29 607 22 0 43 25 1905 1787 0 0 0 159 884
0 7 0 0 0 0 0 0 0 0 18 0 141 0 0 0 0 1 0 0 0 0 0 0 39 56 63 0 0 0 33 0 0 1 0 2 0 0 0 0 0 3 1 0 40 0 516 0 0 0 0 0 0 0 0 1 0 0 11 287 417 0 0 0 0 1 0 1
0 0 0 0 0 9 0 6 1 0 1 0 30 3 3 0 0 0 0 0 0 0 0 0 0 0 0 0 7 0 0 0 0 5 0 0 0 1 175 34 3 142 40 0 362 10 166 111 54 0 0 7 0 1 0 4 0 11 38 16 0 1 31 0 1 0 0 534
0 0 0 0 0 0 0 0 0 0 0 0 0 0 0 0 0 0 0 0 0 0 0 1 0 0 0 0 0 0 0 0 0 0 0 0 0 0 2 2 6 0 1 0 1 0 0 0 0 1 1 0 0 0 7 3 0 10 0 0 0 22 872 159 0 0 0 383
0 1 5 0 0 6 1 3 4 0 1 2 49 3 2 7 0 1 1 1 5 0 2 26 1 5 17 6 9 3 0 5 0 3 16 7 46 42 43 54 129 93 83 139 1754 137 96 57 60 18 710 245 375 60 1155 16 1188 118 8 104 319 326 1187 884 1 534 383 0
