0 0 6 0 0 2 313 51 0 1 1 1 1 1334 0 0 42 0 2 0 2 0 53 1 0 6 2 0 1179 216 0 0 0 5 0 0 0 0 0 0 0 0 0 0 0 0 0 0 0 0 0 0 0 0 0 0 0 1 0 0 0 0 0 1 0 0 0 0
0 0 1 0 0 0 5 0 48 0 0 0 75 0 6 1 0 0 0 0 1 274 0 46 549 8 1857 0 2 0 0 0 0 10 0 215 2 0 0 0 0 0 5 0 0 0 19 1 2 1 0 0 1 0 0 55 3 14 45 22 234 0 0 0 1 0 0 6
6 1 0 0 1 8 512 135 0 31 1 0 0 88 1 0 1738 1 23 0 39 0 4789 7 0 3171 3189 141 5 12 0 1 0 179 0 1 38 0 0 0 0 0 0 0 0 0 0 0 0 0 25 0 17 0 0 1 21 1 0 107 215 0 0 0 0 0 0 11
0 0 0 0 5 22 2 3 104 1196 0 725 0 3 25 0 0 0 0 2246 0 0 0 892 0 0 0 1162 7 0 0 0 0 3 0 1 0 126 0 4 1 0 45 18 0 59 0 0 9 0 0 0 0 96 0 1 0 204 0 0 0 82 0 0 0 0 0 0
0 0 1 5 0 476 4 52 127 19 16 161 11 0 802 0 0 3 1 14 8 1 7 140 0 0 3 15 1 1 0 44 0 391 0 0 0 1 32 17 0 0 4 1 0 21 0 0 35 0 0 0 0 4 0 0 0 7 0 0 2 0 0 0 0 0 0 1
2 0 8 22 476 0 133 2374 50 4188 23 4285 23 34 611 0 6 4 5 87 0 0 14 19 1 1 3 44 43 3 0 11 0 110 0 1 0 5 4 14 0 1 9 7 0 81 0 2 9 0 0 0 0 12 0 0 0 33 0 0 0 20 2 1 0 1 0 6
313 5 512 2 4 133 0 444 8 2319 9 5 5 1252 14 1 8 0 1 0 55 1 312 51 0 8 16 4114 302 1267 0 3 7 83 0 0 0 1 0 0 0 0 3 7 0 3 0 0 1 1 0 0 0 6 0 0 0 24 0 0 0 16 0 1 0 0 0 2
51 0 135 3 52 2374 444 0 13 871 24 238 9 2264 55 0 119 9 11 17 15 0 308 4 0 28 5 12 29 47 0 193 0 63 0 0 0 0 4 4 0 1 1 0 0 1 0 0 0 1 0 0 0 1 0 0 0 1 0 0 0 2 1 0 0 0 0 1
0 48 0 104 127 50 8 13 0 12 1 362 34 6 269 0 0 0 0 41 0 386 0 1965 102 2 212 82 16 0 1 10 1 24 0 5 0 11 5 5 0 1 195 7 2 22 2 2 9 1 0 0 0 16 0 9 1 171 2 0 9 127 0 0 0 0 0 2
1 0 31 1196 19 4188 2319 871 12 0 22 2495 13 597 60 0 4 8 3 881 1 0 16 16 0 2 0 1727 211 1 0 4 0 136 0 0 0 3 3 15 2 0 28 4 0 115 0 0 7 0 0 0 0 71 0 0 0 193 0 0 0 50 0 0 0 0 0 2
1 0 1 0 16 23 9 24 1 22 0 19 244 36 0 0 15 1453 337 2 1 0 0 1 14 531 40 10 62 0 10 179 3 1097 0 3 0 0 0 0 0 0 0 0 6 0 199 0 0 0 0 0 0 0 0 0 0 0 6 30 44 0 0 0 23 1 0 0
1 0 0 725 161 4285 5 238 362 2495 19 0 9 117 831 0 0 4 0 2029 0 0 0 396 0 0 0 108 94 0 0 3 0 148 0 0 0 40 16 151 1 10 40 30 0 778 0 0 44 2 0 0 0 45 1 0 0 120 0 0 0 153 0 2 0 0 0 3
1 75 0 0 11 23 5 9 34 13 244 9 0 9 28 0 0 0 1 1 0 36 0 5 1203 58 707 8 7 0 158 34 1 318 0 10 0 0 1 0 0 0 2 0 18 0 984 0 2 0 0 0 0 0 0 1 0 0 136 19 87 0 0 0 42 2 0 7
1334 0 88 3 0 34 1252 2264 6 597 36 117 9 0 4 0 365 13 35 14 16 0 510 5 0 49 14 33 1875 678 0 107 0 85 0 0 0 0 0 0 0 0 0 0 0 2 0 0 0 2 0 0 0 0 0 0 0 2 0 0 0 0 0 1 0 0 0 0
0 6 1 25 802 611 14 55 269 60 0 831 28 4 0 2 3 0 0 12 15 15 14 187 1 0 33 126 9 7 0 3 0 41 0 0 0 23 37 13 0 2 5 10 0 71 0 0 15 2 0 0 0 44 0 2 3 42 0 0 0 97 0 1 0 1 0 3
0 1 0 0 0 0 1 0 0 0 0 0 0 0 2 0 2 0 0 0 572 644 976 325 0 0 994 69 0 2 0 0 0 4 1 0 2 0 0 0 0 0 0 0 0 0 0 1 1 668 0 0 0 0 29 138 237 77 0 1 348 27 4 2 0 0 0 1
42 0 1738 0 0 6 8 119 0 4 15 0 0 365 3 2 0 21 1397 0 35 1 2246 3 0 1355 360 5 201 188 0 13 8 1724 0 3 15 0 0 0 0 0 0 0 0 0 0 0 0 0 13 0 4 0 0 0 3 0 0 42 99 0 0 0 0 0 0 3
0 0 1 0 3 4 0 9 0 8 1453 4 0 13 0 0 21 0 1001 0 0 0 0 0 0 335 1 0 35 0 0 28 0 75 0 0 0 0 0 0 0 0 0 0 0 0 0 0 0 0 0 0 0 0 0 0 0 0 0 2 2 0 0 0 1 0 0 0
2 0 23 0 1 5 1 11 0 3 337 0 1 35 0 0 1397 1001 0 1 6 0 11 1 2 1210 78 2 90 3 0 39 2 533 0 1 2 0 0 0 0 0 0 0 0 0 0 0 0 0 0 0 0 0 0 0 0 0 0 10 29 0 0 0 0 0 0 0
0 0 0 2246 14 87 0 17 41 881 2 2029 1 14 12 0 0 0 1 0 0 0 0 247 0 0 0 294 11 0 0 0 0 25 0 0 0 26 0 19 4 0 16 38 0 157 0 1 27 0 0 0 0 100 0 1 0 198 0 0 0 127 0 0 0 0 0 1
2 1 39 0 8 0 55 15 0 1 1 0 0 16 15 572 35 0 6 0 0 1 6962 4 0 2 59 1404 53 1783 0 3 2 1082 0 1 0 0 0 0 0 0 0 0 0 0 0 0 0 101 0 0 0 0 27 5 36 33 0 0 8 9 2 7 0 0 0 2
0 274 0 0 1 0 1 0 386 0 0 0 36 0 15 644 1 0 0 0 1 0 0 775 145 3 974 5 0 0 0 0 0 0 0 21 2 0 0 0 1 0 10 0 0 0 5 3 0 35 0 0 0 0 3 262 2 85 5 2 122 10 0 1 0 0 0 2
53 0 4789 0 7 14 312 308 0 16 0 0 0 510 14 976 2246 0 11 0 6962 0 0 26 0 65 1429 333 76 741 0 0 1 1560 0 1 35 0 0 0 0 0 0 0 0 0 0 0 1 319 8 0 0 0 14 15 361 13 0 1 638 6 0 1 0 0 0 9
1 46 7 892 140 19 51 4 1965 16 1 396 5 5 187 325 3 0 1 247 4 775 26 0 85 3 664 1097 18 1 0 1 6 45 6 2 0 47 1 21 9 4 147 45 0 21 0 4 9 143 0 0 0 29 36 92 44 840 2 0 34 313 28 32 0 0 2 57
0 549 0 0 0 1 0 0 102 0 14 0 1203 0 1 0 0 0 2 0 0 145 0 85 0 1 814 0 2 0 3 1 0 91 0 19 0 0 1 0 0 0 5 0 14 0 202 0 0 0 0 0 0 0 0 1 0 4 259 15 128 0 0 0 21 1 0 12
6 8 3171 0 0 1 8 28 2 2 531 0 58 49 0 0 1355 335 1210 0 2 3 65 3 1 0 3025 5 82 1 97 42 1 200 0 31 6 0 0 0 0 0 0 0 2 0 179 0 0 0 4 0 40 0 0 1 0 0 56 630 1034 0 0 0 72 0 0 9
2 1857 3189 0 3 3 16 5 212 0 40 0 707 14 33 994 360 1 78 0 59 974 1429 664 814 3025 0 191 78 0 220 28 1 450 1 303 147 0 0 0 0 0 8 0 1 1 175 0 4 65 102 0 47 0 2 188 192 16 228 526 5190 2 0 2 29 0 0 54
0 0 141 1162 15 44 4114 12 82 1727 10 108 8 33 126 69 5 0 2 294 1404 5 333 1097 0 5 191 0 205 1549 0 3 33 586 1 0 2 22 0 14 14 0 52 41 0 43 0 0 7 99 0 0 0 102 26 15 41 575 0 0 30 227 27 41 0 0 2 32
1179 2 5 7 1 43 302 29 16 211 62 94 7 1875 9 0 201 35 90 11 53 0 76 18 2 82 78 205 0 1635 0 40 669 1180 0 3 1 0 1 0 1 0 1 0 0 2 0 1 0 1 1 0 0 0 1 1 0 7 0 2 5 0 0 0 0 0 0 2
216 0 12 0 1 3 1267 47 0 1 0 0 0 678 7 2 188 0 3 0 1783 0 741 1 0 1 0 1549 1635 0 0 1 219 783 0 0 0 0 0 0 0 0 0 0 0 0 0 0 0 7 0 0 0 0 7 0 3 7 0 0 1 4 2 4 0 0 0 2
0 0 0 0 0 0 0 0 1 0 10 0 158 0 0 0 0 0 0 0 0 0 0 0 3 97 220 0 0 0 0 0 0 0 0 0 0 0 0 0 0 0 0 0 1 0 82 0 0 0 0 0 0 0 0 0 0 0 4 2 26 0 0 0 13 0 0 0
0 0 1 0 44 11 3 193 10 4 179 3 34 107 3 0 13 28 39 0 3 0 0 1 1 42 28 3 40 1 0 0 0 344 0 1 0 0 0 2 0 1 0 0 0 1 0 0 0 0 0 0 0 0 0 0 0 0 0 0 2 0 0 0 0 0 0 2
0 0 0 0 0 0 7 0 1 0 3 0 1 0 0 0 8 0 2 0 2 0 1 6 0 1 1 33 669 219 0 0 0 381 0 0 0 0 0 0 0 0 0 0 0 0 0 0 0 0 0 0 0 0 0 0 1 1 0 0 0 0 0 0 0 0 0 0
5 10 179 3 391 110 83 63 24 136 1097 148 318 85 41 4 1724 75 533 25 1082 0 1560 45 91 200 450 586 1180 783 0 344 381 0 0 11 7 4 7 22 4 23 2 0 0 42 8 1 10 7 3 0 3 13 4 0 23 32 16 31 149 12 1 1 1 8 0 49
0 0 0 0 0 0 0 0 0 0 0 0 0 0 0 1 0 0 0 0 0 0 0 6 0 0 1 1 0 0 0 0 0 0 0 0 12 0 0 7 576 64 0 3 2 1 0 793 0 0 4 0 6 0 0 0 3 5 0 10 4 3 655 385 0 0 0 8
0 215 1 1 0 1 0 0 5 0 3 0 10 0 0 0 3 0 1 0 1 21 1 2 19 31 303 0 3 0 0 1 0 11 0 0 1 0 2 0 0 0 86 0 0 3 5 1 12 0 2 0 2 0 0 404 0 93 592 9 1532 5 0 1 0 1 0 4
0 2 38 0 0 0 0 0 0 0 0 0 0 0 0 2 15 0 2 0 0 2 35 0 0 6 147 2 1 0 0 0 0 7 12 1 0 0 0 1 504 91 0 1 0 0 0 106 0 12 783 0 28 0 18 1 2401 12 0 2342 2240 147 0 47 0 0 0 70
0 0 0 126 1 5 1 0 11 3 0 40 0 0 23 0 0 0 0 26 0 0 0 47 0 0 0 22 0 0 0 0 0 4 0 0 0 0 11 76 5 8 45 626 1 790 0 8 20 0 0 0 0 2925 0 0 0 684 0 0 0 537 19 0 0 2 1 57
0 0 0 0 32 4 0 4 5 3 0 16 1 0 37 0 0 0 0 0 0 0 0 1 1 0 0 0 1 0 0 0 0 7 0 2 0 11 0 580 1 32 107 1 58 132 33 0 761 0 0 0 0 5 7 7 6 114 5 0 2 16 0 1 0 202 0 386
0 0 0 4 17 14 0 4 5 15 0 151 0 0 13 0 0 0 0 19 0 0 0 21 0 0 0 14 0 0 0 2 0 22 7 0 1 76 580 0 298 1747 39 2766 19 3426 0 30 673 0 0 3 0 97 0 2 0 61 0 3 2 224 24 1 0 15 0 33
0 0 0 1 0 0 0 0 0 2 0 1 0 0 0 0 0 0 0 4 0 1 0 9 0 0 0 14 1 0 0 0 0 4 576 0 504 5 1 298 0 576 1 2132 67 22 0 2121 15 3 185 12 19 6 48 0 454 49 0 77 19 4132 291 1907 0 2 25 74
0 0 0 0 0 1 0 1 1 0 0 10 0 0 2 0 0 0 0 0 0 0 0 4 0 0 0 0 0 0 0 1 0 23 64 0 91 8 32 1747 576 0 15 824 18 86 3 1622 11 0 14 0 2 19 0 0 6 11 0 12 0 61 30 18 0 431 2 69
0 5 0 45 4 9 3 1 195 28 0 40 2 0 5 0 0 0 0 16 0 10 0 147 5 0 8 52 1 0 0 0 0 2 0 86 0 45 107 39 1 15 0 10 11 414 2 2 334 0 0 2 0 40 0 340 0 2867 75 3 170 119 1 0 0 14 0 34
0 0 0 18 1 7 7 0 7 4 0 30 0 0 10 0 0 0 0 38 0 0 0 45 0 0 0 41 0 0 0 0 0 0 3 0 1 626 1 2766 2132 824 10 0 28 1969 0 289 20 0 0 1 0 1944 0 0 0 44 0 0 0 1964 133 0 0 7 3 183
0 0 0 0 0 0 0 0 2 0 6 0 18 0 0 0 0 0 0 0 0 0 0 0 14 2 1 0 0 0 1 0 0 0 2 0 0 1 58 19 67 18 11 28 0 28 556 11 0 0 7 1234 32 14 0 0 2 25 12 538 13 28 233 5 13 210 0 1496
0 0 0 59 21 81 3 1 22 115 0 778 0 2 71 0 0 0 0 157 0 0 0 21 0 0 1 43 2 0 0 1 0 42 1 3 0 790 132 3426 22 86 414 1969 28 0 0 53 816 0 0 8 0 2792 0 1 0 405 1 6 2 576 60 0 0 8 0 143
0 19 0 0 0 0 0 0 2 0 199 0 984 0 0 0 0 0 0 0 0 5 0 0 202 179 175 0 0 0 82 0 0 8 0 5 0 0 33 0 0 3 2 0 556 0 0 1 0 0 0 1 0 0 0 0 0 1 635 71 650 0 20 0 282 63 1 255
0 1 0 0 0 2 0 0 2 0 0 0 0 0 0 1 0 0 0 1 0 3 0 4 0 0 0 0 1 0 0 0 0 1 793 1 106 8 0 30 2121 1622 2 289 11 53 1 0 2 1 34 0 12 19 0 0 22 27 0 22 2 57 1809 425 0 70 4 32
0 2 0 9 35 9 1 0 9 7 0 44 2 0 15 1 0 0 0 27 0 0 1 9 0 0 4 7 0 0 0 0 0 10 0 12 0 20 761 673 15 11 334 20 0 816 0 2 0 6 0 1 0 26 46 17 27 240 15 1 66 136 2 0 0 4 0 22
0 1 0 0 0 0 1 1 1 0 0 2 0 2 2 668 0 0 0 0 101 35 319 143 0 0 65 99 1 7 0 0 0 7 0 0 12 0 0 0 3 0 0 0 0 0 0 1 6 0 2 0 0 0 404 614 1637 623 0 0 851 297 4 7 0 0 0 6
0 0 25 0 0 0 0 0 0 0 0 0 0 0 0 0 13 0 0 0 0 0 8 0 0 4 102 0 1 0 0 0 0 3 4 2 783 0 0 0 185 14 0 0 7 0 0 34 0 2 0 29 779 0 13 2 1486 4 0 479 421 14 8 307 0 0 3 1074
0 0 0 0 0 0 0 0 0 0 0 0 0 0 0 0 0 0 0 0 0 0 0 0 0 0 0 0 0 0 0 0 0 0 0 0 0 0 0 3 12 0 2 1 1234 8 1 0 1 0 29 0 372 6 2 1 2 8 0 522 20 5 13 23 0 3 2 320
0 1 17 0 0 0 0 0 0 0 0 0 0 0 0 0 4 0 0 0 0 0 0 0 0 40 47 0 0 0 0 0 0 3 6 2 28 0 0 0 19 2 0 0 32 0 0 12 0 0 779 372 0 0 7 0 8 6 0 2219 152 7 21 121 0 0 3 521
0 0 0 96 4 12 6 1 16 71 0 45 0 0 44 0 0 0 0 100 0 0 0 29 0 0 0 102 0 0 0 0 0 13 0 0 0 2925 5 97 6 19 40 1944 14 2792 0 19 26 0 0 6 0 0 0 0 0 142 0 0 0 535 36 1 0 3 0 75
0 0 0 0 0 0 0 0 0 0 0 1 0 0 0 29 0 0 0 0 27 3 14 36 0 0 2 26 1 7 0 0 0 4 0 0 18 0 7 0 48 0 0 0 0 0 0 0 46 404 13 2 7 0 0 4 6127 14 0 1 57 733 14 2339 0 0 17 1288
0 55 1 1 0 0 0 0 9 0 0 0 1 0 2 138 0 0 0 1 5 262 15 92 1 1 188 15 1 0 0 0 0 0 0 404 1 0 7 2 0 0 340 0 0 1 0 0 17 614 2 1 0 0 4 0 3 1209 69 2 1484 25 1 0 0 0 1 3
0 3 21 0 0 0 0 0 1 0 0 0 0 0 3 237 3 0 0 0 36 2 361 44 0 0 192 41 0 3 0 0 1 23 3 0 2401 0 6 0 454 6 0 0 2 0 0 22 27 1637 1486 2 8 0 6127 3 0 25 0 166 2182 271 9 591 0 0 3 949
1 14 1 204 7 33 24 1 171 193 0 120 0 2 42 77 0 0 0 198 33 85 13 840 4 0 16 575 7 7 0 0 1 32 5 93 12 684 114 61 49 11 2867 44 25 405 1 27 240 623 4 8 6 142 14 1209 25 0 49 2 423 1890 47 33 0 2 16 39
0 45 0 0 0 0 0 0 2 0 6 0 136 0 0 0 0 0 0 0 0 5 0 2 259 56 228 0 0 0 4 0 0 16 0 592 0 0 5 0 0 0 75 0 12 1 635 0 15 0 0 0 0 0 0 69 0 49 0 5 507 0 0 0 0 3 0 13
0 22 107 0 0 0 0 0 0 0 30 0 19 0 0 1 42 2 10 0 0 2 1 0 15 630 526 0 2 0 2 0 0 31 10 9 2342 0 0 3 77 12 3 0 538 6 71 22 1 0 479 522 2219 0 1 2 166 2 5 0 2480 3 20 51 172 7 1 133
0 234 215 0 2 0 0 0 9 0 44 0 87 0 0 348 99 2 29 0 8 122 638 34 128 1034 5190 30 5 1 26 2 0 149 4 1532 2240 0 2 2 19 0 170 0 13 2 650 2 66 851 421 20 152 0 57 1484 2182 423 507 2480 0 85 5 17 365 2 1 397
0 0 0 82 0 20 16 2 127 50 0 153 0 0 97 27 0 0 0 127 9 10 6 313 0 0 2 227 0 4 0 0 0 12 3 5 147 537 16 224 4132 61 119 1964 28 576 0 57 136 297 14 5 7 535 733 25 271 1890 0 3 85 0 328 560 0 2 79 429
0 0 0 0 0 2 0 1 0 0 0 0 0 0 0 4 0 0 0 0 2 0 0 28 0 0 0 27 0 2 0 0 0 1 655 0 0 19 0 24 291 30 1 133 233 60 20 1809 2 4 8 13 21 36 14 1 9 47 0 20 5 328 0 1125 1 76 786 950
1 0 0 0 0 1 1 0 0 0 0 2 0 1 1 2 0 0 0 0 7 1 1 32 0 0 2 41 0 4 0 0 0 1 385 1 47 0 1 1 1907 18 0 0 5 0 0 425 0 7 307 23 121 1 2339 0 591 33 0 51 17 560 1125 0 0 1 313 769
0 1 0 0 0 0 0 0 0 0 23 0 42 0 0 0 0 1 0 0 0 0 0 0 21 72 29 0 0 0 13 0 0 1 0 0 0 0 0 0 0 0 0 0 13 0 282 0 0 0 0 0 0 0 0 0 0 0 0 172 365 0 1 0 0 1 0 11
0 0 0 0 0 1 0 0 0 0 1 0 2 0 1 0 0 0 0 0 0 0 0 0 1 0 0 0 0 0 0 0 0 8 0 1 0 2 202 15 2 431 14 7 210 8 63 70 4 0 0 3 0 3 0 0 0 2 3 7 2 2 76 1 1 0 0 559
0 0 0 0 0 0 0 0 0 0 0 0 0 0 0 0 0 0 0 0 0 0 0 2 0 0 0 2 0 0 0 0 0 0 0 0 0 1 0 0 25 2 0 3 0 0 1 4 0 0 3 2 3 0 17 1 3 16 0 1 1 79 786 313 0 0 0 511
0 6 11 0 1 6 2 1 2 2 0 3 7 0 3 1 3 0 0 1 2 2 9 57 12 9 54 32 2 2 0 2 0 49 8 4 70 57 386 33 74 69 34 183 1496 143 255 32 22 6 1074 320 521 75 1288 3 949 39 13 133 397 429 950 769 11 559 511 0
