0 0 7 0 0 12 550 168 1 37 8 3 0 1615 0 0 80 0 20 0 4 0 13 0 0 15 5 14 678 202 0 0 0 19 0 0 0 0 0 0 0 0 0 0 0 1 0 0 0 1 0 0 0 0 1 0 0 8 0 0 0 8 1 2 0 0 0 2
0 0 0 0 1 0 0 0 53 0 7 0 118 0 5 0 1 0 2 0 0 247 0 44 707 3 1262 0 0 0 1 0 0 0 0 210 1 0 0 0 0 0 0 0 6 0 6 1 0 0 0 0 0 0 0 9 0 4 20 10 167 0 0 0 0 0 0 2
7 0 0 0 0 12 162 25 0 5 0 0 0 15 1 6 1458 0 21 0 364 0 3201 5 0 893 3606 274 1 27 0 0 0 70 0 3 43 0 0 0 0 0 0 0 0 0 0 0 0 2 6 0 0 0 0 1 1 0 0 15 170 0 0 0 0 0 0 1
0 0 0 0 11 9 11 10 93 417 0 344 4 10 15 0 0 0 0 1947 0 0 0 666 0 0 0 898 15 0 0 0 1 10 0 0 0 172 0 7 0 0 12 8 0 40 0 0 11 0 0 0 0 105 0 0 0 82 0 0 0 115 0 0 0 0 0 0
0 1 0 11 0 375 0 19 51 3 37 87 131 2 834 0 0 0 0 6 0 8 2 36 0 0 1 10 2 0 0 89 0 214 0 0 0 0 3 10 0 0 2 1 0 3 0 0 4 0 0 0 0 0 0 0 0 1 0 0 0 0 0 0 0 0 0 2
12 0 12 9 375 0 268 1743 26 2204 16 2965 22 86 347 0 5 1 0 35 1 0 1 15 0 7 0 59 25 2 0 6 1 25 0 0 0 16 4 16 2 0 3 11 0 97 0 1 4 0 0 0 0 9 0 0 0 27 0 0 0 30 2 0 0 0 0 3
550 0 162 11 0 268 0 273 2 1585 4 2 0 1465 3 0 160 0 12 0 87 0 77 18 0 57 2 4632 101 1984 0 0 0 57 0 0 0 2 0 0 0 0 2 0 0 1 0 0 0 0 0 0 0 1 0 0 0 6 0 0 0 4 0 0 0 0 0 0
168 0 25 10 19 1743 273 0 4 426 26 186 9 2358 42 0 181 1 24 11 1 0 23 6 0 37 0 49 39 52 0 207 0 27 0 0 0 1 0 2 0 0 0 1 0 0 0 0 0 0 0 0 0 1 0 1 0 20 0 0 0 11 0 0 0 0 0 0
1 53 0 93 51 26 2 4 0 35 7 365 75 1 293 0 0 0 3 61 0 344 0 1615 50 6 148 111 1 0 0 3 0 5 0 8 0 38 1 15 0 0 208 5 1 161 4 0 3 1 0 0 0 11 0 15 0 182 10 0 9 49 0 0 0 0 0 1
37 0 5 417 3 2204 1585 426 35 0 4 1210 55 839 18 0 3 1 1 800 2 0 0 49 0 1 1 1111 135 0 0 1 1 120 0 0 0 21 0 8 0 0 21 0 0 152 1 0 15 0 0 0 0 90 0 0 0 205 0 0 0 24 0 0 0 0 0 0
8 7 0 0 37 16 4 26 7 4 0 60 578 45 12 0 14 771 486 3 0 9 1 1 24 841 5 2 132 5 42 87 0 1170 0 1 0 0 2 0 0 0 0 0 35 0 95 1 0 0 0 0 0 0 0 0 0 0 35 7 7 0 2 0 12 4 0 4
3 0 0 344 87 2965 2 186 365 1210 60 0 74 127 471 0 0 12 18 1825 0 0 0 389 1 8 2 264 82 0 0 4 0 102 0 0 0 46 4 120 0 0 21 42 0 611 0 0 42 0 0 0 0 77 0 0 0 25 0 0 0 46 0 0 0 1 0 5
0 118 0 4 131 22 0 9 75 55 578 74 0 10 57 0 0 19 24 7 0 142 1 39 1076 53 775 39 14 0 204 82 0 446 0 6 0 1 9 4 3 1 3 13 73 24 502 0 9 0 0 0 0 5 0 1 0 11 226 27 113 8 3 0 50 18 0 45
1615 0 15 10 2 86 1465 2358 1 839 45 127 10 0 5 0 327 6 50 21 5 0 42 8 0 48 6 123 1144 382 0 37 0 85 0 0 0 0 0 0 0 0 0 0 0 0 0 0 1 2 0 0 0 0 0 0 1 6 0 0 3 2 0 1 0 0 0 1
0 5 1 15 834 347 3 42 293 18 12 471 57 5 0 2 0 0 3 11 29 15 19 119 9 1 23 66 8 0 0 4 0 16 0 0 0 8 2 13 0 0 3 17 0 43 3 0 5 0 0 0 0 9 0 0 0 5 0 0 0 8 0 0 0 0 0 6
0 0 6 0 0 0 0 0 0 0 0 0 0 0 2 0 1 0 0 0 380 827 660 235 0 0 1104 81 1 0 0 0 2 4 0 0 1 0 0 0 0 0 0 0 0 0 0 0 0 431 0 0 0 0 40 57 172 30 0 0 301 15 1 6 0 0 1 3
80 1 1458 0 0 5 160 181 0 3 14 0 0 327 0 1 0 10 972 0 88 1 1019 3 0 738 401 37 97 119 0 0 0 1452 0 3 14 0 0 0 0 0 0 0 0 0 0 0 0 0 0 0 0 0 0 2 0 1 0 5 57 0 0 0 0 0 0 0
0 0 0 0 0 1 0 1 0 1 771 12 19 6 0 0 10 0 355 0 0 0 0 1 0 153 3 0 8 2 0 0 0 73 0 0 0 0 0 0 0 0 0 0 0 0 0 0 0 0 0 0 0 0 0 0 0 0 0 2 1 0 0 0 1 0 0 0
20 2 21 0 0 0 12 24 3 1 486 18 24 50 3 0 972 355 0 0 6 1 10 3 2 845 102 2 56 28 0 2 3 682 0 1 0 0 0 0 0 0 0 0 0 0 1 0 0 0 0 0 0 0 0 0 0 0 2 20 47 0 0 0 1 0 0 0
0 0 0 1947 6 35 0 11 61 800 3 1825 7 21 11 0 0 0 0 0 0 0 0 175 0 0 0 504 13 0 0 1 0 18 0 0 0 118 0 18 2 0 12 79 0 55 0 0 8 0 0 0 0 81 0 0 0 21 0 0 0 191 0 0 0 0 0 0
4 0 364 0 0 1 87 1 0 2 0 0 0 5 29 380 88 0 6 0 0 4 5115 11 0 29 225 850 22 2830 0 0 2 1132 0 0 0 0 0 0 0 0 0 0 0 0 0 0 0 70 0 0 0 0 9 2 21 7 0 0 16 2 0 11 0 0 0 0
0 247 0 0 8 0 0 0 344 0 9 0 142 0 15 827 1 0 1 0 4 0 1 834 154 0 609 14 0 0 0 0 0 1 0 58 1 1 0 0 0 0 5 0 3 0 4 0 0 147 0 0 0 0 10 342 9 34 7 6 122 7 1 2 0 1 0 0
13 0 3201 0 2 1 77 23 0 0 1 0 1 42 19 660 1019 0 10 0 5115 1 0 15 0 21 2016 85 10 182 0 4 0 1341 0 0 12 0 0 0 0 0 0 0 0 0 0 0 2 274 0 0 0 0 6 12 280 4 0 0 404 4 0 1 0 0 0 5
0 44 5 666 36 15 18 6 1615 49 1 389 39 8 119 235 3 1 3 175 11 834 15 0 46 7 343 1626 29 13 0 0 3 19 1 5 1 69 1 5 7 1 92 84 0 30 1 4 12 89 0 0 0 43 34 60 11 759 1 0 19 224 16 14 0 0 2 15
0 707 0 0 0 0 0 0 50 0 24 1 1076 0 9 0 0 0 2 0 0 154 0 46 0 4 827 0 0 0 0 0 0 0 0 36 0 0 2 0 0 0 7 0 32 0 99 1 1 0 0 0 0 0 0 7 0 1 284 20 89 0 0 0 26 4 0 16
15 3 893 0 0 7 57 37 6 1 841 8 53 48 1 0 738 153 845 0 29 0 21 7 4 0 2760 36 18 9 74 3 0 179 0 11 17 0 0 0 0 0 0 0 14 0 180 0 0 0 5 0 6 0 0 1 0 0 18 256 570 0 0 0 91 0 0 2
5 1262 3606 0 1 0 2 0 148 1 5 2 775 6 23 1104 401 3 102 0 225 609 2016 343 827 2760 0 138 6 0 19 0 1 709 0 296 198 0 0 0 0 0 4 0 5 0 158 0 1 46 18 0 4 0 3 64 72 20 56 343 3840 0 0 0 42 0 0 9
14 0 274 898 10 59 4632 49 111 1111 2 264 39 123 66 81 37 0 2 504 850 14 85 1626 0 36 138 0 313 1140 0 0 47 372 1 0 0 77 0 26 3 0 31 23 0 79 0 2 31 46 0 0 0 61 23 7 7 406 0 0 11 182 6 18 0 0 0 7
678 0 1 15 2 25 101 39 1 135 132 82 14 1144 8 1 97 8 56 13 22 0 10 29 0 18 6 313 0 1357 0 123 530 937 1 0 0 0 0 0 0 0 3 0 0 1 0 1 0 11 0 0 0 0 3 2 1 17 0 0 0 9 1 9 0 0 1 6
202 0 27 0 0 2 1984 52 0 0 5 0 0 382 0 0 119 2 28 0 2830 0 182 13 0 9 0 1140 1357 0 0 0 307 897 0 0 0 0 0 0 0 0 0 0 0 0 0 0 0 4 0 0 0 0 1 1 0 8 0 0 0 0 0 3 0 0 0 0
0 1 0 0 0 0 0 0 0 0 42 0 204 0 0 0 0 0 0 0 0 0 0 0 0 74 19 0 0 0 0 0 0 0 0 0 0 0 0 0 0 0 0 0 5 0 70 0 0 0 0 0 0 0 0 0 0 0 6 1 10 0 0 0 25 0 0 0
0 0 0 0 89 6 0 207 3 1 87 4 82 37 4 0 0 0 2 1 0 0 4 0 0 3 0 0 123 0 0 0 0 225 0 0 0 0 0 0 0 0 0 0 0 0 0 0 0 0 0 0 0 0 0 0 0 0 0 0 0 0 0 0 0 0 0 0
0 0 0 1 0 1 0 0 0 1 0 0 0 0 0 2 0 0 3 0 2 0 0 3 0 0 1 47 530 307 0 0 0 422 0 0 0 0 0 0 0 0 0 0 0 0 0 0 0 1 0 0 0 0 0 0 0 7 0 0 0 3 0 0 0 0 0 0
19 0 70 10 214 25 57 27 5 120 1170 102 446 85 16 4 1452 73 682 18 1132 1 1341 19 0 179 709 372 937 897 0 225 422 0 0 4 3 0 0 1 0 0 5 0 0 2 1 0 0 6 1 0 0 0 9 1 4 45 1 11 52 25 7 5 0 1 1 10
0 0 0 0 0 0 0 0 0 0 0 0 0 0 0 0 0 0 0 0 0 0 0 1 0 0 0 1 1 0 0 0 0 0 0 0 1 0 0 2 974 58 0 11 2 2 0 1160 0 0 1 6 5 0 1 0 1 5 0 6 0 37 1032 738 0 0 0 17
0 210 3 0 0 0 0 0 8 0 1 0 6 0 0 0 3 0 1 0 0 58 0 5 36 11 296 0 0 0 0 0 0 4 0 0 0 0 5 1 0 0 66 0 0 1 63 0 14 2 0 0 1 0 1 413 2 82 453 7 1555 1 0 0 0 0 0 2
0 1 43 0 0 0 0 0 0 0 0 0 0 0 0 1 14 0 0 0 0 1 12 1 0 17 198 0 0 0 0 0 0 3 1 0 0 0 0 2 232 26 0 0 0 0 0 39 0 0 570 0 3 0 108 0 2285 1 0 1731 2753 95 1 12 0 0 0 23
0 0 0 172 0 16 2 1 38 21 0 46 1 0 8 0 0 0 0 118 0 1 0 69 0 0 0 77 0 0 0 0 0 0 0 0 0 0 9 36 1 2 83 570 0 624 0 5 19 0 0 0 0 2245 0 0 0 596 0 0 1 2544 12 0 0 1 0 10
0 0 0 0 3 4 0 0 1 0 2 4 9 0 2 0 0 0 0 0 0 0 0 1 2 0 0 0 0 0 0 0 0 0 0 5 0 9 0 357 0 0 63 2 44 48 14 1 747 0 0 0 0 9 0 17 0 84 2 0 1 17 0 0 0 232 0 62
0 0 0 7 10 16 0 2 15 8 0 120 4 0 13 0 0 0 0 18 0 0 0 5 0 0 0 26 0 0 0 0 0 1 2 1 2 36 357 0 249 1317 26 2486 25 3163 3 31 753 0 0 8 3 47 1 0 0 36 0 2 5 518 19 2 0 253 1 39
0 0 0 0 0 2 0 0 0 0 0 0 3 0 0 0 0 0 0 2 0 0 0 7 0 0 0 3 0 0 0 0 0 0 974 0 232 1 0 249 0 566 3 1617 10 7 3 1581 2 4 156 0 17 1 79 0 165 77 0 45 4 3738 223 1665 0 1 8 85
0 0 0 0 0 0 0 0 0 0 0 0 1 0 0 0 0 0 0 0 0 0 0 1 0 0 0 0 0 0 0 0 0 0 58 0 26 2 0 1317 566 0 1 393 10 34 2 2281 16 0 12 4 1 4 5 1 7 11 0 8 1 81 17 16 0 38 0 19
0 0 0 12 2 3 2 0 208 21 0 21 3 0 3 0 0 0 0 12 0 5 0 92 7 0 4 31 3 0 0 0 0 5 0 66 0 83 63 26 3 1 0 12 7 196 43 0 181 0 1 1 3 44 0 275 0 1222 144 0 105 60 3 1 0 14 0 8
0 0 0 8 1 11 0 1 5 0 0 42 13 0 17 0 0 0 0 79 0 0 0 84 0 0 0 23 0 0 0 0 0 0 11 0 0 570 2 2486 1617 393 12 0 8 1387 3 129 15 0 0 1 0 556 0 0 0 45 0 0 0 953 112 1 0 1 1 124
0 6 0 0 0 0 0 0 1 0 35 0 73 0 0 0 0 0 0 0 0 3 0 0 32 14 5 0 0 0 5 0 0 0 2 0 0 0 44 25 10 10 7 8 0 53 502 45 5 0 82 870 113 4 6 0 15 4 48 614 9 5 260 32 65 263 0 1295
1 0 0 40 3 97 1 0 161 152 0 611 24 0 43 0 0 0 0 55 0 0 0 30 0 0 0 79 1 0 0 0 0 2 2 1 0 624 48 3163 7 34 196 1387 53 0 5 42 425 1 0 9 24 1680 0 0 1 300 1 5 2 272 95 0 0 3 0 185
0 6 0 0 0 0 0 0 4 1 95 0 502 0 3 0 0 0 1 0 0 4 0 1 99 180 158 0 0 0 70 0 0 1 0 63 0 0 14 3 3 2 43 3 502 5 0 1 7 0 0 0 0 0 0 9 1 9 862 75 805 2 5 0 197 37 0 211
0 1 0 0 0 1 0 0 0 0 1 0 0 0 0 0 0 0 0 0 0 0 0 4 1 0 0 2 1 0 0 0 0 0 1160 0 39 5 1 31 1581 2281 0 129 45 42 1 0 3 0 21 11 10 10 4 0 16 6 0 16 1 103 1507 227 0 37 3 68
0 0 0 11 4 4 0 0 3 15 0 42 9 1 5 0 0 0 0 8 0 0 2 12 1 0 1 31 0 0 0 0 0 0 0 14 0 19 747 753 2 16 181 15 5 425 7 3 0 5 0 1 0 10 48 24 19 231 17 1 43 50 2 1 0 66 0 27
1 0 2 0 0 0 0 0 1 0 0 0 0 2 0 431 0 0 0 0 70 147 274 89 0 0 46 46 11 4 0 0 1 6 0 2 0 0 0 0 4 0 0 0 0 1 0 0 5 0 1 0 1 0 409 1052 1014 1038 0 0 1040 183 2 3 0 0 0 4
0 0 6 0 0 0 0 0 0 0 0 0 0 0 0 0 0 0 0 0 0 0 0 0 0 5 18 0 0 0 0 0 0 1 1 0 570 0 0 0 156 12 1 0 82 0 0 21 0 1 0 48 835 0 107 0 1170 1 0 374 118 30 5 283 0 0 0 851
0 0 0 0 0 0 0 0 0 0 0 0 0 0 0 0 0 0 0 0 0 0 0 0 0 0 0 0 0 0 0 0 0 0 6 0 0 0 0 8 0 4 1 1 870 9 0 11 1 0 48 0 823 0 2 0 8 0 0 398 5 1 13 26 0 2 0 86
0 0 0 0 0 0 0 0 0 0 0 0 0 0 0 0 0 0 0 0 0 0 0 0 0 6 4 0 0 0 0 0 0 0 5 1 3 0 0 3 17 1 3 0 113 24 0 10 0 1 835 823 0 1 7 0 12 3 0 572 44 8 4 83 0 0 1 276
0 0 0 105 0 9 1 1 11 90 0 77 5 0 9 0 0 0 0 81 0 0 0 43 0 0 0 61 0 0 0 0 0 0 0 0 0 2245 9 47 1 4 44 556 4 1680 0 10 10 0 0 0 1 0 0 0 0 150 0 0 0 223 16 0 0 4 0 24
1 0 0 0 0 0 0 0 0 0 0 0 0 0 0 40 0 0 0 0 9 10 6 34 0 0 3 23 3 1 0 0 0 9 1 1 108 0 0 1 79 5 0 0 6 0 0 4 48 409 107 2 7 0 0 6 4929 38 0 7 57 1121 21 2052 0 0 2 981
0 9 1 0 0 0 0 1 15 0 0 0 1 0 0 57 2 0 0 0 2 342 12 60 7 1 64 7 2 1 0 0 0 1 0 413 0 0 17 0 0 1 275 0 0 0 9 0 24 1052 0 0 0 0 6 0 10 989 62 1 511 16 1 0 0 0 0 3
0 0 1 0 0 0 0 0 0 0 0 0 0 1 0 172 0 0 0 0 21 9 280 11 0 0 72 7 1 0 0 0 0 4 1 2 2285 0 0 0 165 7 0 0 15 1 1 16 19 1014 1170 8 12 0 4929 10 0 20 0 65 1561 193 0 102 0 0 0 592
8 4 0 82 1 27 6 20 182 205 0 25 11 6 5 30 1 0 0 21 7 34 4 759 1 0 20 406 17 8 0 0 7 45 5 82 1 596 84 36 77 11 1222 45 4 300 9 6 231 1038 1 0 3 150 38 989 20 0 64 2 294 1863 49 38 0 8 1 62
0 20 0 0 0 0 0 0 10 0 35 0 226 0 0 0 0 0 2 0 0 7 0 1 284 18 56 0 0 0 6 0 0 1 0 453 0 0 2 0 0 0 144 0 48 1 862 0 17 0 0 0 0 0 0 62 0 64 0 1 825 0 0 0 0 14 0 16
0 10 15 0 0 0 0 0 0 0 7 0 27 0 0 0 5 2 20 0 0 6 0 0 20 256 343 0 0 0 1 0 0 11 6 7 1731 0 0 2 45 8 0 0 614 5 75 16 1 0 374 398 572 0 7 1 65 2 1 0 3025 7 3 8 81 1 0 30
0 167 170 0 0 0 0 0 9 0 7 0 113 3 0 301 57 1 47 0 16 122 404 19 89 570 3840 11 0 0 10 0 0 52 0 1555 2753 1 1 5 4 1 105 0 9 2 805 1 43 1040 118 5 44 0 57 511 1561 294 825 3025 0 88 3 11 139 0 1 159
8 0 0 115 0 30 4 11 49 24 0 46 8 2 8 15 0 0 0 191 2 7 4 224 0 0 0 182 9 0 0 0 3 25 37 1 95 2544 17 518 3738 81 60 953 5 272 2 103 50 183 30 1 8 223 1121 16 193 1863 0 7 88 0 308 765 0 1 27 328
1 0 0 0 0 2 0 0 0 0 2 0 3 0 0 1 0 0 0 0 0 1 0 16 0 0 0 6 1 0 0 0 0 7 1032 0 1 12 0 19 223 17 3 112 260 95 5 1507 2 2 5 13 4 16 21 1 0 49 0 3 3 308 0 1052 1 266 652 1619
2 0 0 0 0 0 0 0 0 0 0 0 0 1 0 6 0 0 0 0 11 2 1 14 0 0 0 18 9 3 0 0 0 5 738 0 12 0 0 2 1665 16 1 1 32 0 0 227 1 3 283 26 83 0 2052 0 102 38 0 8 11 765 1052 0 0 0 96 1150
0 0 0 0 0 0 0 0 0 0 12 0 50 0 0 0 0 1 1 0 0 0 0 0 26 91 42 0 0 0 25 0 0 0 0 0 0 0 0 0 0 0 0 0 65 0 197 0 0 0 0 0 0 0 0 0 0 0 0 81 139 0 1 0 0 0 0 5
0 0 0 0 0 0 0 0 0 0 4 1 18 0 0 0 0 0 0 0 0 1 0 0 4 0 0 0 0 0 0 0 0 1 0 0 0 1 232 253 1 38 14 1 263 3 37 37 66 0 0 2 0 4 0 0 0 8 14 1 0 1 266 0 0 0 0 430
0 0 0 0 0 0 0 0 0 0 0 0 0 0 0 1 0 0 0 0 0 0 0 2 0 0 0 0 1 0 0 0 0 1 0 0 0 0 0 1 8 0 0 1 0 0 0 3 0 0 0 0 1 0 2 0 0 1 0 0 1 27 652 96 0 0 0 492
2 2 1 0 2 3 0 0 1 0 4 5 45 1 6 3 0 0 0 0 0 0 5 15 16 2 9 7 6 0 0 0 0 10 17 2 23 10 62 39 85 19 8 124 1295 185 211 68 27 4 851 86 276 24 981 3 592 62 16 30 159 328 1619 1150 5 430 492 0
