0 0 13 0 0 0 67 4 0 2 0 1 0 1118 0 0 89 0 14 0 3 0 48 0 0 12 0 13 962 253 0 0 16 27 0 0 0 0 0 0 0 0 1 0 0 0 0 0 0 0 0 0 0 0 0 0 0 5 0 0 0 0 0 0 0 0 0 0
0 0 0 0 0 0 0 1 26 0 19 2 156 0 1 17 11 1 4 0 3 506 0 175 854 15 1275 2 0 0 5 0 0 12 0 227 3 0 0 0 0 0 1 0 12 0 86 0 0 4 3 0 1 0 0 29 2 1 25 16 476 0 0 0 13 4 0 6
13 0 0 0 0 28 332 129 2 53 0 0 1 135 0 0 1353 0 27 0 149 3 3565 1 0 3221 4482 64 9 34 0 0 1 96 0 4 68 0 0 0 0 0 0 0 0 0 0 0 0 1 6 0 0 0 0 1 9 0 0 19 224 0 0 0 0 0 0 3
0 0 0 0 7 16 0 2 88 755 0 856 2 6 21 0 0 0 0 2642 0 0 0 473 0 0 0 1916 11 1 0 0 0 8 0 0 0 58 0 2 0 0 62 0 0 82 0 0 1 0 0 0 0 26 0 0 0 85 0 0 0 11 0 0 0 0 0 0
0 0 0 7 0 618 1 10 77 21 26 196 67 0 1016 0 0 0 0 10 0 1 5 82 1 1 3 28 6 0 0 84 0 207 0 0 0 0 2 2 0 0 1 2 0 2 0 0 2 0 0 0 0 0 0 0 0 0 0 0 1 0 0 0 0 0 0 1
0 0 28 16 618 0 69 2964 81 3204 12 3103 19 80 766 0 4 2 2 67 0 0 9 21 0 4 0 114 59 0 0 62 1 31 0 0 0 1 0 14 0 0 10 10 0 60 0 0 6 0 0 0 0 5 0 0 0 35 0 0 0 11 0 0 0 0 0 1
67 0 332 0 1 69 0 981 1 2149 2 5 1 1386 1 0 31 0 2 2 15 0 326 65 0 18 3 4046 117 2341 0 0 4 56 0 0 0 0 0 0 0 0 3 0 0 0 0 0 0 0 0 0 0 0 0 1 0 3 0 0 0 3 0 0 0 0 0 0
4 1 129 2 10 2964 981 0 7 1132 6 159 15 2730 20 0 41 1 0 15 5 0 100 4 0 3 0 58 121 5 0 217 0 54 0 0 0 0 0 2 0 0 2 1 0 3 0 0 0 0 0 0 0 0 0 0 0 0 0 0 0 0 1 0 0 1 0 0
0 26 2 88 77 81 1 7 0 67 7 494 25 7 191 1 3 0 1 68 0 572 0 2225 65 5 87 67 41 3 0 25 1 22 0 1 0 42 1 4 2 2 197 37 0 30 0 1 7 4 0 0 0 18 2 10 0 201 0 0 8 95 2 1 0 0 0 2
2 0 53 755 21 3204 2149 1132 67 0 10 1662 6 169 33 0 8 0 0 639 0 0 12 48 0 6 1 2766 173 2 0 4 1 96 0 0 0 1 0 0 0 0 52 2 0 17 0 0 4 0 0 0 0 0 0 0 0 102 0 0 0 33 0 0 0 0 0 0
0 19 0 0 26 12 2 6 7 10 0 9 1019 17 1 0 15 1951 311 1 4 3 3 0 65 985 45 3 380 5 19 214 1 1610 0 3 0 0 2 0 0 0 0 0 37 0 92 0 0 0 0 0 0 0 0 0 0 0 11 14 21 0 0 0 20 4 0 3
1 2 0 856 196 3103 5 159 494 1662 9 0 17 87 731 0 0 1 0 2339 0 1 0 663 1 1 0 209 135 0 0 11 0 133 0 0 0 87 0 45 0 3 91 61 0 616 0 0 45 1 0 0 0 34 0 0 0 144 0 0 0 125 0 0 0 0 0 6
0 156 1 2 67 19 1 15 25 6 1019 17 0 6 31 0 0 11 5 5 1 48 5 23 1368 63 763 20 49 2 255 197 1 835 0 30 0 0 21 6 0 4 1 3 268 5 739 3 28 0 1 0 0 1 1 7 9 7 176 19 116 7 16 3 68 40 0 160
1118 0 135 6 0 80 1386 2730 7 169 17 87 6 0 11 0 203 1 3 17 15 0 264 9 0 19 1 56 2274 630 0 325 3 106 0 0 0 0 0 0 0 0 1 0 0 1 0 0 0 0 0 0 0 0 0 0 0 3 0 0 0 0 0 0 0 1 1 1
0 1 0 21 1016 766 1 20 191 33 1 731 31 11 0 1 0 0 0 7 23 0 50 115 1 1 1 56 22 4 0 19 0 13 0 0 0 2 3 10 0 0 5 5 1 7 0 0 6 1 0 0 0 3 0 0 0 24 0 0 0 8 0 1 0 0 0 1
0 17 0 0 0 0 0 0 1 0 0 0 0 0 1 0 2 0 1 0 631 1380 1348 497 2 1 592 210 0 0 0 0 0 4 0 0 0 0 0 0 0 0 3 0 0 0 0 0 0 491 0 0 0 0 52 19 358 104 0 0 73 11 0 8 0 0 0 1
89 11 1353 0 0 4 31 41 3 8 15 0 0 203 0 2 0 2 1606 0 74 2 2054 9 0 954 583 7 148 135 0 0 6 1606 0 2 2 0 0 0 0 0 0 0 0 0 0 0 0 0 1 0 0 0 0 0 0 0 0 0 26 0 0 0 0 0 0 0
0 1 0 0 0 2 0 1 0 0 1951 1 11 1 0 0 2 0 533 0 0 0 0 0 0 430 18 0 28 0 1 2 2 82 0 0 0 0 0 0 0 0 0 0 1 0 15 0 0 0 0 0 0 0 0 0 0 0 0 7 11 0 1 0 2 0 0 0
14 4 27 0 0 2 2 0 1 0 311 0 5 3 0 1 1606 533 0 0 10 4 20 1 1 1412 121 1 25 12 2 0 6 810 0 1 0 0 0 0 0 0 0 0 3 0 15 0 0 0 0 0 0 0 0 0 0 0 2 3 30 0 0 0 5 0 0 0
0 0 0 2642 10 67 2 15 68 639 1 2339 5 17 7 0 0 0 0 0 0 0 0 193 0 0 0 208 23 0 0 1 0 13 0 0 0 8 0 1 0 0 24 0 0 14 0 0 6 0 0 0 0 6 0 0 0 211 0 0 0 35 0 0 0 0 0 1
3 3 149 0 0 0 15 5 0 0 4 0 1 15 23 631 74 0 10 0 0 34 7092 6 0 14 58 2288 42 2967 0 0 34 1305 0 0 0 0 0 0 0 0 6 0 0 0 0 0 0 59 0 0 0 0 14 8 8 46 0 0 1 3 0 27 0 0 0 3
0 506 3 0 1 0 0 0 572 0 3 1 48 0 0 1380 2 0 4 0 34 0 67 960 125 10 815 78 0 0 1 0 0 6 0 20 3 0 0 0 1 0 22 0 3 0 13 0 0 106 2 0 0 0 9 148 58 47 6 3 91 5 0 3 0 0 0 1
48 0 3565 0 5 9 326 100 0 12 3 0 5 264 50 1348 2054 0 20 0 7092 67 0 21 0 260 2799 513 115 460 0 0 3 1461 0 1 14 0 0 0 0 0 0 0 0 0 0 0 0 700 0 0 0 0 28 19 666 18 0 1 374 4 0 1 0 0 0 2
0 175 1 473 82 21 65 4 2225 48 0 663 23 9 115 497 9 0 1 193 6 960 21 0 101 10 330 1789 27 1 0 0 3 40 1 8 0 9 0 4 1 0 145 3 0 28 0 3 25 107 0 0 0 9 24 47 15 1154 2 0 21 204 3 23 0 0 3 26
0 854 0 0 1 0 0 0 65 0 65 1 1368 0 1 2 0 0 1 0 0 125 0 101 0 12 804 0 0 0 15 1 0 7 0 109 0 0 1 0 0 0 1 0 36 0 156 0 0 0 0 0 0 0 0 6 0 0 405 14 98 0 2 0 9 7 0 7
12 15 3221 0 1 4 18 3 5 6 985 1 63 19 1 1 954 430 1412 0 14 10 260 10 12 0 3226 15 46 9 155 5 2 377 0 33 8 0 1 0 0 0 0 0 13 0 299 0 0 0 0 0 0 0 0 0 0 0 41 428 876 0 0 0 89 3 0 2
0 1275 4482 0 3 0 3 0 87 1 45 0 763 1 1 592 583 18 121 0 58 815 2799 330 804 3226 0 298 9 2 489 0 2 259 0 244 337 0 0 0 0 0 3 0 15 0 186 0 0 216 41 0 7 0 1 38 238 12 88 412 5196 0 0 0 37 0 0 32
13 2 64 1916 28 114 4046 58 67 2766 3 209 20 56 56 210 7 0 1 208 2288 78 513 1789 0 15 298 0 204 2312 0 0 30 265 3 1 0 2 0 0 1 1 73 0 0 18 0 2 9 77 0 0 0 1 6 12 4 374 0 0 5 86 5 21 0 0 3 25
962 0 9 11 6 59 117 121 41 173 380 135 49 2274 22 0 148 28 25 23 42 0 115 27 0 46 9 204 0 1188 1 129 1092 1431 1 0 0 0 0 0 1 0 6 0 3 1 1 2 1 4 0 0 0 0 0 0 0 17 1 0 0 6 4 0 0 1 0 10
253 0 34 1 0 0 2341 5 3 2 5 0 2 630 4 0 135 0 12 0 2967 0 460 1 0 9 2 2312 1188 0 0 1 322 746 1 0 0 0 0 0 0 0 0 0 0 0 0 0 0 22 0 0 0 0 14 1 4 26 0 0 0 8 3 11 0 0 0 3
0 5 0 0 0 0 0 0 0 0 19 0 255 0 0 0 0 1 2 0 0 1 0 0 15 155 489 0 1 0 0 0 0 3 0 2 0 0 0 0 0 0 0 0 14 0 94 0 0 0 0 0 0 0 0 0 0 0 8 10 25 0 0 0 17 1 0 0
0 0 0 0 84 62 0 217 25 4 214 11 197 325 19 0 0 2 0 1 0 0 0 0 1 5 0 0 129 1 0 0 1 279 0 0 0 0 0 0 0 0 0 0 0 0 0 0 0 0 0 0 0 0 0 0 0 0 0 0 0 0 0 0 0 1 0 1
16 0 1 0 0 1 4 0 1 1 1 0 1 3 0 0 6 2 6 0 34 0 3 3 0 2 2 30 1092 322 0 1 0 537 0 0 0 0 0 0 0 0 2 0 0 0 0 0 0 0 0 0 0 0 0 0 0 3 0 0 0 0 0 0 0 0 0 0
27 12 96 8 207 31 56 54 22 96 1610 133 835 106 13 4 1606 82 810 13 1305 6 1461 40 7 377 259 265 1431 746 3 279 537 0 0 7 3 0 0 2 0 0 3 0 1 3 8 0 4 5 0 0 0 0 6 1 8 23 5 10 62 10 4 5 5 0 0 7
0 0 0 0 0 0 0 0 0 0 0 0 0 0 0 0 0 0 0 0 0 0 0 1 0 0 0 3 1 1 0 0 0 0 0 0 3 1 0 5 939 60 2 16 3 3 0 1182 2 2 1 0 1 1 1 0 3 6 0 0 0 18 1311 294 0 0 6 13
0 227 4 0 0 0 0 0 1 0 3 0 30 0 0 0 2 0 1 0 0 20 1 8 109 33 244 1 0 0 2 0 0 7 0 0 2 0 0 0 0 1 22 0 6 0 109 0 2 7 3 0 2 0 0 512 0 110 569 14 2421 1 1 2 2 8 0 2
0 3 68 0 0 0 0 0 0 0 0 0 0 0 0 0 2 0 0 0 0 3 14 0 0 8 337 0 0 0 0 0 0 3 3 2 0 0 0 31 494 73 0 18 1 0 0 23 0 3 1391 0 45 0 128 1 4707 13 0 2754 2367 190 0 80 0 0 0 43
0 0 0 58 0 1 0 0 42 1 0 87 0 0 2 0 0 0 0 8 0 0 0 9 0 0 0 2 0 0 0 0 0 0 1 0 0 0 25 59 0 4 154 961 0 1658 0 9 65 0 0 0 0 2986 0 0 0 695 0 0 0 2193 51 0 0 0 0 77
0 0 0 0 2 0 0 0 1 0 2 0 21 0 3 0 0 0 0 0 0 0 0 0 1 1 0 0 0 0 0 0 0 0 0 0 0 25 0 260 4 61 100 18 21 59 19 0 1194 0 0 0 0 9 1 7 21 121 1 1 2 22 1 0 0 196 0 64
0 0 0 2 2 14 0 2 4 0 0 45 6 0 10 0 0 0 0 1 0 0 0 4 0 0 0 0 0 0 0 0 0 2 5 0 31 59 260 0 99 2485 51 4283 11 2274 1 41 706 0 0 0 0 18 0 0 2 45 0 1 0 283 46 1 0 1 0 62
0 0 0 0 0 0 0 0 2 0 0 0 0 0 0 0 0 0 0 0 0 1 0 1 0 0 0 1 1 0 0 0 0 0 939 0 494 0 4 99 0 704 7 1836 13 1 0 3342 11 4 90 0 9 0 85 1 227 45 0 62 8 3776 475 2216 0 2 6 112
0 0 0 0 0 0 0 0 2 0 0 3 4 0 0 0 0 0 0 0 0 0 0 0 0 0 0 1 0 0 0 0 0 0 60 1 73 4 61 2485 704 0 3 855 9 31 0 2578 33 0 15 0 1 1 1 0 10 14 0 7 0 26 87 41 0 288 0 35
1 1 0 62 1 10 3 2 197 52 0 91 1 1 5 3 0 0 0 24 6 22 0 145 1 0 3 73 6 0 0 0 2 3 2 22 0 154 100 51 7 3 0 85 6 313 15 4 331 0 0 1 0 67 0 364 0 2548 36 1 165 153 8 3 0 5 0 7
0 0 0 0 2 10 0 1 37 2 0 61 3 0 5 0 0 0 0 0 0 0 0 3 0 0 0 0 0 0 0 0 0 0 16 0 18 961 18 4283 1836 855 85 0 12 2134 0 534 69 1 0 0 0 919 4 1 7 102 0 2 0 3333 227 0 0 1 0 369
0 12 0 0 0 0 0 0 0 0 37 0 268 0 1 0 0 1 3 0 0 3 0 0 36 13 15 0 3 0 14 0 0 1 3 6 1 0 21 11 13 9 6 12 0 2 825 12 8 1 18 1831 513 0 12 6 9 8 20 855 2 18 339 46 123 194 0 1769
0 0 0 82 2 60 0 3 30 17 0 616 5 1 7 0 0 0 0 14 0 0 0 28 0 0 0 18 1 0 0 0 0 3 3 0 0 1658 59 2274 1 31 313 2134 2 0 1 43 826 0 0 0 0 1946 0 1 0 744 0 0 2 264 152 1 0 14 0 181
0 86 0 0 0 0 0 0 0 0 92 0 739 0 0 0 0 15 15 0 0 13 0 0 156 299 186 0 1 0 94 0 0 8 0 109 0 0 19 1 0 0 15 0 825 1 0 0 9 0 0 0 0 0 0 56 0 18 885 29 953 1 48 0 432 130 0 154
0 0 0 0 0 0 0 0 1 0 0 0 3 0 0 0 0 0 0 0 0 0 0 3 0 0 0 2 2 0 0 0 0 0 1182 0 23 9 0 41 3342 2578 4 534 12 43 0 0 14 0 10 0 2 9 0 1 5 19 0 5 0 68 1799 334 0 53 2 75
0 0 0 1 2 6 0 0 7 4 0 45 28 0 6 0 0 0 0 6 0 0 0 25 0 0 0 9 1 0 0 0 0 4 2 2 0 65 1194 706 11 33 331 69 8 826 9 14 0 0 0 1 0 27 23 9 50 276 0 1 6 94 13 1 0 32 1 36
0 4 1 0 0 0 0 0 4 0 0 1 0 0 1 491 0 0 0 0 59 106 700 107 0 0 216 77 4 22 0 0 0 5 2 7 3 0 0 0 4 0 0 1 1 0 0 0 0 0 8 1 1 0 1057 1288 1680 879 0 6 1505 66 1 8 0 0 0 10
0 3 6 0 0 0 0 0 0 0 0 0 1 0 0 0 1 0 0 0 0 2 0 0 0 0 41 0 0 0 0 0 0 0 1 3 1391 0 0 0 90 15 0 0 18 0 0 10 0 8 0 1 1523 0 52 1 1323 3 0 830 539 17 11 323 0 0 1 1208
0 0 0 0 0 0 0 0 0 0 0 0 0 0 0 0 0 0 0 0 0 0 0 0 0 0 0 0 0 0 0 0 0 0 0 0 0 0 0 0 0 0 1 0 1831 0 0 0 1 1 1 0 1125 0 0 0 2 0 0 311 2 0 11 8 0 2 0 119
0 1 0 0 0 0 0 0 0 0 0 0 0 0 0 0 0 0 0 0 0 0 0 0 0 0 7 0 0 0 0 0 0 0 1 2 45 0 0 0 9 1 0 0 513 0 0 2 0 1 1523 1125 0 0 9 0 27 0 0 845 39 2 15 149 0 0 0 490
0 0 0 26 0 5 0 0 18 0 0 34 1 0 3 0 0 0 0 6 0 0 0 9 0 0 0 1 0 0 0 0 0 0 1 0 0 2986 9 18 0 1 67 919 0 1946 0 9 27 0 0 0 0 0 0 0 0 281 0 0 0 132 30 0 0 1 0 50
0 0 0 0 0 0 0 0 2 0 0 0 1 0 0 52 0 0 0 0 14 9 28 24 0 0 1 6 0 14 0 0 0 6 1 0 128 0 1 0 85 1 0 4 12 0 0 0 23 1057 52 0 9 0 0 19 6033 23 0 2 24 1499 27 2414 0 0 2 712
0 29 1 0 0 0 1 0 10 0 0 0 7 0 0 19 0 0 0 0 8 148 19 47 6 0 38 12 0 1 0 0 0 1 0 512 1 0 7 0 1 0 364 1 6 1 56 1 9 1288 1 0 0 0 19 0 36 1082 79 1 1319 14 1 0 0 0 0 4
0 2 9 0 0 0 0 0 0 0 0 0 9 0 0 358 0 0 0 0 8 58 666 15 0 0 238 4 0 4 0 0 0 8 3 0 4707 0 21 2 227 10 0 7 9 0 0 5 50 1680 1323 2 27 0 6033 36 0 77 0 77 2240 405 20 559 0 0 7 1002
5 1 0 85 0 35 3 0 201 102 0 144 7 3 24 104 0 0 0 211 46 47 18 1154 0 0 12 374 17 26 0 0 3 23 6 110 13 695 121 45 45 14 2548 102 8 744 18 19 276 879 3 0 0 281 23 1082 77 0 63 2 528 3112 84 33 0 4 9 80
0 25 0 0 0 0 0 0 0 0 11 0 176 0 0 0 0 0 2 0 0 6 0 2 405 41 88 0 1 0 8 0 0 5 0 569 0 0 1 0 0 0 36 0 20 0 885 0 0 0 0 0 0 0 0 79 0 63 0 7 1132 0 1 0 2 3 0 8
0 16 19 0 0 0 0 0 0 0 14 0 19 0 0 0 0 7 3 0 0 3 1 0 14 428 412 0 0 0 10 0 0 10 0 14 2754 0 1 1 62 7 1 2 855 0 29 5 1 6 830 311 845 0 2 1 77 2 7 0 3465 9 23 66 197 4 0 160
0 476 224 0 1 0 0 0 8 0 21 0 116 0 0 73 26 11 30 0 1 91 374 21 98 876 5196 5 0 0 25 0 0 62 0 2421 2367 0 2 0 8 0 165 0 2 2 953 0 6 1505 539 2 39 0 24 1319 2240 528 1132 3465 0 28 1 3 273 0 0 152
0 0 0 11 0 11 3 0 95 33 0 125 7 0 8 11 0 0 0 35 3 5 4 204 0 0 0 86 6 8 0 0 0 10 18 1 190 2193 22 283 3776 26 153 3333 18 264 1 68 94 66 17 0 2 132 1499 14 405 3112 0 9 28 0 433 1180 0 5 29 536
0 0 0 0 0 0 0 1 2 0 0 0 16 0 0 0 0 1 0 0 0 0 0 3 2 0 0 5 4 3 0 0 0 4 1311 1 0 51 1 46 475 87 8 227 339 152 48 1799 13 1 11 11 15 30 27 1 20 84 1 23 1 433 0 1071 5 183 982 1281
0 0 0 0 0 0 0 0 1 0 0 0 3 0 1 8 0 0 0 0 27 3 1 23 0 0 0 21 0 11 0 0 0 5 294 2 80 0 0 1 2216 41 3 0 46 1 0 334 1 8 323 8 149 0 2414 0 559 33 0 66 3 1180 1071 0 0 0 180 1098
0 13 0 0 0 0 0 0 0 0 20 0 68 0 0 0 0 2 5 0 0 0 0 0 9 89 37 0 0 0 17 0 0 5 0 2 0 0 0 0 0 0 0 0 123 0 432 0 0 0 0 0 0 0 0 0 0 0 2 197 273 0 5 0 0 1 0 9
0 4 0 0 0 0 0 1 0 0 4 0 40 1 0 0 0 0 0 0 0 0 0 0 7 3 0 0 1 0 1 1 0 0 0 8 0 0 196 1 2 288 5 1 194 14 130 53 32 0 0 2 0 1 0 0 0 4 3 4 0 5 183 0 1 0 0 473
0 0 0 0 0 0 0 0 0 0 0 0 0 1 0 0 0 0 0 0 0 0 0 3 0 0 0 3 0 0 0 0 0 0 6 0 0 0 0 0 6 0 0 0 0 0 0 2 1 0 1 0 0 0 2 0 7 9 0 0 0 29 982 180 0 0 0 199
0 6 3 0 1 1 0 0 2 0 3 6 160 1 1 1 0 0 0 1 3 1 2 26 7 2 32 25 10 3 0 1 0 7 13 2 43 77 64 62 112 35 7 369 1769 181 154 75 36 10 1208 119 490 50 712 4 1002 80 8 160 152 536 1281 1098 9 473 199 0
