0 0 8 1 0 3 889 34 0 3 1 0 0 1351 0 0 69 0 3 0 4 0 34 1 0 8 3 3 996 328 0 1 2 13 0 0 0 0 0 0 0 0 0 0 0 0 0 0 0 0 0 0 0 0 0 0 0 1 0 0 0 0 0 0 0 0 0 0
0 0 1 0 0 0 0 0 29 0 1 0 134 0 0 3 9 1 2 0 0 276 3 59 400 16 1147 0 0 0 0 0 0 7 0 161 8 0 0 0 0 0 0 0 0 0 5 1 0 5 4 0 0 0 0 40 1 0 15 17 169 0 0 0 0 0 0 1
8 1 0 0 0 1 74 49 1 5 0 1 0 102 0 2 1023 0 79 0 25 1 1561 4 0 2854 4822 10 5 17 0 0 0 24 0 18 180 0 0 0 0 0 0 0 0 0 0 0 0 2 21 0 1 0 0 4 14 4 0 17 410 0 0 0 0 0 0 7
1 0 0 0 3 31 11 5 71 544 3 424 1 13 12 0 0 0 0 1954 0 0 0 175 0 0 0 1697 23 0 0 1 2 29 0 0 0 26 0 1 1 0 22 0 0 24 0 0 19 0 0 0 0 13 0 0 0 99 0 0 0 18 0 0 0 0 0 0
0 0 0 3 0 109 0 0 128 4 22 98 7 1 848 0 0 0 0 8 0 0 0 43 0 0 0 13 0 0 0 158 0 240 0 0 0 0 2 4 0 0 3 0 1 0 0 0 2 0 0 0 0 1 0 0 0 2 0 0 0 0 0 0 0 0 0 0
3 0 1 31 109 0 217 2711 94 2892 23 2432 4 77 614 0 0 1 0 21 0 0 1 22 0 2 1 330 32 0 0 278 0 29 0 0 0 1 2 5 0 0 3 0 4 59 0 0 3 0 0 0 0 0 0 0 0 34 0 0 0 12 1 0 0 0 0 2
889 0 74 11 0 217 0 135 10 1131 20 4 4 1183 8 0 5 4 0 4 149 0 324 46 0 9 1 4328 213 2034 0 1 37 74 0 0 0 0 0 1 0 0 3 0 0 0 0 0 0 0 0 0 0 1 0 0 0 12 0 0 0 9 0 0 0 0 0 1
34 0 49 5 0 2711 135 0 37 441 11 120 4 2135 49 0 77 1 7 5 2 0 92 4 0 21 5 18 32 9 0 263 1 12 0 0 0 0 0 0 0 0 1 0 0 1 0 0 0 0 0 0 0 1 0 0 0 6 0 0 0 1 0 0 0 0 0 0
0 29 1 71 128 94 10 37 0 36 23 444 74 26 413 0 5 21 30 43 4 614 1 1550 61 27 284 136 40 3 0 26 1 55 0 2 0 23 1 3 3 0 169 16 33 39 3 2 8 0 0 0 0 13 4 5 0 127 3 0 7 46 3 1 0 0 1 3
3 0 5 544 4 2892 1131 441 36 0 34 1147 9 384 43 0 0 0 2 553 0 0 13 34 0 0 0 1725 116 1 0 9 0 103 0 0 0 0 0 3 1 0 19 3 1 29 1 0 11 0 0 0 0 4 0 0 0 78 0 0 0 21 0 0 0 0 0 0
1 1 0 3 22 23 20 11 23 34 0 92 317 27 24 0 4 1406 296 7 3 0 2 3 55 727 11 20 334 1 112 122 1 1398 0 1 0 0 0 0 0 1 1 0 26 0 152 0 2 0 0 0 0 0 0 0 0 0 9 13 16 0 1 0 13 1 0 3
0 0 1 424 98 2432 4 120 444 1147 92 0 18 129 796 0 1 4 1 1645 0 2 0 452 0 2 1 406 91 0 0 28 2 158 0 0 0 48 3 75 0 0 15 15 7 771 0 0 43 0 0 0 0 27 0 0 0 136 0 0 0 88 1 0 0 0 0 6
0 134 0 1 7 4 4 4 74 9 317 18 0 4 17 0 0 1 0 4 1 70 3 15 941 3 394 5 5 0 314 25 0 119 0 5 0 0 0 0 0 0 1 0 29 2 605 0 0 0 0 0 0 0 0 3 0 0 156 10 44 0 0 0 44 0 0 1
1351 0 102 13 1 77 1183 2135 26 384 27 129 4 0 12 0 193 4 17 13 26 0 293 8 0 28 4 96 1667 206 0 18 22 34 0 0 0 0 0 0 0 0 0 0 1 0 0 0 0 1 0 0 0 0 0 0 0 3 0 0 0 1 0 0 0 0 1 0
0 0 0 12 848 614 8 49 413 43 24 796 17 12 0 4 0 3 0 12 15 5 10 97 0 1 3 100 8 1 0 32 0 31 0 0 0 20 4 5 3 0 9 9 3 16 0 2 8 0 0 0 0 11 0 1 0 29 0 0 0 25 0 0 0 0 1 2
0 3 2 0 0 0 0 0 0 0 0 0 0 0 4 0 0 0 0 0 507 821 874 436 0 0 940 179 0 3 0 0 0 15 0 0 2 0 0 0 0 0 0 0 0 0 0 0 0 890 0 0 0 0 38 36 350 38 0 0 69 8 3 2 0 0 0 2
69 9 1023 0 0 0 5 77 5 0 4 1 0 193 0 0 0 45 1170 0 34 7 1242 10 0 1008 590 2 223 147 0 0 2 1569 0 7 19 0 0 0 0 0 0 0 0 0 0 0 0 1 5 0 0 0 0 1 2 0 0 4 56 0 0 0 0 0 0 1
0 1 0 0 0 1 4 1 21 0 1406 4 1 4 3 0 45 0 803 0 1 0 2 0 0 460 4 0 32 1 0 0 0 127 0 1 0 0 0 0 0 0 0 0 1 0 5 0 0 0 0 0 0 0 0 0 0 0 0 11 7 0 0 0 6 0 0 0
3 2 79 0 0 0 0 7 30 2 296 1 0 17 0 0 1170 803 0 0 4 1 20 0 0 1766 99 0 64 14 0 0 1 828 0 1 4 0 0 0 0 0 0 0 0 0 5 0 0 0 3 0 0 0 0 0 0 0 2 37 41 0 0 0 0 0 0 0
0 0 0 1954 8 21 4 5 43 553 7 1645 4 13 12 0 0 0 0 0 0 0 0 341 0 0 0 183 22 0 0 1 0 18 0 0 0 3 5 4 2 0 11 12 4 25 0 0 15 0 0 0 0 27 0 0 0 154 0 0 0 102 0 0 0 0 0 0
4 0 25 0 0 0 149 2 4 0 3 0 1 26 15 507 34 1 4 0 0 8 5918 3 0 1 80 912 49 2239 0 0 12 1201 0 0 0 0 0 0 0 0 0 0 0 0 0 0 0 70 0 0 0 0 24 4 8 37 0 0 3 15 1 5 0 0 1 5
0 276 1 0 0 0 0 0 614 0 0 2 70 0 5 821 7 0 1 0 8 0 4 883 81 8 776 12 0 0 0 0 0 4 0 8 1 0 0 0 0 0 29 0 0 0 6 1 0 82 1 0 0 0 5 256 4 76 3 2 36 10 1 0 0 0 0 3
34 3 1561 0 0 1 324 92 1 13 2 0 3 293 10 874 1242 2 20 0 5918 4 0 33 1 138 2230 174 71 654 0 0 3 1807 0 1 18 0 0 0 0 0 0 0 0 0 0 0 0 448 3 0 0 0 2 10 452 5 0 0 175 1 0 0 0 0 0 7
1 59 4 175 43 22 46 4 1550 34 3 452 15 8 97 436 10 0 0 341 3 883 33 0 39 12 720 1676 37 35 0 2 5 84 1 5 1 39 0 9 10 0 81 20 1 105 0 4 20 104 0 0 0 43 47 62 3 1032 0 0 11 349 33 18 0 0 5 58
0 400 0 0 0 0 0 0 61 0 55 0 941 0 0 0 0 0 0 0 0 81 1 39 0 4 1197 0 1 0 8 0 0 2 0 12 0 0 0 0 0 0 0 0 14 0 183 0 0 0 0 0 1 0 0 1 0 0 225 13 142 0 0 0 2 0 0 1
8 16 2854 0 0 2 9 21 27 0 727 2 3 28 1 0 1008 460 1766 0 1 8 138 12 4 0 3146 4 47 5 217 0 1 170 0 23 101 0 0 0 0 0 0 0 15 0 87 0 0 0 12 4 21 0 0 1 0 0 36 680 911 0 0 0 38 0 0 7
3 1147 4822 0 0 1 1 5 284 0 11 1 394 4 3 940 590 4 99 0 80 776 2230 720 1197 3146 0 67 24 1 89 0 1 428 0 456 160 0 0 0 0 0 8 0 4 0 117 0 0 221 48 0 10 0 0 140 372 31 163 423 3793 0 0 0 25 0 0 36
3 0 10 1697 13 330 4328 18 136 1725 20 406 5 96 100 179 2 0 0 183 912 12 174 1676 0 4 67 0 246 1577 0 4 61 471 2 0 0 2 0 9 3 0 29 3 1 51 0 0 17 40 0 0 0 21 34 7 6 498 0 0 0 147 16 14 0 0 4 34
996 0 5 23 0 32 213 32 40 116 334 91 5 1667 8 0 223 32 64 22 49 0 71 37 1 47 24 246 0 1239 0 50 1055 1526 0 0 0 0 0 0 0 0 1 0 0 1 0 0 0 4 0 0 0 0 0 0 0 9 0 0 0 3 3 1 0 0 0 4
328 0 17 0 0 0 2034 9 3 1 1 0 0 206 1 3 147 1 14 0 2239 0 654 35 0 5 1 1577 1239 0 0 0 117 904 0 0 0 0 0 0 0 0 0 0 0 0 0 0 0 4 0 0 0 0 8 0 1 6 0 0 0 2 3 1 0 0 0 1
0 0 0 0 0 0 0 0 0 0 112 0 314 0 0 0 0 0 0 0 0 0 0 0 8 217 89 0 0 0 0 0 0 5 0 1 0 0 0 0 0 0 0 0 12 0 60 0 0 0 0 0 0 0 0 0 0 0 7 19 59 0 0 0 24 0 0 0
1 0 0 1 158 278 1 263 26 9 122 28 25 18 32 0 0 0 0 1 0 0 0 2 0 0 0 4 50 0 0 0 0 309 0 0 0 0 0 0 0 0 1 0 0 0 0 0 0 0 0 0 0 0 0 0 0 0 0 0 0 0 0 0 0 0 0 0
2 0 0 2 0 0 37 1 1 0 1 2 0 22 0 0 2 0 1 0 12 0 3 5 0 1 1 61 1055 117 0 0 0 465 0 0 0 0 0 0 0 0 0 0 0 0 0 0 0 0 0 0 0 0 0 0 0 2 0 0 0 0 1 1 0 0 0 3
13 7 24 29 240 29 74 12 55 103 1398 158 119 34 31 15 1569 127 828 18 1201 4 1807 84 2 170 428 471 1526 904 5 309 465 0 0 12 15 0 0 0 0 0 1 0 1 2 1 0 2 19 1 0 1 0 14 6 11 51 1 8 98 31 14 5 0 0 2 5
0 0 0 0 0 0 0 0 0 0 0 0 0 0 0 0 0 0 0 0 0 0 0 1 0 0 0 2 0 0 0 0 0 0 0 0 5 2 0 2 663 12 0 5 2 0 0 1090 0 0 23 0 15 0 0 0 1 2 0 14 10 8 1021 354 0 0 1 18
0 161 18 0 0 0 0 0 2 0 1 0 5 0 0 0 7 1 1 0 0 8 1 5 12 23 456 0 0 0 1 0 0 12 0 0 1 0 0 0 1 5 53 0 0 0 70 4 0 1 2 0 2 0 0 391 0 82 424 10 1673 1 0 0 0 0 0 3
0 8 180 0 0 0 0 0 0 0 0 0 0 0 0 2 19 0 4 0 0 1 18 1 0 101 160 0 0 0 0 0 0 15 5 1 0 0 0 6 168 46 0 0 0 0 0 92 0 0 991 0 59 0 26 0 2297 0 0 1675 2226 9 0 20 0 0 0 4
0 0 0 26 0 1 0 0 23 0 0 48 0 0 20 0 0 0 0 3 0 0 0 39 0 0 0 2 0 0 0 0 0 0 2 0 0 0 1 15 0 5 32 914 1 390 0 7 17 0 0 0 0 2686 0 0 0 359 0 0 2 2513 23 0 0 1 3 44
0 0 0 0 2 2 0 0 1 0 0 3 0 0 4 0 0 0 0 5 0 0 0 0 0 0 0 0 0 0 0 0 0 0 0 0 0 1 0 190 0 4 67 2 24 52 1 0 675 0 0 0 0 0 0 0 0 44 0 0 0 10 1 0 0 125 0 166
0 0 0 1 4 5 1 0 3 3 0 75 0 0 5 0 0 0 0 4 0 0 0 9 0 0 0 9 0 0 0 0 0 0 2 0 6 15 190 0 156 1285 48 3070 28 3077 2 63 892 0 3 0 0 37 0 0 2 44 0 3 0 312 70 0 0 174 2 36
0 0 0 1 0 0 0 0 3 1 0 0 0 0 3 0 0 0 0 2 0 0 0 10 0 0 0 3 0 0 0 0 0 0 663 1 168 0 0 156 0 515 18 1003 22 10 0 1967 6 4 200 0 46 1 219 0 448 146 0 38 7 4776 314 1110 0 3 29 156
0 0 0 0 0 0 0 0 0 0 1 0 0 0 0 0 0 0 0 0 0 0 0 0 0 0 0 0 0 0 0 0 0 0 12 5 46 5 4 1285 515 0 6 494 2 38 0 2301 17 0 28 0 6 8 4 0 37 5 0 10 2 32 63 10 0 425 1 13
0 0 0 22 3 3 3 1 169 19 1 15 1 0 9 0 0 0 0 11 0 29 0 81 0 0 8 29 1 0 0 1 0 1 0 53 0 32 67 48 18 6 0 18 13 127 37 0 347 0 0 1 0 29 0 412 0 1858 96 1 169 100 21 0 0 19 0 55
0 0 0 0 0 0 0 0 16 3 0 15 0 0 9 0 0 0 0 12 0 0 0 20 0 0 0 3 0 0 0 0 0 0 5 0 0 914 2 3070 1003 494 18 0 17 1999 0 431 16 0 0 0 0 585 0 0 0 63 0 0 0 2188 109 0 0 6 1 168
0 0 0 0 1 4 0 0 33 1 26 7 29 1 3 0 0 1 0 4 0 0 0 1 14 15 4 1 0 0 12 0 0 1 2 0 0 1 24 28 22 2 13 17 0 70 698 7 50 0 13 1347 231 19 4 0 2 20 20 471 22 22 266 12 36 322 1 1633
0 0 0 24 0 59 0 1 39 29 0 771 2 0 16 0 0 0 0 25 0 0 0 105 0 0 0 51 1 0 0 0 0 2 0 0 0 390 52 3077 10 38 127 1999 70 0 0 77 803 0 0 0 0 2188 0 0 0 394 0 2 0 594 162 0 0 20 1 182
0 5 0 0 0 0 0 0 3 1 152 0 605 0 0 0 0 5 5 0 0 6 0 0 183 87 117 0 0 0 60 0 0 1 0 70 0 0 1 2 0 0 37 0 698 0 0 0 5 0 0 0 0 1 0 9 0 9 660 62 403 3 2 0 339 11 0 15
0 1 0 0 0 0 0 0 2 0 0 0 0 0 2 0 0 0 0 0 0 1 0 4 0 0 0 0 0 0 0 0 0 0 1090 4 92 7 0 63 1967 2301 0 431 7 77 0 0 3 0 128 0 15 9 7 0 85 16 0 26 7 51 1324 248 0 64 10 34
0 0 0 19 2 3 0 0 8 11 2 43 0 0 8 0 0 0 0 15 0 0 0 20 0 0 0 17 0 0 0 0 0 2 0 0 0 17 675 892 6 17 347 16 50 803 5 3 0 2 0 0 0 23 1 6 0 195 0 1 0 61 41 0 0 44 0 70
0 5 2 0 0 0 0 0 0 0 0 0 0 1 0 890 1 0 0 0 70 82 448 104 0 0 221 40 4 4 0 0 0 19 0 1 0 0 0 0 4 0 0 0 0 0 0 0 2 0 5 0 0 0 932 626 517 874 0 2 931 278 1 4 0 0 0 16
0 4 21 0 0 0 0 0 0 0 0 0 0 0 0 0 5 0 3 0 0 1 3 0 0 12 48 0 0 0 0 0 0 1 23 2 991 0 0 3 200 28 0 0 13 0 0 128 0 5 0 12 1323 0 23 3 1296 3 0 444 514 8 3 331 0 0 0 1217
0 0 0 0 0 0 0 0 0 0 0 0 0 0 0 0 0 0 0 0 0 0 0 0 0 4 0 0 0 0 0 0 0 0 0 0 0 0 0 0 0 0 1 0 1347 0 0 0 0 0 12 0 399 0 0 0 0 0 0 327 7 0 0 3 0 0 0 174
0 0 1 0 0 0 0 0 0 0 0 0 0 0 0 0 0 0 0 0 0 0 0 0 1 21 10 0 0 0 0 0 0 1 15 2 59 0 0 0 46 6 0 0 231 0 0 15 0 0 1323 399 0 0 15 0 38 0 0 943 42 2 9 103 0 0 2 547
0 0 0 13 1 0 1 1 13 4 0 27 0 0 11 0 0 0 0 27 0 0 0 43 0 0 0 21 0 0 0 0 0 0 0 0 0 2686 0 37 1 8 29 585 19 2188 1 9 23 0 0 0 0 0 0 0 0 298 0 0 0 349 34 0 0 3 0 37
0 0 0 0 0 0 0 0 4 0 0 0 0 0 0 38 0 0 0 0 24 5 2 47 0 0 0 34 0 8 0 0 0 14 0 0 26 0 0 0 219 4 0 0 4 0 0 7 1 932 23 0 15 0 0 8 5909 11 0 0 34 760 4 2312 0 0 8 1185
0 40 4 0 0 0 0 0 5 0 0 0 3 0 1 36 1 0 0 0 4 256 10 62 1 1 140 7 0 0 0 0 0 6 0 391 0 0 0 0 0 0 412 0 0 0 9 0 6 626 3 0 0 0 8 0 4 654 71 1 1416 8 0 1 0 0 0 4
0 1 14 0 0 0 0 0 0 0 0 0 0 0 0 350 2 0 0 0 8 4 452 3 0 0 372 6 0 1 0 0 0 11 1 0 2297 0 0 2 448 37 0 0 2 0 0 85 0 517 1296 0 38 0 5909 4 0 17 0 63 2792 81 13 434 0 0 8 981
1 0 4 99 2 34 12 6 127 78 0 136 0 3 29 38 0 0 0 154 37 76 5 1032 0 0 31 498 9 6 0 0 2 51 2 82 0 359 44 44 146 5 1858 63 20 394 9 16 195 874 3 0 0 298 11 654 17 0 51 2 515 1752 40 62 0 9 3 80
0 15 0 0 0 0 0 0 3 0 9 0 156 0 0 0 0 0 2 0 0 3 0 0 225 36 163 0 0 0 7 0 0 1 0 424 0 0 0 0 0 0 96 0 20 0 660 0 0 0 0 0 0 0 0 71 0 51 0 4 898 0 0 1 2 1 0 3
0 17 17 0 0 0 0 0 0 0 13 0 10 0 0 0 4 11 37 0 0 2 0 0 13 680 423 0 0 0 19 0 0 8 14 10 1675 0 0 3 38 10 1 0 471 2 62 26 1 2 444 327 943 0 0 1 63 2 4 0 2603 0 0 14 165 1 0 53
0 169 410 0 0 0 0 0 7 0 16 0 44 0 0 69 56 7 41 0 3 36 175 11 142 911 3793 0 0 0 59 0 0 98 10 1673 2226 2 0 0 7 2 169 0 22 0 403 7 0 931 514 7 42 0 34 1416 2792 515 898 2603 0 32 4 21 50 0 1 242
0 0 0 18 0 12 9 1 46 21 0 88 0 1 25 8 0 0 0 102 15 10 1 349 0 0 0 147 3 2 0 0 0 31 8 1 9 2513 10 312 4776 32 100 2188 22 594 3 51 61 278 8 0 2 349 760 8 81 1752 0 0 32 0 176 774 0 6 33 346
0 0 0 0 0 1 0 0 3 0 1 1 0 0 0 3 0 0 0 0 1 1 0 33 0 0 0 16 3 3 0 0 1 14 1021 0 0 23 1 70 314 63 21 109 266 162 2 1324 41 1 3 0 9 34 4 0 13 40 0 0 4 176 0 1223 0 93 1034 1128
0 0 0 0 0 0 0 0 1 0 0 0 0 0 0 2 0 0 0 0 5 0 0 18 0 0 0 14 1 1 0 0 1 5 354 0 20 0 0 0 1110 10 0 0 12 0 0 248 0 4 331 3 103 0 2312 1 434 62 1 14 21 774 1223 0 0 0 163 1259
0 0 0 0 0 0 0 0 0 0 13 0 44 0 0 0 0 6 0 0 0 0 0 0 2 38 25 0 0 0 24 0 0 0 0 0 0 0 0 0 0 0 0 0 36 0 339 0 0 0 0 0 0 0 0 0 0 0 2 165 50 0 0 0 0 0 0 1
0 0 0 0 0 0 0 0 0 0 1 0 0 0 0 0 0 0 0 0 0 0 0 0 0 0 0 0 0 0 0 0 0 0 0 0 0 1 125 174 3 425 19 6 322 20 11 64 44 0 0 0 0 3 0 0 0 9 1 1 0 6 93 0 0 0 0 541
0 0 0 0 0 0 0 0 1 0 0 0 0 1 1 0 0 0 0 0 1 0 0 5 0 0 0 4 0 0 0 0 0 2 1 0 0 3 0 2 29 1 0 1 1 1 0 10 0 0 0 0 2 0 8 0 8 3 0 0 1 33 1034 163 0 0 0 172
0 1 7 0 0 2 1 0 3 0 3 6 1 0 2 2 1 0 0 0 5 3 7 58 1 7 36 34 4 1 0 0 3 5 18 3 4 44 166 36 156 13 55 168 1633 182 15 34 70 16 1217 174 547 37 1185 4 981 80 3 53 242 346 1128 1259 1 541 172 0
