0 0 31 0 0 3 529 134 0 12 2 2 0 1338 0 0 28 4 8 1 6 0 15 2 0 25 3 4 987 294 0 1 5 16 0 0 0 0 0 0 0 0 0 0 0 0 0 0 0 0 0 0 0 0 0 0 0 2 0 0 0 4 0 0 0 0 0 0
0 0 0 0 0 1 1 0 36 0 0 0 87 2 3 4 2 0 1 0 0 427 1 96 767 14 1878 2 2 0 0 0 1 2 0 174 5 0 0 0 0 0 5 0 0 0 3 0 0 2 2 0 0 0 0 34 0 4 60 10 185 0 0 1 1 0 0 2
31 0 0 0 0 5 123 136 1 2 1 0 0 180 3 0 867 0 8 1 519 0 2606 0 0 1934 2628 18 29 87 0 0 0 53 0 9 134 0 0 0 1 0 1 0 0 0 0 0 0 5 12 0 0 0 1 1 42 2 0 7 410 0 0 0 0 0 0 7
0 0 0 0 6 22 39 7 102 1204 0 735 6 6 27 0 0 0 0 2850 0 0 0 872 0 0 0 912 13 0 0 0 0 38 0 0 0 417 0 10 0 0 35 20 0 88 0 0 29 0 0 0 0 163 0 0 0 160 0 0 0 58 0 0 0 0 0 0
0 0 0 6 0 171 1 9 63 2 27 147 43 0 682 0 0 0 0 3 2 1 3 31 0 0 0 7 6 1 0 165 0 284 0 0 0 0 1 2 0 0 1 0 0 1 1 0 3 0 0 0 0 1 0 0 1 0 0 0 0 0 0 0 0 0 0 1
3 1 5 22 171 0 251 2898 39 2746 75 2221 55 60 703 0 4 4 6 60 2 1 2 10 0 15 5 93 57 0 0 28 1 96 0 0 0 0 2 42 0 0 2 0 0 100 0 0 10 0 0 0 0 1 0 0 0 12 0 0 0 3 0 0 0 0 0 3
529 1 123 39 1 251 0 387 9 2777 18 6 6 1469 31 0 8 2 16 2 161 1 60 186 0 14 14 4868 176 2244 0 4 24 113 0 0 0 5 0 0 4 0 7 2 0 0 1 0 1 7 0 0 0 4 0 1 0 37 0 0 0 25 0 0 0 0 0 1
134 0 136 7 9 2898 387 0 10 640 14 59 19 2499 25 0 104 4 7 16 18 2 36 5 0 63 4 46 85 71 0 419 0 53 0 0 0 0 0 1 0 0 2 0 0 1 0 0 2 1 0 0 0 0 0 0 0 4 0 0 0 3 0 0 0 1 0 1
0 36 1 102 63 39 9 10 0 33 1 326 19 1 319 2 0 0 0 68 1 453 1 2487 141 2 107 86 4 0 0 11 0 14 0 2 0 8 0 4 0 0 77 36 0 9 1 0 12 1 0 0 0 10 5 24 0 169 1 0 1 70 3 0 0 1 0 3
12 0 2 1204 2 2746 2777 640 33 0 26 1073 62 380 43 0 0 0 4 885 5 0 0 38 0 0 0 1110 111 0 0 8 2 243 0 0 0 7 0 9 2 0 31 1 0 29 0 0 29 0 0 0 0 10 0 0 0 128 0 0 0 10 0 0 0 0 0 5
2 0 1 0 27 75 18 14 1 26 0 41 515 56 4 0 42 1236 630 2 2 0 2 0 35 919 9 6 130 3 53 126 1 820 0 1 0 0 0 0 0 0 0 0 6 0 86 0 0 0 0 0 0 0 0 0 0 0 46 10 15 0 0 0 5 0 0 0
2 0 0 735 147 2221 6 59 326 1073 41 0 29 22 1170 0 0 9 6 2215 0 0 0 289 0 0 1 34 26 1 0 16 0 86 0 0 0 133 4 84 1 0 10 58 0 674 0 0 71 0 0 0 0 41 0 0 0 19 0 0 0 25 0 0 0 0 0 3
0 87 0 6 43 55 6 19 19 62 515 29 0 3 48 0 0 0 0 8 5 19 2 6 967 35 265 25 29 1 219 169 3 566 0 4 0 0 2 2 1 2 0 1 28 2 653 1 6 0 0 0 0 0 0 1 0 4 233 48 78 1 2 0 57 1 0 12
1338 2 180 6 0 60 1469 2499 1 380 56 22 3 0 2 0 200 27 39 9 26 0 69 5 2 103 28 23 1282 366 3 114 6 82 0 0 0 0 0 0 0 0 0 0 0 0 0 0 0 1 0 0 0 0 0 0 0 9 0 0 0 1 0 0 0 0 0 2
0 3 3 27 682 703 31 25 319 43 4 1170 48 2 0 0 0 0 0 14 11 4 2 202 1 0 1 100 8 3 0 22 0 13 0 0 0 4 6 9 1 0 0 21 0 9 4 0 5 1 0 0 0 4 1 0 0 3 0 0 0 9 1 0 0 0 0 7
0 4 0 0 0 0 0 0 2 0 0 0 0 0 0 0 0 0 0 0 392 760 1194 278 0 0 980 40 0 0 0 0 0 3 0 0 4 0 0 0 0 0 0 0 0 0 0 0 0 721 1 0 0 0 28 84 198 70 0 1 249 19 0 0 0 0 0 6
28 2 867 0 0 4 8 104 0 0 42 0 0 200 0 0 0 16 1106 0 81 1 1365 0 0 1364 658 4 185 160 0 0 13 985 0 8 19 0 0 0 0 0 0 0 0 0 0 0 0 0 2 0 0 0 0 1 3 0 0 3 59 0 0 0 0 0 0 4
4 0 0 0 0 4 2 4 0 0 1236 9 0 27 0 0 16 0 761 0 1 0 1 0 0 782 2 0 31 2 1 0 2 145 0 0 0 0 0 0 0 0 0 0 0 0 2 0 0 0 0 0 0 0 0 0 0 0 1 5 9 0 0 0 0 0 0 0
8 1 8 0 0 6 16 7 0 4 630 6 0 39 0 0 1106 761 0 0 16 0 16 0 0 813 70 5 32 16 1 1 3 617 0 0 2 0 0 0 0 0 0 0 0 0 0 0 0 0 1 0 1 0 0 0 0 0 0 6 38 0 0 0 0 0 0 0
1 0 1 2850 3 60 2 16 68 885 2 2215 8 9 14 0 0 0 0 0 0 0 0 92 0 0 0 82 11 0 0 2 0 34 0 0 0 22 0 12 2 0 12 57 0 26 0 0 12 0 0 0 0 24 0 0 0 49 0 0 0 39 0 0 0 0 0 0
6 0 519 0 2 2 161 18 1 5 2 0 5 26 11 392 81 1 16 0 0 10 6441 32 0 68 190 2556 37 2192 0 1 1 1113 0 0 2 0 0 0 0 0 0 0 0 0 3 0 1 102 0 0 0 0 20 6 23 35 0 0 7 13 0 7 0 0 1 5
0 427 0 0 1 1 1 2 453 0 0 0 19 0 4 760 1 0 0 0 10 0 5 780 194 0 913 11 0 0 0 0 0 0 0 21 0 0 0 0 1 1 6 0 0 0 0 0 0 57 0 0 1 0 9 143 4 31 3 0 37 8 0 1 0 0 0 0
15 1 2606 0 3 2 60 36 1 0 2 0 2 69 2 1194 1365 1 16 0 6441 5 0 60 0 197 1761 227 29 287 0 0 1 1526 0 0 74 0 1 0 0 0 0 0 0 0 0 0 0 401 0 0 0 0 5 28 418 19 0 2 424 2 0 2 0 0 0 12
2 96 0 872 31 10 186 5 2487 38 0 289 6 5 202 278 0 0 0 92 32 780 60 0 162 2 451 1867 13 0 0 0 0 22 1 3 1 72 1 8 14 1 79 132 0 18 0 2 4 183 0 0 0 13 92 49 35 998 0 0 19 421 3 23 0 0 2 36
0 767 0 0 0 0 0 0 141 0 35 0 967 2 1 0 0 0 0 0 0 194 0 162 0 4 1122 0 0 0 2 1 0 3 0 96 0 0 0 0 0 0 1 0 13 0 245 0 0 0 0 0 1 0 0 2 0 0 534 17 193 0 0 0 17 0 0 5
25 14 1934 0 0 15 14 63 2 0 919 0 35 103 0 0 1364 782 813 0 68 0 197 2 4 0 3108 4 79 53 85 1 4 240 0 39 67 0 0 0 0 0 0 0 2 0 76 0 0 2 27 0 18 0 0 0 1 0 53 304 940 0 0 0 24 0 0 13
3 1878 2628 0 0 5 14 4 107 0 9 1 265 28 1 980 658 2 70 0 190 913 1761 451 1122 3108 0 254 47 14 57 0 7 590 0 668 311 0 0 0 0 0 0 0 1 0 88 0 0 103 72 0 26 0 2 283 160 27 168 322 4657 1 0 2 17 0 0 53
4 2 18 912 7 93 4868 46 86 1110 6 34 25 23 100 40 4 0 5 82 2556 11 227 1867 0 4 254 0 69 1519 0 0 44 336 1 0 3 26 1 5 10 3 38 17 0 23 1 1 11 56 0 0 0 37 43 1 20 528 0 0 8 158 14 32 0 0 1 38
987 2 29 13 6 57 176 85 4 111 130 26 29 1282 8 0 185 31 32 11 37 0 29 13 0 79 47 69 0 1952 3 114 1166 1019 0 2 0 0 0 0 0 0 3 0 0 1 0 0 0 2 0 0 0 0 2 0 0 12 0 0 0 3 3 1 1 0 1 4
294 0 87 0 1 0 2244 71 0 0 3 1 1 366 3 0 160 2 16 0 2192 0 287 0 0 53 14 1519 1952 0 0 1 151 669 0 0 0 0 0 0 0 0 2 0 0 0 0 0 0 6 0 0 0 0 10 0 4 5 0 0 5 3 0 0 0 0 0 1
0 0 0 0 0 0 0 0 0 0 53 0 219 3 0 0 0 1 1 0 0 0 0 0 2 85 57 0 3 0 0 0 1 7 0 1 0 0 0 0 0 0 0 0 3 0 70 0 0 0 0 0 0 0 0 0 0 0 26 23 28 0 0 0 9 0 0 0
1 0 0 0 165 28 4 419 11 8 126 16 169 114 22 0 0 0 1 2 1 0 0 0 1 1 0 0 114 1 0 0 1 214 0 0 0 0 0 0 0 1 0 0 0 0 0 0 0 0 0 0 0 0 0 0 0 0 0 0 0 0 0 0 0 0 0 5
5 1 0 0 0 1 24 0 0 2 1 0 3 6 0 0 13 2 3 0 1 0 1 0 0 4 7 44 1166 151 1 1 0 399 0 0 0 0 0 0 0 0 0 0 0 0 0 0 0 0 0 0 0 0 0 0 0 1 0 0 0 2 0 0 0 0 0 1
16 2 53 38 284 96 113 53 14 243 820 86 566 82 13 3 985 145 617 34 1113 0 1526 22 3 240 590 336 1019 669 7 214 399 0 0 10 15 0 1 1 0 0 2 0 1 0 2 1 1 4 5 0 0 0 14 1 26 42 8 9 117 38 1 3 0 0 0 8
0 0 0 0 0 0 0 0 0 0 0 0 0 0 0 0 0 0 0 0 0 0 0 1 0 0 0 1 0 0 0 0 0 0 0 0 6 0 0 8 411 49 1 1 7 1 1 977 0 0 7 1 3 0 0 0 2 2 0 13 0 3 1057 479 2 1 0 19
0 174 9 0 0 0 0 0 2 0 1 0 4 0 0 0 8 0 0 0 0 21 0 3 96 39 668 0 2 0 1 0 0 10 0 0 0 0 0 0 3 0 75 0 0 0 29 0 10 34 8 0 3 0 2 532 0 170 689 7 2090 2 0 5 2 0 0 13
0 5 134 0 0 0 0 0 0 0 0 0 0 0 0 4 19 0 2 0 2 0 74 1 0 67 311 3 0 0 0 0 0 15 6 0 0 1 0 6 247 23 0 4 0 0 0 27 0 1 436 2 10 0 106 0 1860 2 0 911 2865 23 4 98 0 0 0 47
0 0 0 417 0 0 5 0 8 7 0 133 0 0 4 0 0 0 0 22 0 0 0 72 0 0 0 26 0 0 0 0 0 0 0 0 1 0 6 12 5 3 79 1145 0 765 0 2 9 0 0 0 0 2993 0 0 1 511 0 0 0 1171 5 0 0 0 0 15
0 0 0 0 1 2 0 0 0 0 0 4 2 0 6 0 0 0 0 0 0 0 1 1 0 0 0 1 0 0 0 0 0 1 0 0 0 6 0 326 5 0 168 11 52 75 4 0 870 0 0 0 0 9 1 13 1 56 0 0 0 24 4 0 0 125 0 343
0 0 0 10 2 42 0 1 4 9 0 84 2 0 9 0 0 0 0 12 0 0 0 8 0 0 0 5 0 0 0 0 0 1 8 0 6 12 326 0 399 1564 131 2935 47 2241 2 80 825 0 0 2 0 58 0 0 2 86 1 11 0 268 74 4 1 23 0 94
0 0 1 0 0 0 4 0 0 2 0 1 1 0 1 0 0 0 0 2 0 1 0 14 0 0 0 10 0 0 0 0 0 0 411 3 247 5 5 399 0 506 17 1754 30 3 1 1730 44 24 42 5 8 1 140 3 277 178 0 82 27 5020 189 1685 0 1 9 160
0 0 0 0 0 0 0 0 0 0 0 0 2 0 0 0 0 0 0 0 0 1 0 1 0 0 0 3 0 0 0 1 0 0 49 0 23 3 0 1564 506 0 13 535 19 119 1 2427 11 0 13 2 1 7 2 0 15 10 1 10 1 23 85 81 0 358 1 39
0 5 1 35 1 2 7 2 77 31 0 10 0 0 0 0 0 0 0 12 0 6 0 79 1 0 0 38 3 2 0 0 0 2 1 75 0 79 168 131 17 13 0 44 10 172 11 1 455 1 1 0 1 71 1 315 0 1939 86 3 40 116 24 0 0 29 1 48
0 0 0 20 0 0 2 0 36 1 0 58 1 0 21 0 0 0 0 57 0 0 0 132 0 0 0 17 0 0 0 0 0 0 1 0 4 1145 11 2935 1754 535 44 0 31 1678 3 127 87 0 0 0 2 1596 0 0 1 104 0 0 0 1960 101 0 0 3 0 295
0 0 0 0 0 0 0 0 0 0 6 0 28 0 0 0 0 0 0 0 0 0 0 0 13 2 1 0 0 0 3 0 0 1 7 0 0 0 52 47 30 19 10 31 0 107 519 31 11 0 7 1366 48 14 4 0 2 3 16 803 3 13 155 11 55 140 1 1213
0 0 0 88 1 100 0 1 9 29 0 674 2 0 9 0 0 0 0 26 0 0 0 18 0 0 0 23 1 0 0 0 0 0 1 0 0 765 75 2241 3 119 172 1678 107 0 3 44 518 0 0 5 4 2243 0 0 0 208 0 13 0 293 97 0 0 12 0 180
0 3 0 0 1 0 1 0 1 0 86 0 653 0 4 0 0 2 0 0 3 0 0 0 245 76 88 1 0 0 70 0 0 2 1 29 0 0 4 2 1 1 11 3 519 3 0 4 10 0 0 0 0 1 1 7 0 7 572 39 409 3 22 0 223 91 0 170
0 0 0 0 0 0 0 0 0 0 0 0 1 0 0 0 0 0 0 0 0 0 0 2 0 0 0 1 0 0 0 0 0 1 977 0 27 2 0 80 1730 2427 1 127 31 44 4 0 6 0 21 1 6 8 4 0 10 9 0 32 3 13 1333 653 2 53 2 66
0 0 0 29 3 10 1 2 12 29 0 71 6 0 5 0 0 0 0 12 1 0 0 4 0 0 0 11 0 0 0 0 0 1 0 10 0 9 870 825 44 11 455 87 11 518 10 6 0 0 0 1 0 14 8 16 1 122 18 1 6 80 10 3 0 11 0 33
0 2 5 0 0 0 7 1 1 0 0 0 0 1 1 721 0 0 0 0 102 57 401 183 0 2 103 56 2 6 0 0 0 4 0 34 1 0 0 0 24 0 1 0 0 0 0 0 0 0 7 1 0 0 918 933 915 847 3 2 1104 211 3 9 0 0 0 15
0 2 12 0 0 0 0 0 0 0 0 0 0 0 0 1 2 0 1 0 0 0 0 0 0 27 72 0 0 0 0 0 0 5 7 8 436 0 0 0 42 13 1 0 7 0 0 21 0 7 0 19 544 0 35 4 1144 6 0 862 400 8 6 417 0 0 0 1004
0 0 0 0 0 0 0 0 0 0 0 0 0 0 0 0 0 0 0 0 0 0 0 0 0 0 0 0 0 0 0 0 0 0 1 0 2 0 0 2 5 2 0 0 1366 5 0 1 1 1 19 0 379 0 4 0 8 0 0 274 3 0 5 15 0 0 0 173
0 0 0 0 0 0 0 0 0 0 0 0 0 0 0 0 0 0 1 0 0 1 0 0 1 18 26 0 0 0 0 0 0 0 3 3 10 0 0 0 8 1 1 2 48 4 0 6 0 0 544 379 0 0 8 0 29 0 0 1596 36 0 16 110 0 0 0 445
0 0 0 163 1 1 4 0 10 10 0 41 0 0 4 0 0 0 0 24 0 0 0 13 0 0 0 37 0 0 0 0 0 0 0 0 0 2993 9 58 1 7 71 1596 14 2243 1 8 14 0 0 0 0 0 1 0 0 74 0 0 0 624 14 0 0 1 0 28
0 0 1 0 0 0 0 0 5 0 0 0 0 0 1 28 0 0 0 0 20 9 5 92 0 0 2 43 2 10 0 0 0 14 0 2 106 0 1 0 140 2 1 0 4 0 1 4 8 918 35 4 8 1 0 15 5921 6 0 10 77 1467 6 2081 0 0 0 1162
0 34 1 0 0 0 1 0 24 0 0 0 1 0 0 84 1 0 0 0 6 143 28 49 2 0 283 1 0 0 0 0 0 1 0 532 0 0 13 0 3 0 315 0 0 0 7 0 16 933 4 0 0 0 15 0 9 801 125 1 906 31 0 0 0 0 0 12
0 0 42 0 1 0 0 0 0 0 0 0 0 0 0 198 3 0 0 0 23 4 418 35 0 1 160 20 0 4 0 0 0 26 2 0 1860 1 1 2 277 15 0 1 2 0 0 10 1 915 1144 8 29 0 5921 9 0 21 0 325 2020 299 4 501 0 0 0 936
2 4 2 160 0 12 37 4 169 128 0 19 4 9 3 70 0 0 0 49 35 31 19 998 0 0 27 528 12 5 0 0 1 42 2 170 2 511 56 86 178 10 1939 104 3 208 7 9 122 847 6 0 0 74 6 801 21 0 83 1 389 2643 48 5 0 5 4 48
0 60 0 0 0 0 0 0 1 0 46 0 233 0 0 0 0 1 0 0 0 3 0 0 534 53 168 0 0 0 26 0 0 8 0 689 0 0 0 1 0 1 86 0 16 0 572 0 18 3 0 0 0 0 0 125 0 83 0 1 716 0 0 0 3 0 0 34
0 10 7 0 0 0 0 0 0 0 10 0 48 0 0 1 3 5 6 0 0 0 2 0 17 304 322 0 0 0 23 0 0 9 13 7 911 0 0 11 82 10 3 0 803 13 39 32 1 2 862 274 1596 0 10 1 325 1 1 0 2752 4 15 150 126 3 1 177
0 185 410 0 0 0 0 0 1 0 15 0 78 0 0 249 59 9 38 0 7 37 424 19 193 940 4657 8 0 5 28 0 0 117 0 2090 2865 0 0 0 27 1 40 0 3 0 409 3 6 1104 400 3 36 0 77 906 2020 389 716 2752 0 266 1 49 148 0 1 351
4 0 0 58 0 3 25 3 70 10 0 25 1 1 9 19 0 0 0 39 13 8 2 421 0 0 1 158 3 3 0 0 2 38 3 2 23 1171 24 268 5020 23 116 1960 13 293 3 13 80 211 8 0 0 624 1467 31 299 2643 0 4 266 0 127 1204 0 0 23 273
0 0 0 0 0 0 0 0 3 0 0 0 2 0 1 0 0 0 0 0 0 0 0 3 0 0 0 14 3 0 0 0 0 1 1057 0 4 5 4 74 189 85 24 101 155 97 22 1333 10 3 6 5 16 14 6 0 4 48 0 15 1 127 0 1182 2 109 1103 888
0 1 0 0 0 0 0 0 0 0 0 0 0 0 0 0 0 0 0 0 7 1 2 23 0 0 2 32 1 0 0 0 0 3 479 5 98 0 0 4 1685 81 0 0 11 0 0 653 3 9 417 15 110 0 2081 0 501 5 0 150 49 1204 1182 0 0 0 124 986
0 1 0 0 0 0 0 0 0 0 5 0 57 0 0 0 0 0 0 0 0 0 0 0 17 24 17 0 1 0 9 0 0 0 2 2 0 0 0 1 0 0 0 0 55 0 223 2 0 0 0 0 0 0 0 0 0 0 3 126 148 0 2 0 0 0 0 15
0 0 0 0 0 0 0 1 1 0 0 0 1 0 0 0 0 0 0 0 0 0 0 0 0 0 0 0 0 0 0 0 0 0 1 0 0 0 125 23 1 358 29 3 140 12 91 53 11 0 0 0 0 1 0 0 0 5 0 3 0 0 109 0 0 0 0 670
0 0 0 0 0 0 0 0 0 0 0 0 0 0 0 0 0 0 0 0 1 0 0 2 0 0 0 1 1 0 0 0 0 0 0 0 0 0 0 0 9 1 1 0 1 0 0 2 0 0 0 0 0 0 0 0 0 4 0 1 1 23 1103 124 0 0 0 242
0 2 7 0 1 3 1 1 3 5 0 3 12 2 7 6 4 0 0 0 5 0 12 36 5 13 53 38 4 1 0 5 1 8 19 13 47 15 343 94 160 39 48 295 1213 180 170 66 33 15 1004 173 445 28 1162 12 936 48 34 177 351 273 888 986 15 670 242 0
