0 1 7 1 0 4 307 69 0 5 2 0 0 1336 1 0 40 3 5 0 2 0 11 0 0 7 2 4 1107 155 0 0 2 11 0 2 0 0 0 0 0 0 0 0 0 0 0 0 0 1 0 0 0 0 0 0 0 0 0 0 0 0 0 0 0 0 0 0
1 0 3 0 0 0 0 0 34 0 25 0 230 2 3 12 11 1 11 0 2 480 2 102 630 57 2430 0 5 3 2 0 0 21 0 422 8 0 0 0 0 0 20 0 27 0 33 1 0 4 6 0 3 0 0 78 0 19 144 20 502 0 2 1 7 4 0 4
7 3 0 0 0 19 20 104 0 0 0 0 1 58 1 3 1720 1 22 0 121 2 2496 1 0 2000 4004 43 7 65 0 0 1 65 0 10 101 0 0 0 0 0 0 0 0 0 0 0 0 10 25 0 5 0 0 16 16 0 0 11 245 0 0 0 0 0 0 8
1 0 0 0 4 30 4 2 136 869 1 587 1 8 51 0 0 0 0 2275 0 0 0 727 0 0 1 684 40 0 0 0 0 24 0 0 0 1 0 3 1 0 28 0 0 14 0 0 3 0 0 0 0 33 0 0 0 111 0 0 0 5 0 0 0 0 0 0
0 0 0 4 0 226 0 24 91 6 36 117 39 2 904 2 0 0 0 5 4 0 3 33 0 0 1 2 6 1 0 141 0 272 0 0 0 0 3 1 0 0 3 0 0 8 0 0 10 0 0 0 0 1 1 1 0 0 0 0 0 0 0 0 0 0 0 0
4 0 19 30 226 0 126 1646 53 1771 12 4027 19 74 583 0 6 1 1 28 12 0 23 11 0 1 1 72 54 4 0 23 1 36 0 0 0 6 5 5 2 1 7 7 0 48 0 0 10 0 0 0 0 55 0 0 0 5 0 0 0 13 0 0 0 0 0 4
307 0 20 4 0 126 0 505 12 1544 2 2 3 1073 21 0 15 0 0 0 61 0 45 269 0 4 6 3654 140 2398 0 1 4 32 0 0 0 0 0 0 1 0 5 0 0 0 0 0 0 1 0 0 0 0 0 0 0 9 0 0 0 5 0 0 0 0 1 0
69 0 104 2 24 1646 505 0 41 425 14 180 21 2660 44 0 151 0 3 7 51 0 149 3 0 14 7 72 50 49 0 210 1 66 0 0 0 2 2 0 0 0 1 1 0 4 0 0 4 0 0 0 0 5 0 0 0 0 0 0 0 0 0 0 0 1 0 0
0 34 0 136 91 53 12 41 0 38 18 349 90 31 501 5 3 3 1 70 1 336 2 1274 72 18 199 72 30 2 2 18 0 27 0 2 1 25 1 3 6 0 374 17 0 95 4 0 6 9 0 0 0 12 4 23 0 94 4 0 12 18 4 5 0 3 0 8
5 0 0 869 6 1771 1544 425 38 0 18 944 27 501 60 0 1 2 0 1450 0 0 1 28 0 0 0 1182 189 1 0 2 0 148 0 0 0 0 0 3 1 0 34 1 0 59 1 0 8 0 0 0 0 40 0 0 0 134 0 0 0 4 0 0 0 0 0 0
2 25 0 1 36 12 2 14 18 18 0 27 1231 47 13 0 52 2033 296 1 4 19 9 8 11 1111 49 2 531 2 100 247 0 1560 0 8 0 0 2 1 1 1 0 0 89 2 229 0 0 0 0 0 0 2 0 6 0 0 40 26 87 0 4 0 40 18 0 14
0 0 0 587 117 4027 2 180 349 944 27 0 23 175 1057 0 0 5 0 2011 0 0 0 180 0 5 2 22 87 0 0 8 0 64 0 0 0 12 1 40 1 0 11 50 1 454 0 0 21 0 0 0 0 96 0 0 0 17 0 0 0 15 0 0 0 0 0 4
0 230 1 1 39 19 3 21 90 27 1231 23 0 13 36 0 0 2 0 8 1 111 1 33 1552 34 418 6 45 1 399 103 0 468 0 22 0 3 13 8 0 6 13 10 346 19 2112 4 20 0 0 0 0 9 0 18 1 0 332 23 154 3 9 2 65 50 0 70
1336 2 58 8 2 74 1073 2660 31 501 47 175 13 0 12 0 182 26 11 8 19 0 123 2 1 38 14 39 1215 404 0 40 1 90 0 0 0 0 0 1 0 0 3 0 1 0 0 0 1 0 0 0 0 0 0 0 0 1 1 0 0 0 0 0 0 1 0 3
1 3 1 51 904 583 21 44 501 60 13 1057 36 12 0 0 1 2 0 29 17 0 10 139 1 2 14 67 22 7 0 18 0 56 0 0 0 7 1 5 0 0 5 21 0 57 0 1 12 1 0 0 0 43 2 1 0 8 0 0 1 5 1 1 0 0 0 4
0 12 3 0 2 0 0 0 5 0 0 0 0 0 0 0 13 0 2 0 438 1167 1377 910 1 3 1122 223 1 2 0 0 0 23 0 4 8 0 0 0 0 0 1 0 0 0 0 0 0 1039 1 0 0 0 43 101 555 48 0 0 163 14 1 16 0 0 0 5
40 11 1720 0 0 6 15 151 3 1 52 0 0 182 1 13 0 57 2091 0 64 5 2488 2 0 1516 656 36 194 672 0 0 9 1523 0 15 63 0 0 0 0 0 1 0 0 0 0 0 0 4 14 0 5 0 0 13 3 0 0 13 251 0 0 0 0 0 0 6
3 1 1 0 0 1 0 0 3 2 2033 5 2 26 2 0 57 0 447 0 1 1 5 1 2 923 10 0 117 3 0 7 0 253 0 2 0 0 0 0 0 0 0 0 1 0 2 0 0 0 0 0 0 0 0 0 0 0 0 3 9 0 0 0 2 0 0 0
5 11 22 0 0 1 0 3 1 0 296 0 0 11 0 2 2091 447 0 0 21 3 31 5 0 1778 107 0 55 46 0 2 1 755 0 11 19 0 0 0 0 0 0 0 0 0 2 0 0 0 5 0 2 0 0 6 0 0 2 25 87 0 0 0 5 0 0 2
0 0 0 2275 5 28 0 7 70 1450 1 2011 8 8 29 0 0 0 0 0 0 0 0 69 0 0 0 1 8 0 0 0 0 4 0 0 0 21 0 17 1 0 17 16 0 10 0 0 8 0 0 0 0 67 0 0 0 43 0 0 0 23 0 0 0 0 1 0
2 2 121 0 4 12 61 51 1 0 4 0 1 19 17 438 64 1 21 0 0 3 6084 32 0 16 41 2130 44 2540 0 0 28 1240 0 0 0 0 0 0 0 0 2 0 0 0 0 0 1 40 0 0 0 0 20 2 2 33 0 0 0 7 3 12 0 0 0 5
0 480 2 0 0 0 0 0 336 0 19 0 111 0 0 1167 5 1 3 0 3 0 8 958 185 26 1132 40 1 0 1 0 0 11 0 127 6 0 0 0 0 1 47 0 7 0 13 1 0 109 7 0 0 0 2 592 15 36 25 3 154 2 0 2 0 0 0 3
11 2 2496 0 3 23 45 149 2 1 9 0 1 123 10 1377 2488 5 31 0 6084 8 0 19 0 166 3733 425 111 494 0 0 9 1708 0 4 17 0 0 0 0 0 5 0 0 0 0 0 0 477 1 0 0 0 22 30 623 8 0 0 126 5 1 7 0 0 1 9
0 102 1 727 33 11 269 3 1274 28 8 180 33 2 139 910 2 1 5 69 32 958 19 0 110 3 322 1522 26 5 0 0 3 29 1 4 0 19 0 1 11 0 139 12 0 0 0 1 3 49 0 0 0 8 12 24 9 240 1 0 5 75 12 7 0 0 2 17
0 630 0 0 0 0 0 0 72 0 11 0 1552 1 1 1 0 2 0 0 0 185 0 110 0 26 1296 0 1 0 1 0 0 5 0 64 1 0 0 0 0 0 8 0 32 0 116 0 0 0 1 0 1 0 0 22 0 7 377 19 232 0 0 0 19 3 0 2
7 57 2000 0 0 1 4 14 18 0 1111 5 34 38 2 3 1516 923 1778 0 16 26 166 3 26 0 4145 6 97 22 210 3 0 408 0 65 76 0 0 0 0 0 0 0 18 0 161 0 0 0 26 1 33 0 0 9 1 0 90 369 783 0 0 0 101 0 0 14
2 2430 4004 1 1 1 6 7 199 0 49 2 418 14 14 1122 656 10 107 0 41 1132 3733 322 1296 4145 0 275 28 18 333 0 0 512 0 173 462 0 0 0 0 0 4 0 10 0 92 0 0 236 97 0 45 0 2 171 288 23 108 323 3108 2 0 5 25 0 0 48
4 0 43 684 2 72 3654 72 72 1182 2 22 6 39 67 223 36 0 0 1 2130 40 425 1522 0 6 275 0 84 819 0 1 9 181 0 0 1 3 0 6 5 0 53 0 0 0 1 0 4 43 0 0 0 1 37 6 6 165 0 0 6 91 11 31 0 0 3 30
1107 5 7 40 6 54 140 50 30 189 531 87 45 1215 22 1 194 117 55 8 44 1 111 26 1 97 28 84 0 1908 1 113 1104 1595 0 2 0 0 1 3 1 2 6 0 1 3 0 1 0 1 0 0 0 0 0 0 0 13 4 0 4 13 8 1 0 7 0 11
155 3 65 0 1 4 2398 49 2 1 2 0 1 404 7 2 672 3 46 0 2540 0 494 5 0 22 18 819 1908 0 0 1 163 818 0 0 0 0 0 0 1 0 0 0 0 0 0 0 0 5 0 0 0 0 15 2 0 14 0 0 1 7 0 7 0 0 0 3
0 2 0 0 0 0 0 0 2 0 100 0 399 0 0 0 0 0 0 0 0 1 0 0 1 210 333 0 1 0 0 1 0 5 0 11 0 0 0 0 0 1 0 0 14 0 88 0 0 0 0 0 0 0 0 2 0 0 25 13 85 0 0 0 18 0 0 1
0 0 0 0 141 23 1 210 18 2 247 8 103 40 18 0 0 7 2 0 0 0 0 0 0 3 0 1 113 1 1 0 0 369 0 0 0 0 0 0 0 1 1 0 0 0 0 0 0 0 0 0 0 0 0 0 0 0 0 0 0 0 0 0 0 0 0 1
2 0 1 0 0 1 4 1 0 0 0 0 0 1 0 0 9 0 1 0 28 0 9 3 0 0 0 9 1104 163 0 0 0 470 0 0 0 0 0 0 0 0 0 0 0 0 0 0 0 0 0 0 0 0 0 1 0 0 0 0 0 0 0 0 0 0 0 0
11 21 65 24 272 36 32 66 27 148 1560 64 468 90 56 23 1523 253 755 4 1240 11 1708 29 5 408 512 181 1595 818 5 369 470 0 0 21 32 0 1 2 0 0 4 0 2 4 8 1 5 29 9 0 7 0 16 6 27 28 10 74 308 11 6 12 8 6 0 10
0 0 0 0 0 0 0 0 0 0 0 0 0 0 0 0 0 0 0 0 0 0 0 1 0 0 0 0 0 0 0 0 0 0 0 0 2 0 0 2 829 13 2 1 1 1 0 989 0 0 8 1 5 0 0 1 3 3 0 2 7 2 972 278 0 0 3 7
2 422 10 0 0 0 0 0 2 0 8 0 22 0 0 4 15 2 11 0 0 127 4 4 64 65 173 0 2 0 11 0 0 21 0 0 8 0 1 0 5 1 62 0 5 0 22 2 1 3 19 1 7 0 3 403 5 105 441 27 1296 3 1 10 1 0 0 16
0 8 101 0 0 0 0 0 1 0 0 0 0 0 0 8 63 0 19 0 0 6 17 0 1 76 462 1 0 0 0 0 0 32 2 8 0 0 0 18 233 179 0 0 1 0 0 108 0 1 1679 0 35 0 92 3 1912 2 0 3274 4379 70 1 38 0 0 0 36
0 0 0 1 0 6 0 2 25 0 0 12 3 0 7 0 0 0 0 21 0 0 0 19 0 0 0 3 0 0 0 0 0 0 0 0 0 0 9 40 7 3 88 706 0 399 0 18 55 0 0 0 0 2709 0 0 0 394 0 0 0 1252 30 0 0 1 0 23
0 0 0 0 3 5 0 2 1 0 2 1 13 0 1 0 0 0 0 0 0 0 0 0 0 0 0 0 1 0 0 0 0 1 0 1 0 9 0 428 1 3 116 4 21 37 9 10 827 3 0 0 0 8 1 1 0 25 4 0 0 21 1 0 0 176 0 141
0 0 0 3 1 5 0 0 3 3 1 40 8 1 5 0 0 0 0 17 0 0 0 1 0 0 0 6 3 0 0 0 0 2 2 0 18 40 428 0 408 2204 53 2436 10 2669 2 62 585 0 0 1 0 42 0 4 11 29 0 4 1 328 18 0 0 59 0 25
0 0 0 1 0 2 1 0 6 1 1 1 0 0 0 0 0 0 0 1 0 0 0 11 0 0 0 5 1 1 0 0 0 0 829 5 233 7 1 408 0 774 6 1151 2 23 1 2464 16 2 96 1 7 2 30 4 200 262 0 26 18 3502 198 1827 0 2 0 59
0 0 0 0 0 1 0 0 0 0 1 0 6 0 0 0 0 0 0 0 0 1 0 0 0 0 0 0 2 0 1 1 0 0 13 1 179 3 3 2204 774 0 40 452 6 117 2 2265 61 2 16 7 0 18 2 13 71 7 0 11 14 46 8 7 3 135 0 24
0 20 0 28 3 7 5 1 374 34 0 11 13 3 5 1 1 0 0 17 2 47 5 139 8 0 4 53 6 0 0 1 0 4 2 62 0 88 116 53 6 40 0 40 18 264 22 23 461 9 0 2 5 86 1 367 4 1866 117 12 209 125 44 7 2 41 1 41
0 0 0 0 0 7 0 1 17 1 0 50 10 0 21 0 0 0 0 16 0 0 0 12 0 0 0 0 0 0 0 0 0 0 1 0 0 706 4 2436 1151 452 40 0 5 1593 5 401 33 0 0 1 0 1193 0 0 0 20 0 0 0 621 141 1 0 5 0 199
0 27 0 0 0 0 0 0 0 0 89 1 346 1 0 0 0 1 0 0 0 7 0 0 32 18 10 0 1 0 14 0 0 2 1 5 1 0 21 10 2 6 18 5 0 54 984 38 8 1 20 1497 103 6 5 1 4 2 178 935 25 2 268 21 69 243 0 1637
0 0 0 14 8 48 0 4 95 59 2 454 19 0 57 0 0 0 0 10 0 0 0 0 0 0 0 0 3 0 0 0 0 4 1 0 0 399 37 2669 23 117 264 1593 54 0 4 123 805 0 0 6 1 2176 0 0 0 148 0 16 5 175 74 1 0 4 0 143
0 33 0 0 0 0 0 0 4 1 229 0 2112 0 0 0 0 2 2 0 0 13 0 0 116 161 92 1 0 0 88 0 0 8 0 22 0 0 9 2 1 2 22 5 984 4 0 1 14 1 0 0 0 1 0 15 0 6 1171 27 614 8 19 0 536 64 0 111
0 1 0 0 0 0 0 0 0 0 0 0 4 0 1 0 0 0 0 0 0 1 0 1 0 0 0 0 1 0 0 0 0 1 989 2 108 18 10 62 2464 2265 23 401 38 123 1 0 36 1 59 12 5 33 0 10 25 15 1 28 21 74 1347 264 0 30 0 40
0 0 0 3 10 10 0 4 6 8 0 21 20 1 12 0 0 0 0 8 1 0 0 3 0 0 0 4 0 0 0 0 0 5 0 1 0 55 827 585 16 61 461 33 8 805 14 36 0 2 0 4 0 58 5 5 1 124 1 1 2 68 11 1 0 11 0 21
1 4 10 0 0 0 1 0 9 0 0 0 0 0 1 1039 4 0 0 0 40 109 477 49 0 0 236 43 1 5 0 0 0 29 0 3 1 0 3 0 2 2 9 0 1 0 1 1 2 0 11 0 1 0 936 1578 2055 1098 2 5 1093 283 0 22 0 0 0 57
0 6 25 0 0 0 0 0 0 0 0 0 0 0 0 1 14 0 5 0 0 7 1 0 1 26 97 0 0 0 0 0 0 9 8 19 1679 0 0 0 96 16 0 0 20 0 0 59 0 11 0 35 1107 0 40 17 1893 8 0 253 822 41 4 285 0 0 0 802
0 0 0 0 0 0 0 0 0 0 0 0 0 0 0 0 0 0 0 0 0 0 0 0 0 1 0 0 0 0 0 0 0 0 1 1 0 0 0 1 1 7 2 1 1497 6 0 12 4 0 35 0 463 0 1 2 5 2 0 371 17 0 30 34 1 7 0 178
0 3 5 0 0 0 0 0 0 0 0 0 0 0 0 0 5 0 2 0 0 0 0 0 1 33 45 0 0 0 0 0 0 7 5 7 35 0 0 0 7 0 5 0 103 1 0 5 0 1 1107 463 0 0 5 1 23 2 0 1374 148 4 17 202 0 0 0 632
0 0 0 33 1 55 0 5 12 40 2 96 9 0 43 0 0 0 0 67 0 0 0 8 0 0 0 1 0 0 0 0 0 0 0 0 0 2709 8 42 2 18 86 1193 6 2176 1 33 58 0 0 0 0 0 0 0 0 150 0 0 0 105 39 0 0 3 0 49
0 0 0 0 1 0 0 0 4 0 0 0 0 0 2 43 0 0 0 0 20 2 22 12 0 0 2 37 0 15 0 0 0 16 0 3 92 0 1 0 30 2 1 0 5 0 0 0 5 936 40 1 5 0 0 11 5450 80 0 6 67 1618 32 2441 0 1 20 1314
0 78 16 0 1 0 0 0 23 0 6 0 18 0 1 101 13 0 6 0 2 592 30 24 22 9 171 6 0 2 2 0 1 6 1 403 3 0 1 4 4 13 367 0 1 0 15 10 5 1578 17 2 1 0 11 0 49 1169 104 10 802 46 4 31 1 0 2 17
0 0 16 0 0 0 0 0 0 0 0 0 1 0 0 555 3 0 0 0 2 15 623 9 0 1 288 6 0 0 0 0 0 27 3 5 1912 0 0 11 200 71 4 0 4 0 0 25 1 2055 1893 5 23 0 5450 49 0 46 0 104 2870 264 8 165 0 0 6 823
0 19 0 111 0 5 9 0 94 134 0 17 0 1 8 48 0 0 0 43 33 36 8 240 7 0 23 165 13 14 0 0 0 28 3 105 2 394 25 29 262 7 1866 20 2 148 6 15 124 1098 8 2 2 150 80 1169 46 0 87 3 589 1906 44 4 0 1 2 42
0 144 0 0 0 0 0 0 4 0 40 0 332 1 0 0 0 0 2 0 0 25 0 1 377 90 108 0 4 0 25 0 0 10 0 441 0 0 4 0 0 0 117 0 178 0 1171 1 1 2 0 0 0 0 0 104 0 87 0 13 719 0 2 0 12 14 0 21
0 20 11 0 0 0 0 0 0 0 26 0 23 0 0 0 13 3 25 0 0 3 0 0 19 369 323 0 0 0 13 0 0 74 2 27 3274 0 0 4 26 11 12 0 935 16 27 28 1 5 253 371 1374 0 6 10 104 3 13 0 2666 13 28 103 275 16 1 169
0 502 245 0 0 0 0 0 12 0 87 0 154 0 1 163 251 9 87 0 0 154 126 5 232 783 3108 6 4 1 85 0 0 308 7 1296 4379 0 0 1 18 14 209 0 25 5 614 21 2 1093 822 17 148 0 67 802 2870 589 719 2666 0 161 22 53 334 0 1 382
0 0 0 5 0 13 5 0 18 4 0 15 3 0 5 14 0 0 0 23 7 2 5 75 0 0 2 91 13 7 0 0 0 11 2 3 70 1252 21 328 3502 46 125 621 2 175 8 74 68 283 41 0 4 105 1618 46 264 1906 0 13 161 0 124 1131 0 3 8 155
0 2 0 0 0 0 0 0 4 0 4 0 9 0 1 1 0 0 0 0 3 0 1 12 0 0 0 11 8 0 0 0 0 6 972 1 1 30 1 18 198 8 44 141 268 74 19 1347 11 0 4 30 17 39 32 4 8 44 2 28 22 124 0 1450 5 27 938 1127
0 1 0 0 0 0 0 0 5 0 0 0 2 0 1 16 0 0 0 0 12 2 7 7 0 0 5 31 1 7 0 0 0 12 278 10 38 0 0 0 1827 7 7 1 21 1 0 264 1 22 285 34 202 0 2441 31 165 4 0 103 53 1131 1450 0 0 0 224 829
0 7 0 0 0 0 0 0 0 0 40 0 65 0 0 0 0 2 5 0 0 0 0 0 19 101 25 0 0 0 18 0 0 8 0 1 0 0 0 0 0 3 2 0 69 0 536 0 0 0 0 1 0 0 0 1 0 0 12 275 334 0 5 0 0 3 0 13
0 4 0 0 0 0 0 1 3 0 18 0 50 1 0 0 0 0 0 0 0 0 0 0 3 0 0 0 7 0 0 0 0 6 0 0 0 1 176 59 2 135 41 5 243 4 64 30 11 0 0 7 0 3 1 0 0 1 14 16 0 3 27 0 3 0 0 541
0 0 0 0 0 0 1 0 0 0 0 0 0 0 0 0 0 0 0 1 0 0 1 2 0 0 0 3 0 0 0 0 0 0 3 0 0 0 0 0 0 0 1 0 0 0 0 0 0 0 0 0 0 0 20 2 6 2 0 1 1 8 938 224 0 0 0 235
0 4 8 0 0 4 0 0 8 0 14 4 70 3 4 5 6 0 2 0 5 3 9 17 2 14 48 30 11 3 1 1 0 10 7 16 36 23 141 25 59 24 41 199 1637 143 111 40 21 57 802 178 632 49 1314 17 823 42 21 169 382 155 1127 829 13 541 235 0
