0 0 31 0 0 2 526 90 0 2 1 0 0 1505 1 0 200 0 23 0 0 0 18 1 0 97 1 4 1352 418 0 0 2 29 0 0 0 0 0 0 0 0 1 0 0 0 0 0 0 0 0 0 0 0 0 0 0 1 0 0 0 0 0 0 0 0 0 0
0 0 0 0 0 1 4 0 46 1 2 0 97 0 5 4 6 0 3 0 1 333 2 149 683 5 1061 2 2 2 2 0 0 8 0 147 0 0 0 0 0 0 1 0 6 0 55 0 0 1 1 0 1 0 0 16 0 5 31 28 192 0 0 0 14 0 0 1
31 0 0 0 0 31 368 116 0 31 0 0 0 122 0 1 442 0 3 0 154 0 3700 3 0 3548 3112 148 1 61 0 0 1 87 0 2 65 0 0 0 0 0 0 0 0 0 0 0 0 4 61 0 1 0 0 2 18 1 0 46 231 0 0 0 0 0 0 6
0 0 0 0 7 3 20 3 59 589 0 669 5 6 20 0 0 0 0 2861 0 0 0 1200 0 0 0 2057 17 0 0 0 2 27 0 0 0 118 0 2 0 0 9 2 0 22 0 0 0 0 0 0 0 45 0 0 0 60 0 0 0 17 0 0 0 0 0 1
0 0 0 7 0 299 1 16 112 8 3 12 100 0 886 0 0 0 0 4 0 3 0 45 1 0 0 15 1 0 0 10 1 304 0 0 0 2 0 2 0 0 6 0 0 3 0 0 0 0 0 0 0 0 0 0 0 0 0 0 0 0 0 0 0 0 0 0
2 1 31 3 299 0 207 1838 57 2480 28 3157 34 33 678 0 0 2 0 17 0 0 2 9 0 34 1 73 86 0 0 72 1 52 0 0 0 7 0 7 0 2 11 0 0 23 1 1 12 0 0 0 0 11 0 1 0 40 0 0 0 31 0 0 0 0 0 9
526 4 368 20 1 207 0 204 4 2526 18 16 6 1198 2 0 40 1 3 3 32 0 148 21 0 165 10 5227 58 1880 0 0 1 48 0 0 0 0 0 0 0 0 4 0 0 0 0 0 0 0 0 0 0 3 0 2 0 5 1 0 0 0 0 0 0 0 0 0
90 0 116 3 16 1838 204 0 25 551 12 238 21 2215 31 0 150 2 10 31 1 0 14 7 0 205 0 29 121 39 1 295 0 42 0 0 0 0 0 0 0 0 4 0 0 3 0 0 2 0 0 0 0 2 0 0 0 4 0 0 0 3 0 0 0 0 0 0
0 46 0 59 112 57 4 25 0 25 15 438 84 5 651 0 2 0 0 71 0 304 1 2061 127 2 234 62 40 0 4 5 3 31 0 5 0 25 4 7 2 4 274 13 1 36 8 2 7 7 1 0 0 21 3 26 0 129 18 0 1 31 16 1 0 2 1 9
2 1 31 589 8 2480 2526 551 25 0 39 1411 49 817 26 0 1 2 1 538 0 0 2 34 0 22 0 1575 129 1 0 3 2 134 0 0 0 8 0 3 0 0 19 1 0 43 1 0 4 0 0 0 0 19 0 0 0 63 0 0 0 21 0 0 0 0 0 6
1 2 0 0 3 28 18 12 15 39 0 97 564 24 9 0 7 1300 665 8 1 1 1 4 17 1006 60 4 110 4 42 117 1 949 0 5 0 0 0 0 0 0 2 0 28 0 117 0 0 0 0 1 0 0 0 2 0 0 4 13 26 0 0 0 17 0 0 0
0 0 0 669 12 3157 16 238 438 1411 97 0 70 60 358 0 0 3 1 1816 0 0 0 532 1 1 0 103 128 0 0 22 2 179 0 0 0 105 3 31 0 1 46 20 0 314 0 0 27 0 0 0 0 121 0 0 0 148 0 0 0 88 1 0 0 0 0 6
0 97 0 5 100 34 6 21 84 49 564 70 0 4 51 0 1 35 20 22 7 59 0 25 809 69 866 20 35 1 171 148 0 402 0 29 0 0 8 12 0 0 8 1 100 7 705 0 3 0 0 1 0 5 0 13 1 6 261 20 98 3 1 0 47 6 0 95
1505 0 122 6 0 33 1198 2215 5 817 24 60 4 0 4 0 201 1 3 6 0 0 46 6 0 103 4 50 1152 375 0 153 0 27 0 0 0 0 0 0 0 0 3 0 0 0 0 0 1 0 0 0 0 0 0 0 0 4 0 0 0 0 0 0 0 0 0 0
1 5 0 20 886 678 2 31 651 26 9 358 51 4 0 0 0 0 0 23 14 14 12 202 0 0 20 86 27 0 0 10 3 26 0 0 0 9 1 5 0 2 25 1 0 26 0 0 2 0 0 0 0 7 0 0 2 8 0 0 1 5 0 0 0 0 0 3
0 4 1 0 0 0 0 0 0 0 0 0 0 0 0 0 1 0 0 0 419 869 1020 425 1 2 963 116 0 0 0 0 0 4 0 3 4 0 0 0 0 0 0 0 0 0 0 0 0 738 0 0 0 0 16 56 284 28 1 0 80 1 0 4 0 0 0 4
200 6 442 0 0 0 40 150 2 1 7 0 1 201 0 1 0 7 1792 0 23 1 1549 4 0 937 356 15 229 461 0 3 15 1575 0 4 25 0 0 0 0 0 0 0 0 0 0 0 0 6 29 0 5 0 0 3 1 0 1 59 182 0 0 0 0 0 0 3
0 0 0 0 0 2 1 2 0 2 1300 3 35 1 0 0 7 0 875 0 0 0 0 0 1 646 4 0 2 1 1 0 1 96 0 2 0 0 0 0 0 0 0 0 1 0 2 0 0 0 0 0 0 0 0 0 0 0 3 9 15 0 0 0 7 0 0 0
23 3 3 0 0 0 3 10 0 1 665 1 20 3 0 0 1792 875 0 0 3 2 7 4 0 822 121 1 82 20 2 5 9 1153 0 4 0 0 0 0 0 0 1 0 0 0 1 0 0 0 4 0 1 0 0 0 0 0 3 57 45 0 0 0 2 0 0 1
0 0 0 2861 4 17 3 31 71 538 8 1816 22 6 23 0 0 0 0 0 0 0 1 468 0 0 0 343 31 0 0 0 0 43 0 0 0 102 0 5 0 0 12 8 0 53 1 0 8 0 0 0 0 130 0 0 0 78 0 0 0 95 0 0 0 0 0 2
0 1 154 0 0 0 32 1 0 0 1 0 7 0 14 419 23 0 3 0 0 9 5445 13 0 34 14 1658 13 1990 0 1 4 827 0 0 1 0 0 0 0 0 0 0 0 0 0 0 0 51 0 0 0 0 15 4 4 24 0 0 4 1 1 7 0 0 0 0
0 333 0 0 3 0 0 0 304 0 1 0 59 0 14 869 1 0 2 0 9 0 0 990 123 2 845 29 0 0 1 0 0 2 0 3 0 0 0 1 0 0 5 1 4 0 50 0 0 137 1 0 1 1 21 362 15 44 14 6 67 8 1 1 3 0 0 4
18 2 3700 0 0 2 148 14 1 2 1 0 0 46 12 1020 1549 0 7 1 5445 0 0 59 0 178 1537 535 23 673 0 4 1 1232 0 2 39 0 0 0 0 0 0 0 0 0 0 0 1 341 13 0 0 0 7 19 267 2 0 8 239 1 0 0 0 0 0 0
1 149 3 1200 45 9 21 7 2061 34 4 532 25 6 202 425 4 0 4 468 13 990 59 0 168 5 753 1419 33 1 0 0 3 30 2 2 1 52 1 2 1 0 83 40 0 29 0 1 4 39 0 0 0 56 18 14 3 409 9 0 8 140 17 2 0 0 1 43
0 683 0 0 1 0 0 0 127 0 17 1 809 0 0 1 0 1 0 0 0 123 0 168 0 1 1100 0 0 0 8 0 0 2 0 27 0 0 0 0 0 0 6 0 22 0 241 0 0 0 0 1 1 0 0 10 0 3 242 8 100 0 0 0 9 0 0 1
97 5 3548 0 0 34 165 205 2 22 1006 1 69 103 0 2 937 646 822 0 34 2 178 5 1 0 3080 39 31 18 329 2 1 122 0 23 4 0 0 0 0 0 0 0 12 0 70 0 0 2 63 8 37 0 0 6 0 0 26 419 568 0 0 0 32 0 0 15
1 1061 3112 0 0 1 10 0 234 0 60 0 866 4 20 963 356 4 121 0 14 845 1537 753 1100 3080 0 179 15 3 399 4 0 556 0 203 124 0 0 0 0 0 2 0 7 0 101 0 0 187 106 5 22 0 4 94 226 14 97 414 2677 1 0 0 46 0 0 17
4 2 148 2057 15 73 5227 29 62 1575 4 103 20 50 86 116 15 0 1 343 1658 29 535 1419 0 39 179 0 150 1710 0 1 37 304 1 2 0 16 0 1 0 0 36 2 0 21 1 0 9 29 0 0 0 39 12 2 1 191 0 0 3 82 8 7 0 0 1 34
1352 2 1 17 1 86 58 121 40 129 110 128 35 1152 27 0 229 2 82 31 13 0 23 33 0 31 15 150 0 1989 2 72 1441 828 0 0 0 0 0 0 0 0 14 0 0 0 0 0 1 0 0 0 0 0 0 1 0 11 0 0 0 3 4 0 0 0 0 0
418 2 61 0 0 0 1880 39 0 1 4 0 1 375 0 0 461 1 20 0 1990 0 673 1 0 18 3 1710 1989 0 0 0 220 1041 0 0 0 0 0 0 0 0 0 0 0 0 0 1 0 4 0 0 0 0 6 0 0 6 0 0 0 1 1 1 0 0 0 2
0 2 0 0 0 0 0 1 4 0 42 0 171 0 0 0 0 1 2 0 0 1 0 0 8 329 399 0 2 0 0 0 0 9 0 1 0 0 0 0 0 0 0 0 8 0 55 0 0 0 0 1 1 0 0 0 0 0 9 12 53 0 0 0 18 0 0 0
0 0 0 0 10 72 0 295 5 3 117 22 148 153 10 0 3 0 5 0 1 0 4 0 0 2 4 1 72 0 0 0 0 798 0 0 0 0 0 0 0 0 1 0 0 0 0 0 0 0 0 0 0 0 0 0 0 0 0 0 0 0 0 0 0 0 0 0
2 0 1 2 1 1 1 0 3 2 1 2 0 0 3 0 15 1 9 0 4 0 1 3 0 1 0 37 1441 220 0 0 0 559 0 0 0 0 0 0 0 0 3 0 0 0 0 0 0 0 0 0 0 1 0 0 0 4 0 0 0 0 1 0 0 0 0 0
29 8 87 27 304 52 48 42 31 134 949 179 402 27 26 4 1575 96 1153 43 827 2 1232 30 2 122 556 304 828 1041 9 798 559 0 0 3 11 0 0 0 0 0 5 0 1 2 8 0 3 5 12 0 1 1 2 4 2 95 6 38 171 12 5 1 6 0 0 7
0 0 0 0 0 0 0 0 0 0 0 0 0 0 0 0 0 0 0 0 0 0 0 2 0 0 0 1 0 0 0 0 0 0 0 0 3 0 0 1 525 24 1 6 0 1 0 884 0 1 36 3 40 0 0 0 11 3 0 51 1 14 782 347 0 0 2 6
0 147 2 0 0 0 0 0 5 0 5 0 29 0 0 3 4 2 4 0 0 3 2 2 27 23 203 2 0 0 1 0 0 3 0 0 0 0 1 1 0 0 104 0 1 0 97 0 6 4 2 0 2 0 1 410 0 137 628 7 1108 0 0 0 0 0 0 1
0 0 65 0 0 0 0 0 0 0 0 0 0 0 0 4 25 0 0 0 1 0 39 1 0 4 124 0 0 0 0 0 0 11 3 0 0 0 0 32 327 132 0 3 0 1 0 99 1 0 220 0 1 0 63 0 2282 1 0 2114 1894 132 2 18 0 0 0 6
0 0 0 118 2 7 0 0 25 8 0 105 0 0 9 0 0 0 0 102 0 0 0 52 0 0 0 16 0 0 0 0 0 0 0 0 0 0 12 21 1 5 138 617 2 700 0 25 25 0 0 0 0 2177 0 0 0 491 0 0 0 2003 29 0 0 0 1 43
0 0 0 0 0 0 0 0 4 0 0 3 8 0 1 0 0 0 0 0 0 0 0 1 0 0 0 0 0 0 0 0 0 0 0 1 0 12 0 328 0 32 56 6 57 23 88 1 1088 1 0 0 0 9 0 2 0 55 2 0 0 30 0 0 0 36 0 347
0 0 0 2 2 7 0 0 7 3 0 31 12 0 5 0 0 0 0 5 0 1 0 2 0 0 0 1 0 0 0 0 0 0 1 1 32 21 328 0 188 1713 115 3073 21 3511 3 30 593 0 0 0 1 170 2 3 11 57 0 14 5 176 24 0 0 3 0 44
0 0 0 0 0 0 0 0 2 0 0 0 0 0 0 0 0 0 0 0 0 0 0 1 0 0 0 0 0 0 0 0 0 0 525 0 327 1 0 188 0 613 0 1349 3 6 0 2029 0 0 183 1 18 0 25 0 233 16 0 218 16 4110 8 2005 0 1 0 16
0 0 0 0 0 2 0 0 4 0 0 1 0 0 2 0 0 0 0 0 0 0 0 0 0 0 0 0 0 0 0 0 0 0 24 0 132 5 32 1713 613 0 35 914 13 225 2 2056 141 0 17 0 4 25 3 0 40 10 0 141 5 65 25 3 0 350 0 35
1 1 0 9 6 11 4 4 274 19 2 46 8 3 25 0 0 0 1 12 0 5 0 83 6 0 2 36 14 0 0 1 3 5 1 104 0 138 56 115 0 35 0 12 15 391 56 6 351 1 0 0 0 59 0 427 0 2220 173 0 149 100 26 0 0 3 1 16
0 0 0 2 0 0 0 0 13 1 0 20 1 0 1 0 0 0 0 8 0 1 0 40 0 0 0 2 0 0 0 0 0 0 6 0 3 617 6 3073 1349 914 12 0 18 970 2 811 16 0 1 0 1 928 1 0 3 68 0 4 6 2068 181 0 0 1 4 275
0 6 0 0 0 0 0 0 1 0 28 0 100 0 0 0 0 1 0 0 0 4 0 0 22 12 7 0 0 0 8 0 0 1 0 1 0 2 57 21 3 13 15 18 0 112 373 8 16 0 2 1021 239 49 6 1 2 19 25 866 44 6 120 5 140 200 3 1420
0 0 0 22 3 23 0 3 36 43 0 314 7 0 26 0 0 0 0 53 0 0 0 29 0 0 0 21 0 0 0 0 0 2 1 0 1 700 23 3511 6 225 391 970 112 0 4 91 322 0 1 2 0 1347 0 0 1 213 0 3 2 156 120 0 1 15 0 312
0 55 0 0 0 1 0 0 8 1 117 0 705 0 0 0 0 2 1 1 0 50 0 0 241 70 101 1 0 0 55 0 0 8 0 97 0 0 88 3 0 2 56 2 373 4 0 0 4 0 0 0 0 2 0 55 0 14 956 20 383 2 14 1 353 112 0 520
0 0 0 0 0 1 0 0 2 0 0 0 0 0 0 0 0 0 0 0 0 0 0 1 0 0 0 0 0 1 0 0 0 0 884 0 99 25 1 30 2029 2056 6 811 8 91 0 0 5 1 106 0 44 14 2 0 35 19 0 217 2 124 1777 221 0 355 1 47
0 0 0 0 0 12 0 2 7 4 0 27 3 1 2 0 0 0 0 8 0 0 1 4 0 0 0 9 1 0 0 0 0 3 0 6 1 25 1088 593 0 141 351 16 16 322 4 5 0 1 0 0 0 17 15 7 3 163 0 1 7 85 28 0 1 10 1 22
0 1 4 0 0 0 0 0 7 0 0 0 0 0 0 738 6 0 0 0 51 137 341 39 0 2 187 29 0 4 0 0 0 5 1 4 0 0 1 0 0 0 1 0 0 0 0 1 1 0 5 0 0 0 785 508 694 955 0 6 900 117 3 3 1 0 1 6
0 1 61 0 0 0 0 0 1 0 0 0 0 0 0 0 29 0 4 0 0 1 13 0 0 63 106 0 0 0 0 0 0 12 36 2 220 0 0 0 183 17 0 1 2 1 0 106 0 5 0 6 1145 0 15 2 819 6 0 851 322 69 34 171 0 0 1 1079
0 0 0 0 0 0 0 0 0 0 1 0 1 0 0 0 0 0 0 0 0 0 0 0 1 8 5 0 0 0 1 0 0 0 3 0 0 0 0 0 1 0 0 0 1021 2 0 0 0 0 6 0 642 0 1 0 0 1 0 701 2 1 2 6 5 1 0 76
0 1 1 0 0 0 0 0 0 0 0 0 0 0 0 0 5 0 1 0 0 1 0 0 1 37 22 0 0 0 1 0 0 1 40 2 1 0 0 1 18 4 0 1 239 0 0 44 0 0 1145 642 0 0 17 1 21 6 0 386 64 1 76 111 3 0 1 846
0 0 0 45 0 11 3 2 21 19 0 121 5 0 7 0 0 0 0 130 0 1 0 56 0 0 0 39 0 0 0 0 1 1 0 0 0 2177 9 170 0 25 59 928 49 1347 2 14 17 0 0 0 0 0 0 0 0 118 0 0 0 261 57 0 0 6 1 51
0 0 0 0 0 0 0 0 3 0 0 0 0 0 0 16 0 0 0 0 15 21 7 18 0 0 4 12 0 6 0 0 0 2 0 1 63 0 0 2 25 3 0 1 6 0 0 2 15 785 15 1 17 0 0 3 5439 61 0 6 27 1361 10 2078 0 1 1 1351
0 16 2 0 0 1 2 0 26 0 2 0 13 0 0 56 3 0 0 0 4 362 19 14 10 6 94 2 1 0 0 0 0 4 0 410 0 0 2 3 0 0 427 0 1 0 55 0 7 508 2 0 1 0 3 0 0 604 143 1 832 0 1 0 0 0 0 1
0 0 18 0 0 0 0 0 0 0 0 0 1 0 2 284 1 0 0 0 4 15 267 3 0 0 226 1 0 0 0 0 0 2 11 0 2282 0 0 11 233 40 0 3 2 1 0 35 3 694 819 0 21 0 5439 0 0 52 0 120 2040 450 35 253 0 0 1 1199
1 5 1 60 0 40 5 4 129 63 0 148 6 4 8 28 0 0 0 78 24 44 2 409 3 0 14 191 11 6 0 0 4 95 3 137 1 491 55 57 16 10 2220 68 19 213 14 19 163 955 6 1 6 118 61 604 52 0 99 17 655 1860 105 16 0 1 8 75
0 31 0 0 0 0 1 0 18 0 4 0 261 0 0 1 1 3 3 0 0 14 0 9 242 26 97 0 0 0 9 0 0 6 0 628 0 0 2 0 0 0 173 0 25 0 956 0 0 0 0 0 0 0 0 143 0 99 0 5 923 0 0 0 2 0 0 5
0 28 46 0 0 0 0 0 0 0 13 0 20 0 0 0 59 9 57 0 0 6 8 0 8 419 414 0 0 0 12 0 0 38 51 7 2114 0 0 14 218 141 0 4 866 3 20 217 1 6 851 701 386 0 6 1 120 17 5 0 3704 36 9 47 393 5 0 95
0 192 231 0 0 0 0 0 1 0 26 0 98 0 1 80 182 15 45 0 4 67 239 8 100 568 2677 3 0 0 53 0 0 171 1 1108 1894 0 0 5 16 5 149 6 44 2 383 2 7 900 322 2 64 0 27 832 2040 655 923 3704 0 46 1 3 240 1 0 190
0 0 0 17 0 31 0 3 31 21 0 88 3 0 5 1 0 0 0 95 1 8 1 140 0 0 1 82 3 1 0 0 0 12 14 0 132 2003 30 176 4110 65 100 2068 6 156 2 124 85 117 69 1 1 261 1361 0 450 1860 0 36 46 0 319 1215 0 2 26 273
0 0 0 0 0 0 0 0 16 0 0 1 1 0 0 0 0 0 0 0 1 1 0 17 0 0 0 8 4 1 0 0 1 5 782 0 2 29 0 24 8 25 26 181 120 120 14 1777 28 3 34 2 76 57 10 1 35 105 0 9 1 319 0 1262 0 198 848 1162
0 0 0 0 0 0 0 0 1 0 0 0 0 0 0 4 0 0 0 0 7 1 0 2 0 0 0 7 0 1 0 0 0 1 347 0 18 0 0 0 2005 3 0 0 5 0 1 221 0 3 171 6 111 0 2078 0 253 16 0 47 3 1215 1262 0 0 0 227 841
0 14 0 0 0 0 0 0 0 0 17 0 47 0 0 0 0 7 2 0 0 3 0 0 9 32 46 0 0 0 18 0 0 6 0 0 0 0 0 0 0 0 0 0 140 1 353 0 1 1 0 5 3 0 0 0 0 0 2 393 240 0 0 0 0 1 0 14
0 0 0 0 0 0 0 0 2 0 0 0 6 0 0 0 0 0 0 0 0 0 0 0 0 0 0 0 0 0 0 0 0 0 0 0 0 0 36 3 1 350 3 1 200 15 112 355 10 0 0 1 0 6 1 0 0 1 0 5 1 2 198 0 1 0 0 646
0 0 0 0 0 0 0 0 1 0 0 0 0 0 0 0 0 0 0 0 0 0 0 1 0 0 0 1 0 0 0 0 0 0 2 0 0 1 0 0 0 0 1 4 3 0 0 1 1 1 1 0 1 1 1 0 1 8 0 0 0 26 848 227 0 0 0 527
0 1 6 1 0 9 0 0 9 6 0 6 95 0 3 4 3 0 1 2 0 4 0 43 1 15 17 34 0 2 0 0 0 7 6 1 6 43 347 44 16 35 16 275 1420 312 520 47 22 6 1079 76 846 51 1351 1 1199 75 5 95 190 273 1162 841 14 646 527 0
