0 2 72 0 0 2 303 47 3 26 2 1 0 1451 0 0 47 1 38 0 2 1 36 6 0 49 14 6 1529 187 0 0 16 15 0 0 0 0 0 0 0 0 0 0 0 0 0 0 0 0 0 0 0 0 0 0 0 0 0 0 0 0 0 0 0 0 0 0
2 0 0 0 1 1 4 4 142 0 0 0 63 19 16 38 6 0 0 0 5 448 6 171 711 23 2574 14 0 2 5 0 0 7 0 39 14 0 0 0 0 0 0 0 0 0 18 0 0 0 4 0 0 0 0 1 0 0 3 48 271 0 0 0 0 0 0 2
72 0 0 0 0 0 810 144 4 28 1 0 1 436 0 0 1115 3 86 0 57 2 3078 0 0 2432 3124 361 44 208 0 0 2 21 0 19 92 0 0 0 0 0 0 0 0 0 0 0 0 1 7 0 0 0 0 4 10 1 0 24 307 0 0 0 0 0 0 4
0 0 0 0 2 22 9 10 141 707 0 626 1 28 26 0 0 0 0 2742 0 0 0 1000 0 0 0 2017 38 0 0 0 1 35 0 0 0 43 0 1 0 0 57 2 0 34 0 0 6 0 0 0 0 23 0 0 0 96 0 0 0 4 0 0 0 0 0 0
0 1 0 2 0 378 0 35 61 2 52 57 67 0 799 0 0 0 0 3 0 2 0 10 3 0 0 5 0 0 0 103 0 601 0 0 0 0 0 0 0 0 3 0 0 0 2 0 1 0 0 0 0 0 0 0 0 0 0 2 0 0 0 0 0 0 0 0
2 1 0 22 378 0 78 2676 138 3098 2 2859 8 91 537 0 0 0 0 46 0 2 1 20 0 1 0 229 46 0 0 48 0 24 0 0 0 0 0 18 1 0 21 32 0 131 0 0 18 0 0 0 0 12 0 0 0 40 0 0 0 3 0 0 0 0 0 0
303 4 810 9 0 78 0 348 25 2818 1 4 0 1828 5 0 11 1 4 1 31 0 266 153 0 145 34 3968 196 1091 0 0 7 64 0 0 0 0 0 2 0 0 1 1 0 5 0 0 1 1 0 0 0 3 0 1 0 6 0 0 0 1 0 0 0 0 0 0
47 4 144 10 35 2676 348 0 39 1462 6 176 24 2932 50 0 12 0 3 19 0 0 14 7 1 96 6 110 20 6 0 299 0 15 0 0 0 0 0 1 0 1 0 0 0 1 0 0 0 0 0 0 0 0 0 0 0 1 0 0 0 0 0 0 0 0 0 1
3 142 4 141 61 138 25 39 0 150 13 557 177 57 391 37 2 10 27 92 18 495 65 2918 146 93 91 160 101 3 0 3 6 59 2 0 3 46 0 5 4 1 135 141 0 42 3 4 11 8 0 0 0 52 7 6 14 304 2 1 5 64 11 2 0 0 0 14
26 0 28 707 2 3098 2818 1462 150 0 0 539 6 864 15 0 0 0 0 1176 0 0 2 118 0 9 0 2464 273 0 0 0 3 226 0 0 0 0 0 0 0 0 103 0 0 11 0 0 0 0 0 0 0 1 0 0 0 116 0 0 0 0 0 0 0 0 0 0
2 0 1 0 52 2 1 6 13 0 0 8 1109 127 7 0 54 1509 905 1 3 2 6 1 90 1195 10 1 355 6 17 130 0 1179 0 5 0 0 2 0 0 0 2 0 63 0 186 0 1 0 0 2 2 0 0 2 0 0 10 50 22 0 0 0 19 3 0 2
1 0 0 626 57 2859 4 176 557 539 8 0 36 177 410 0 1 2 3 1643 0 1 0 482 1 2 1 184 113 0 0 1 0 131 0 0 0 42 0 20 2 1 38 46 0 1051 0 0 24 0 0 0 0 90 1 0 0 109 0 0 0 27 0 0 0 0 0 6
0 63 1 1 67 8 0 24 177 6 1109 36 0 31 30 9 0 19 0 10 5 107 8 12 1254 62 674 10 26 1 166 71 0 612 0 74 0 1 12 12 1 6 36 1 172 19 732 1 43 0 0 0 0 4 3 20 9 6 275 90 113 9 5 2 54 12 0 133
1451 19 436 28 0 91 1828 2932 57 864 127 177 31 0 22 0 166 46 44 69 11 4 106 24 0 216 29 146 1576 230 1 14 0 128 0 0 0 0 2 0 0 0 3 0 0 0 0 0 0 2 0 0 0 0 0 0 0 1 0 0 0 0 0 0 0 0 0 4
0 16 0 26 799 537 5 50 391 15 7 410 30 22 0 0 0 0 0 22 1 9 0 91 3 1 5 26 20 1 0 2 0 25 0 0 0 3 0 0 0 2 12 10 0 13 1 0 6 0 0 0 0 27 1 0 0 25 0 1 2 5 1 0 0 0 0 3
0 38 0 0 0 0 0 0 37 0 0 0 9 0 0 0 0 0 1 0 624 890 811 953 0 3 1381 158 0 0 0 0 0 7 0 1 6 0 0 0 0 0 2 0 0 0 0 0 0 651 0 0 0 1 42 33 391 93 0 2 239 45 3 6 0 0 0 5
47 6 1115 0 0 0 11 12 2 0 54 1 0 166 0 0 0 55 1919 0 14 1 660 1 1 637 164 3 162 75 0 0 14 824 0 2 4 0 0 0 0 0 0 0 0 0 0 0 0 0 0 0 0 0 0 0 1 0 0 1 23 0 0 0 0 0 0 0
1 0 3 0 0 0 1 0 10 0 1509 2 19 46 0 0 55 0 1076 0 1 0 1 0 0 779 4 1 85 2 0 5 0 167 0 0 0 0 0 0 0 0 0 0 0 0 2 0 0 0 0 0 1 0 0 0 0 0 0 5 3 0 0 0 0 0 0 0
38 0 86 0 0 0 4 3 27 0 905 3 0 44 0 1 1919 1076 0 0 12 1 35 1 0 1000 23 2 137 14 0 3 1 824 0 0 0 0 0 0 0 0 0 0 0 0 0 0 0 0 0 0 3 0 0 1 0 0 0 14 11 0 0 0 0 0 0 0
0 0 0 2742 3 46 1 19 92 1176 1 1643 10 69 22 0 0 0 0 0 0 0 0 450 0 0 0 163 57 0 0 0 0 28 0 0 0 2 0 3 1 0 36 0 0 216 0 0 26 0 0 0 0 201 0 0 0 325 0 0 0 3 0 0 0 0 0 0
2 5 57 0 0 0 31 0 18 0 3 0 5 11 1 624 14 1 12 0 0 24 7324 10 0 5 234 2633 46 1864 0 1 7 988 0 0 0 0 0 0 0 0 7 0 0 0 0 0 0 92 0 0 0 0 9 4 11 28 0 0 2 10 0 20 0 0 0 16
1 448 2 0 2 2 0 0 495 0 2 1 107 4 9 890 1 0 1 0 24 0 5 1400 480 9 690 96 3 0 6 0 1 5 1 81 3 0 0 0 5 0 18 0 2 0 10 2 0 71 0 0 0 0 9 103 6 52 6 5 265 13 4 2 0 0 0 3
36 6 3078 0 0 1 266 14 65 2 6 0 8 106 0 811 660 1 35 0 7324 5 0 7 0 126 3222 632 73 694 0 0 5 2227 0 1 15 0 0 0 0 0 1 0 0 0 0 0 0 236 0 0 0 0 4 4 217 8 0 0 194 1 0 2 0 0 0 4
6 171 0 1000 10 20 153 7 2918 118 1 482 12 24 91 953 1 0 1 450 10 1400 7 0 128 2 252 1807 130 3 0 0 19 90 2 2 3 53 0 13 5 0 89 26 0 63 0 0 31 97 0 0 0 196 21 13 19 570 0 0 40 83 6 20 0 0 1 15
0 711 0 0 3 0 0 1 146 0 90 1 1254 0 3 0 1 0 0 0 0 480 0 128 0 19 790 0 5 0 18 5 0 12 0 53 0 0 1 0 0 0 2 0 16 0 187 0 1 0 0 0 1 0 0 5 0 0 134 67 261 0 1 0 27 2 0 5
49 23 2432 0 0 1 145 96 93 9 1195 2 62 216 1 3 637 779 1000 0 5 9 126 2 19 0 3961 21 87 14 86 4 1 258 0 42 24 0 0 0 0 0 0 0 16 0 219 0 0 0 8 3 7 0 0 0 0 0 29 627 674 0 0 0 76 0 0 5
14 2574 3124 0 0 0 34 6 91 0 10 1 674 29 5 1381 164 4 23 0 234 690 3222 252 790 3961 0 461 27 15 221 0 1 395 0 184 402 0 0 0 1 0 2 0 6 0 116 0 0 130 18 1 3 0 3 104 292 16 50 487 3333 5 0 0 8 0 0 21
6 14 361 2017 5 229 3968 110 160 2464 1 184 10 146 26 158 3 1 2 163 2633 96 632 1807 0 21 461 0 309 2328 0 0 38 387 0 0 0 0 0 0 1 0 46 1 0 24 0 0 5 95 0 0 0 13 38 13 15 226 0 0 15 58 5 17 0 0 1 22
1529 0 44 38 0 46 196 20 101 273 355 113 26 1576 20 0 162 85 137 57 46 3 73 130 5 87 27 309 0 1726 2 147 1379 1426 0 0 3 0 0 0 0 0 12 0 2 1 1 0 2 2 0 1 0 1 0 0 1 17 0 0 0 4 0 1 0 0 0 3
187 2 208 0 0 0 1091 6 3 0 6 0 1 230 1 0 75 2 14 0 1864 0 694 3 0 14 15 2328 1726 0 0 0 210 1124 0 0 2 0 0 0 0 0 1 0 0 0 0 0 0 3 0 0 0 0 4 0 3 4 0 0 2 4 1 1 0 0 0 0
0 5 0 0 0 0 0 0 0 0 17 0 166 1 0 0 0 0 0 0 0 6 0 0 18 86 221 0 2 0 0 0 0 1 0 1 0 0 0 0 0 0 0 0 7 0 117 0 0 0 0 0 0 0 0 0 0 0 6 24 49 0 0 0 17 0 0 0
0 0 0 0 103 48 0 299 3 0 130 1 71 14 2 0 0 5 3 0 1 0 0 0 5 4 0 0 147 0 0 0 0 541 0 0 0 0 0 0 0 0 0 0 2 0 5 0 0 0 0 0 0 0 0 0 0 0 0 0 0 0 0 0 0 0 0 2
16 0 2 1 0 0 7 0 6 3 0 0 0 0 0 0 14 0 1 0 7 1 5 19 0 1 1 38 1379 210 0 0 0 353 0 0 0 0 0 0 0 0 1 0 0 0 0 0 0 0 0 0 0 0 0 0 0 2 0 0 0 1 0 0 0 0 0 1
15 7 21 35 601 24 64 15 59 226 1179 131 612 128 25 7 824 167 824 28 988 5 2227 90 12 258 395 387 1426 1124 1 541 353 0 0 6 6 0 1 2 0 2 7 0 0 6 8 0 9 7 0 0 0 0 17 0 16 39 5 31 97 16 3 1 0 1 0 10
0 0 0 0 0 0 0 0 2 0 0 0 0 0 0 0 0 0 0 0 0 1 0 2 0 0 0 0 0 0 0 0 0 0 0 0 12 0 0 3 474 51 3 23 2 2 0 1276 2 0 11 1 9 4 1 0 1 18 0 35 4 28 839 228 0 0 4 10
0 39 19 0 0 0 0 0 0 0 5 0 74 0 0 1 2 0 0 0 0 81 1 2 53 42 184 0 0 0 1 0 0 6 0 0 4 0 0 0 18 1 112 0 1 2 14 2 8 11 2 1 3 0 0 510 2 218 936 13 3101 9 0 0 0 0 0 9
0 14 92 0 0 0 0 0 3 0 0 0 0 0 0 6 4 0 0 0 0 3 15 3 0 24 402 0 3 2 0 0 0 6 12 4 0 0 0 1 864 25 7 8 0 1 0 100 0 2 1009 1 19 1 41 2 2919 2 0 1877 2708 93 0 9 0 0 0 89
0 0 0 43 0 0 0 0 46 0 0 42 1 0 3 0 0 0 0 2 0 0 0 53 0 0 0 0 0 0 0 0 0 0 0 0 0 0 2 3 1 2 86 824 0 794 0 10 12 0 0 0 0 2614 0 0 0 700 0 0 0 2215 11 0 0 0 0 12
0 0 0 0 0 0 0 0 0 0 2 0 12 2 0 0 0 0 0 0 0 0 0 0 1 0 0 0 0 0 0 0 0 1 0 0 0 2 0 553 0 0 88 5 45 29 7 0 1037 0 0 0 0 2 0 3 0 23 14 1 0 5 1 0 0 120 0 236
0 0 0 1 0 18 2 1 5 0 0 20 12 0 0 0 0 0 0 3 0 0 0 13 0 0 0 0 0 0 0 0 0 2 3 0 1 3 553 0 27 3138 34 3638 5 1872 1 89 1130 0 0 7 2 37 0 1 0 42 0 3 0 197 59 2 0 109 0 77
0 0 0 0 0 1 0 0 4 0 0 2 1 0 0 0 0 0 0 1 0 5 0 5 0 0 1 1 0 0 0 0 0 0 474 18 864 1 0 27 0 280 21 1019 4 16 1 1998 8 1 325 4 100 4 466 6 398 100 0 496 120 4259 162 2641 0 0 8 87
0 0 0 0 0 0 0 1 1 0 0 1 6 0 2 0 0 0 0 0 0 0 0 0 0 0 0 0 0 0 0 0 0 2 51 1 25 2 0 3138 280 0 29 1290 48 109 2 3876 77 0 2 11 5 30 1 0 4 39 2 35 4 199 67 14 0 99 3 80
0 0 0 57 3 21 1 0 135 103 2 38 36 3 12 2 0 0 0 36 7 18 1 89 2 0 2 46 12 1 0 0 1 7 3 112 7 86 88 34 21 29 0 125 34 246 5 25 481 7 2 3 6 87 15 507 4 2441 98 37 179 171 52 4 0 5 1 37
0 0 0 2 0 32 1 0 141 0 0 46 1 0 10 0 0 0 0 0 0 0 0 26 0 0 0 1 0 0 0 0 0 0 23 0 8 824 5 3638 1019 1290 125 0 0 1403 0 1407 125 0 0 0 0 1114 0 0 2 297 0 2 0 3259 286 7 0 0 1 322
0 0 0 0 0 0 0 0 0 0 63 0 172 0 0 0 0 0 0 0 0 2 0 0 16 16 6 0 2 0 7 2 0 0 2 1 0 0 45 5 4 48 34 0 0 31 859 89 47 0 23 1257 537 0 4 2 5 18 121 794 27 7 418 26 63 374 0 2131
0 0 0 34 0 131 5 1 42 11 0 1051 19 0 13 0 0 0 0 216 0 0 0 63 0 0 0 24 1 0 0 0 0 6 2 2 1 794 29 1872 16 109 246 1403 31 0 0 95 408 0 0 9 8 1656 0 0 0 426 2 5 6 187 88 0 0 2 0 168
0 18 0 0 2 0 0 0 3 0 186 0 732 0 1 0 0 2 0 0 0 10 0 0 187 219 116 0 1 0 117 5 0 8 0 14 0 0 7 1 1 2 5 0 859 0 0 3 39 0 0 0 0 0 0 7 0 2 699 77 644 0 6 0 319 25 0 411
0 0 0 0 0 0 0 0 4 0 0 0 1 0 0 0 0 0 0 0 0 2 0 0 0 0 0 0 0 0 0 0 0 0 1276 2 100 10 0 89 1998 3876 25 1407 89 95 3 0 14 0 18 10 1 63 3 5 11 80 1 108 20 161 2116 181 0 262 4 120
0 0 0 6 1 18 1 0 11 0 1 24 43 0 6 0 0 0 0 26 0 0 0 31 1 0 0 5 2 0 0 0 0 9 2 8 0 12 1037 1130 8 77 481 125 47 408 39 14 0 0 0 6 0 11 0 18 0 167 2 5 16 45 10 0 0 5 0 84
0 0 1 0 0 0 1 0 8 0 0 0 0 2 0 651 0 0 0 0 92 71 236 97 0 0 130 95 2 3 0 0 0 7 0 11 2 0 0 0 1 0 7 0 0 0 0 0 0 0 0 1 0 0 1033 1436 1027 1193 0 2 1180 354 4 11 0 0 0 13
0 4 7 0 0 0 0 0 0 0 0 0 0 0 0 0 0 0 0 0 0 0 0 0 0 8 18 0 0 0 0 0 0 0 11 2 1009 0 0 0 325 2 2 0 23 0 0 18 0 0 0 17 1391 0 34 1 892 1 0 1062 236 24 5 155 0 0 0 676
0 0 0 0 0 0 0 0 0 0 2 0 0 0 0 0 0 0 0 0 0 0 0 0 0 3 1 0 1 0 0 0 0 0 1 1 1 0 0 7 4 11 3 0 1257 9 0 10 6 1 17 0 1309 0 2 1 0 2 0 430 2 0 15 14 0 8 1 131
0 0 0 0 0 0 0 0 0 0 2 0 0 0 0 0 0 1 3 0 0 0 0 0 1 7 3 0 0 0 0 0 0 0 9 3 19 0 0 2 100 5 6 0 537 8 0 1 0 0 1391 1309 0 0 8 0 28 2 0 1766 22 5 22 156 0 1 0 800
0 0 0 23 0 12 3 0 52 1 0 90 4 0 27 1 0 0 0 201 0 0 0 196 0 0 0 13 1 0 0 0 0 0 4 0 1 2614 2 37 4 30 87 1114 0 1656 0 63 11 0 0 0 0 0 0 0 0 352 0 0 0 308 53 0 0 1 0 35
0 0 0 0 0 0 0 0 7 0 0 1 3 0 1 42 0 0 0 0 9 9 4 21 0 0 3 38 0 4 0 0 0 17 1 0 41 0 0 0 466 1 15 0 4 0 0 3 0 1033 34 2 8 0 0 25 7853 37 0 5 148 2986 19 2327 0 0 1 768
0 1 4 0 0 0 1 0 6 0 2 0 20 0 0 33 0 0 1 0 4 103 4 13 5 0 104 13 0 0 0 0 0 0 0 510 2 0 3 1 6 0 507 0 2 0 7 5 18 1436 1 1 0 0 25 0 34 1586 57 3 1388 79 5 24 0 0 0 10
0 0 10 0 0 0 0 0 14 0 0 0 9 0 0 391 1 0 0 0 11 6 217 19 0 0 292 15 1 3 0 0 0 16 1 2 2919 0 0 0 398 4 4 2 5 0 0 11 0 1027 892 0 28 0 7853 34 0 12 0 210 2440 264 10 150 0 1 1 1074
0 0 1 96 0 40 6 1 304 116 0 109 6 1 25 93 0 0 0 325 28 52 8 570 0 0 16 226 17 4 0 0 2 39 18 218 2 700 23 42 100 39 2441 297 18 426 2 80 167 1193 1 2 2 352 37 1586 12 0 82 2 542 2486 182 13 0 1 4 103
0 3 0 0 0 0 0 0 2 0 10 0 275 0 0 0 0 0 0 0 0 6 0 0 134 29 50 0 0 0 6 0 0 5 0 936 0 0 14 0 0 2 98 0 121 2 699 1 2 0 0 0 0 0 0 57 0 82 0 2 700 0 6 0 1 37 0 140
0 48 24 0 2 0 0 0 1 0 50 0 90 0 1 2 1 5 14 0 0 5 0 0 67 627 487 0 0 0 24 0 0 31 35 13 1877 0 1 3 496 35 37 2 794 5 77 108 5 2 1062 430 1766 0 5 3 210 2 2 0 3139 22 24 148 232 19 0 155
0 271 307 0 0 0 0 0 5 0 22 0 113 0 2 239 23 3 11 0 2 265 194 40 261 674 3333 15 0 2 49 0 0 97 4 3101 2708 0 0 0 120 4 179 0 27 6 644 20 16 1180 236 2 22 0 148 1388 2440 542 700 3139 0 452 15 70 196 1 1 267
0 0 0 4 0 3 1 0 64 0 0 27 9 0 5 45 0 0 0 3 10 13 1 83 0 0 5 58 4 4 0 0 1 16 28 9 93 2215 5 197 4259 199 171 3259 7 187 0 161 45 354 24 0 5 308 2986 79 264 2486 0 22 452 0 327 332 0 0 22 408
0 0 0 0 0 0 0 0 11 0 0 0 5 0 1 3 0 0 0 0 0 4 0 6 1 0 0 5 0 1 0 0 0 3 839 0 0 11 1 59 162 67 52 286 418 88 6 2116 10 4 5 15 22 53 19 5 10 182 6 24 15 327 0 1031 2 186 1038 1866
0 0 0 0 0 0 0 0 2 0 0 0 2 0 0 6 0 0 0 0 20 2 2 20 0 0 0 17 1 1 0 0 0 1 228 0 9 0 0 2 2641 14 4 7 26 0 0 181 0 11 155 14 156 0 2327 24 150 13 0 148 70 332 1031 0 0 0 143 952
0 0 0 0 0 0 0 0 0 0 19 0 54 0 0 0 0 0 0 0 0 0 0 0 27 76 8 0 0 0 17 0 0 0 0 0 0 0 0 0 0 0 0 0 63 0 319 0 0 0 0 0 0 0 0 0 0 0 1 232 196 0 2 0 0 0 0 0
0 0 0 0 0 0 0 0 0 0 3 0 12 0 0 0 0 0 0 0 0 0 0 0 2 0 0 0 0 0 0 0 0 1 0 0 0 0 120 109 0 99 5 0 374 2 25 262 5 0 0 8 1 1 0 0 1 1 37 19 1 0 186 0 0 0 0 491
0 0 0 0 0 0 0 0 0 0 0 0 0 0 0 0 0 0 0 0 0 0 0 1 0 0 0 1 0 0 0 0 0 0 4 0 0 0 0 0 8 3 1 1 0 0 0 4 0 0 0 1 0 0 1 0 1 4 0 0 1 22 1038 143 0 0 0 157
0 2 4 0 0 0 0 1 14 0 2 6 133 4 3 5 0 0 0 0 16 3 4 15 5 5 21 22 3 0 0 2 1 10 10 9 89 12 236 77 87 80 37 322 2131 168 411 120 84 13 676 131 800 35 768 10 1074 103 140 155 267 408 1866 952 0 491 157 0
