0 0 16 0 0 4 344 52 1 20 2 4 1 1452 0 0 46 1 1 0 1 0 21 0 0 8 2 3 1245 358 0 0 12 5 0 0 0 0 0 0 0 0 0 0 0 0 0 0 0 0 0 0 0 0 0 0 0 1 0 0 0 0 0 0 0 0 0 0
0 0 0 0 1 3 2 0 45 0 1 0 39 0 5 74 6 0 0 0 3 488 1 124 477 6 2152 8 1 1 0 0 1 12 0 109 3 0 0 0 0 0 1 0 0 0 7 0 0 2 0 0 1 0 0 9 0 0 0 26 153 0 0 0 2 0 0 2
16 0 0 0 0 20 168 159 0 1 0 0 0 156 1 0 575 0 2 0 43 1 2582 0 0 2299 2024 34 30 53 0 0 0 116 0 4 131 0 0 0 0 0 0 0 0 0 0 0 0 0 11 0 2 0 2 0 14 1 0 23 239 0 0 2 0 0 0 5
0 0 0 0 2 29 6 4 67 1356 0 369 5 6 19 0 0 0 0 1737 0 0 0 242 1 0 0 2205 6 0 0 1 0 7 0 0 0 76 1 5 0 0 10 1 0 59 0 0 4 0 0 0 0 23 0 0 0 58 0 0 0 9 0 0 0 0 0 0
0 1 0 2 0 171 1 1 136 2 11 38 229 0 751 0 0 0 0 4 0 11 0 40 0 0 0 12 2 0 0 139 0 170 0 0 0 0 0 4 0 0 1 0 0 1 0 0 2 0 0 0 0 0 0 0 0 0 0 0 0 0 0 0 0 0 0 0
4 3 20 29 171 0 191 2015 31 1950 55 3084 120 73 973 0 4 0 0 49 0 0 13 23 0 12 0 77 38 0 0 52 2 44 0 0 0 2 2 15 3 3 7 3 0 36 2 8 4 0 0 0 0 3 1 0 0 85 0 0 0 137 2 0 0 0 0 8
344 2 168 6 1 191 0 554 15 1764 51 18 30 1768 24 0 4 0 3 4 29 0 319 125 0 22 4 5845 258 2267 0 1 36 116 0 0 0 0 0 2 2 0 6 1 0 0 0 0 4 0 0 0 0 1 1 0 0 41 0 0 0 63 0 0 0 0 0 4
52 0 159 4 1 2015 554 0 1 1141 5 473 4 2650 14 0 97 1 0 15 9 2 144 5 0 35 3 23 31 94 0 1 0 11 0 0 0 0 0 1 0 1 3 0 0 0 0 1 0 0 0 0 0 0 0 0 0 3 0 0 0 4 0 0 0 0 0 0
1 45 0 67 136 31 15 1 0 40 19 387 14 3 359 0 0 0 2 65 0 576 0 2435 101 5 120 236 4 0 0 0 0 7 0 1 0 18 1 4 1 2 203 17 0 18 0 0 2 0 0 0 1 11 0 4 1 128 0 0 1 64 0 0 0 0 0 5
20 0 1 1356 2 1950 1764 1141 40 0 27 1539 88 336 27 0 0 0 1 954 0 0 4 67 0 0 0 1096 97 2 0 0 0 167 0 0 0 0 0 6 1 0 22 0 0 47 0 0 8 0 0 0 0 18 0 1 0 241 0 0 0 23 0 0 0 0 0 0
2 1 0 0 11 55 51 5 19 27 0 61 518 21 5 0 20 1358 341 2 1 0 1 13 19 923 15 13 152 13 19 195 6 900 0 3 0 0 1 0 0 0 0 0 79 0 108 1 0 0 0 0 0 0 0 0 0 0 10 13 17 0 16 0 20 12 0 7
4 0 0 369 38 3084 18 473 387 1539 61 0 97 141 795 0 0 1 0 1285 0 0 0 312 1 2 0 264 90 0 0 13 0 104 0 0 0 27 0 68 4 1 17 30 0 326 1 1 26 0 0 0 0 53 0 0 0 48 0 0 0 36 1 0 0 0 0 2
1 39 0 5 229 120 30 4 14 88 518 97 0 10 90 0 3 10 21 11 1 12 2 15 1264 92 778 47 58 3 253 286 0 416 0 7 0 2 4 9 2 3 8 2 73 9 637 16 14 0 0 0 1 5 0 4 0 12 132 58 222 31 14 0 79 7 0 35
1452 0 156 6 0 73 1768 2650 3 336 21 141 10 0 11 0 136 0 0 9 17 0 146 0 0 38 3 24 1615 596 0 52 3 34 0 0 0 0 0 0 0 0 0 0 0 0 0 1 0 0 0 0 0 0 0 0 0 0 0 0 0 0 0 0 0 0 0 0
0 5 1 19 751 973 24 14 359 27 5 795 90 11 0 0 1 2 0 17 23 3 17 98 0 0 3 167 9 7 0 9 1 8 0 0 0 8 4 5 0 1 1 11 0 31 0 0 2 0 0 0 0 5 0 0 0 9 0 0 0 7 0 0 0 0 0 0
0 74 0 0 0 0 0 0 0 0 0 0 0 0 0 0 0 0 0 0 454 821 932 633 10 0 966 204 0 0 0 0 0 0 0 1 3 0 0 0 0 0 0 0 0 0 0 0 0 367 0 0 0 0 42 66 206 97 0 0 47 38 0 12 0 0 0 1
46 6 575 0 0 4 4 97 0 0 20 0 3 136 1 0 0 23 475 0 17 0 1694 2 0 973 392 4 98 120 0 0 7 1155 0 8 16 0 0 0 0 0 1 0 0 0 0 0 0 0 9 0 0 0 0 1 3 0 0 20 105 0 0 0 0 0 0 3
1 0 0 0 0 0 0 1 0 0 1358 1 10 0 2 0 23 0 613 0 0 0 0 0 0 596 6 0 8 5 0 0 0 51 0 0 0 0 0 0 0 0 0 0 1 0 2 0 0 0 0 0 0 0 0 0 0 0 0 6 4 0 0 0 2 0 0 0
1 0 2 0 0 0 3 0 2 1 341 0 21 0 0 0 475 613 0 0 5 0 8 2 0 1249 99 3 11 15 1 0 5 593 0 1 0 0 0 0 0 0 0 0 0 0 3 0 0 0 1 0 0 0 0 0 0 0 0 21 62 0 0 0 1 0 0 1
0 0 0 1737 4 49 4 15 65 954 2 1285 11 9 17 0 0 0 0 0 0 0 0 66 0 0 0 564 11 0 0 1 0 10 0 0 0 37 0 9 0 0 19 26 0 24 0 0 5 0 0 0 0 37 0 0 0 98 0 0 0 36 0 0 0 0 0 0
1 3 43 0 0 0 29 9 0 0 1 0 1 17 23 454 17 0 5 0 0 35 5447 14 0 5 12 1032 16 3263 0 2 21 1309 1 0 0 0 0 0 0 0 1 0 0 0 0 0 0 65 0 0 0 0 78 11 21 144 0 0 2 54 5 31 0 0 1 7
0 488 1 0 11 0 0 2 576 0 0 0 12 0 3 821 0 0 0 0 35 0 22 1161 141 1 1001 49 0 0 0 0 0 0 0 1 2 0 1 0 0 0 44 0 0 0 1 0 1 30 0 0 0 0 4 143 7 68 1 1 27 4 0 1 0 0 0 0
21 1 2582 0 0 13 319 144 0 4 1 0 2 146 17 932 1694 0 8 0 5447 22 0 33 0 247 1769 378 45 558 0 1 13 1470 0 0 74 0 0 0 0 0 0 0 0 0 0 0 2 449 0 0 0 0 33 33 644 66 0 1 344 26 0 5 0 0 0 2
0 124 0 242 40 23 125 5 2435 67 13 312 15 0 98 633 2 0 2 66 14 1161 33 0 192 0 242 2736 6 1 0 0 4 16 0 6 0 75 4 6 7 0 126 57 0 34 0 0 13 38 0 0 0 35 24 34 9 956 3 0 1 545 5 9 0 0 0 31
0 477 0 1 0 0 0 0 101 0 19 1 1264 0 0 10 0 0 0 0 0 141 0 192 0 4 918 0 4 0 7 3 0 1 0 57 0 0 3 0 0 0 0 0 99 1 241 1 0 0 2 0 0 0 0 1 0 0 172 28 234 0 22 0 27 9 0 19
8 6 2299 0 0 12 22 35 5 0 923 2 92 38 0 0 973 596 1249 0 5 1 247 0 4 0 2907 4 24 17 132 0 2 178 0 28 12 0 0 0 0 0 0 0 8 0 104 0 0 0 20 4 9 0 0 0 0 0 8 447 745 0 0 0 49 0 0 12
2 2152 2024 0 0 0 4 3 120 0 15 0 778 3 3 966 392 6 99 0 12 1001 1769 242 918 2907 0 67 22 6 195 0 2 604 0 186 375 0 0 0 0 0 0 0 7 0 105 0 1 224 67 2 5 0 1 134 195 13 26 495 3720 6 0 0 46 0 0 42
3 8 34 2205 12 77 5845 23 236 1096 13 264 47 24 167 204 4 0 3 564 1032 49 378 2736 0 4 67 0 111 1860 0 3 20 264 1 0 1 83 0 11 14 0 59 4 0 30 0 0 12 12 0 0 0 59 50 3 9 849 0 0 5 544 6 14 0 0 0 25
1245 1 30 6 2 38 258 31 4 97 152 90 58 1615 9 0 98 8 11 11 16 0 45 6 4 24 22 111 0 1546 2 291 840 935 0 0 0 0 2 0 0 0 3 0 1 0 1 2 1 0 0 0 0 0 0 0 0 10 1 0 0 8 4 0 0 0 0 2
358 1 53 0 0 0 2267 94 0 2 13 0 3 596 7 0 120 5 15 0 3263 0 558 1 0 17 6 1860 1546 0 0 1 274 638 0 0 0 0 0 0 0 0 0 0 0 0 0 0 0 9 0 0 0 0 12 0 3 20 0 0 0 19 1 9 0 0 0 0
0 0 0 0 0 0 0 0 0 0 19 0 253 0 0 0 0 0 1 0 0 0 0 0 7 132 195 0 2 0 0 0 0 1 0 0 0 0 0 0 0 0 0 0 1 0 26 0 0 0 0 0 0 0 0 0 0 0 1 21 28 0 0 0 15 0 0 0
0 0 0 1 139 52 1 1 0 0 195 13 286 52 9 0 0 0 0 1 2 0 1 0 3 0 0 3 291 1 0 0 0 286 0 0 0 0 0 1 0 0 0 0 4 0 0 1 0 0 0 0 0 0 0 0 0 0 0 0 0 0 0 0 0 0 0 2
12 1 0 0 0 2 36 0 0 0 6 0 0 3 1 0 7 0 5 0 21 0 13 4 0 2 2 20 840 274 0 0 0 261 0 0 0 0 0 0 0 0 0 0 0 0 0 0 0 0 0 0 0 0 0 0 0 2 0 0 0 3 0 0 0 0 0 0
5 12 116 7 170 44 116 11 7 167 900 104 416 34 8 0 1155 51 593 10 1309 0 1470 16 1 178 604 264 935 638 1 286 261 0 0 10 14 0 0 0 0 0 0 0 0 0 1 1 1 5 6 0 0 0 8 3 11 24 2 21 139 47 0 1 0 0 1 3
0 0 0 0 0 0 0 0 0 0 0 0 0 0 0 0 0 0 0 0 1 0 0 0 0 0 0 1 0 0 0 0 0 0 0 0 5 1 0 2 731 26 0 17 11 4 0 1496 1 0 5 8 1 1 2 0 3 4 0 7 0 28 748 250 2 0 2 33
0 109 4 0 0 0 0 0 1 0 3 0 7 0 0 1 8 0 1 0 0 1 0 6 57 28 186 0 0 0 0 0 0 10 0 0 0 0 1 0 0 0 147 0 4 0 60 0 8 24 0 0 0 0 3 506 1 255 626 4 2810 4 0 1 0 1 0 0
0 3 131 0 0 0 0 0 0 0 0 0 0 0 0 3 16 0 0 0 0 2 74 0 0 12 375 1 0 0 0 0 0 14 5 0 0 0 0 3 213 94 1 0 0 0 0 53 0 0 397 0 3 0 146 0 2213 0 0 1762 2387 61 2 31 0 0 0 19
0 0 0 76 0 2 0 0 18 0 0 27 2 0 8 0 0 0 0 37 0 0 0 75 0 0 0 83 0 0 0 0 0 0 1 0 0 0 1 28 8 8 63 934 0 280 0 8 8 0 0 0 0 2091 0 0 0 486 0 0 0 1053 37 0 0 0 0 47
0 0 0 1 0 2 0 0 1 0 1 0 4 0 4 0 0 0 0 0 0 1 0 4 3 0 0 0 2 0 0 0 0 0 0 1 0 1 0 182 0 22 133 2 96 16 24 0 775 0 0 0 0 3 3 7 2 46 3 1 0 15 0 0 0 164 0 190
0 0 0 5 4 15 2 1 4 6 0 68 9 0 5 0 0 0 0 9 0 0 0 6 0 0 0 11 0 0 0 1 0 0 2 0 3 28 182 0 116 1589 108 1986 18 2080 1 59 1195 0 0 5 2 36 0 0 2 65 0 0 1 148 38 1 0 27 0 29
0 0 0 0 0 3 2 0 1 1 0 4 2 0 0 0 0 0 0 0 0 0 0 7 0 0 0 14 0 0 0 0 0 0 731 0 213 8 0 116 0 748 13 1913 48 4 0 3008 14 0 101 0 14 1 93 1 196 42 0 88 44 5006 137 1238 0 0 4 77
0 0 0 0 0 3 0 1 2 0 0 1 3 0 1 0 0 0 0 0 0 0 0 0 0 0 0 0 0 0 0 0 0 0 26 0 94 8 22 1589 748 0 18 993 4 133 0 1766 56 0 8 1 0 14 4 0 37 11 0 27 1 99 17 29 0 61 0 126
0 1 0 10 1 7 6 3 203 22 0 17 8 0 1 0 1 0 0 19 1 44 0 126 0 0 0 59 3 0 0 0 0 0 0 147 1 63 133 108 13 18 0 41 17 327 48 46 245 1 0 4 8 106 1 469 0 1880 104 2 86 146 15 0 0 4 0 24
0 0 0 1 0 3 1 0 17 0 0 30 2 0 11 0 0 0 0 26 0 0 0 57 0 0 0 4 0 0 0 0 0 0 17 0 0 934 2 1986 1913 993 41 0 17 1284 0 221 25 0 0 0 0 1062 0 0 0 113 0 0 1 1139 164 2 0 0 0 242
0 0 0 0 0 0 0 0 0 0 79 0 73 0 0 0 0 1 0 0 0 0 0 0 99 8 7 0 1 0 1 4 0 0 11 4 0 0 96 18 48 4 17 17 0 64 506 35 4 0 6 1564 344 10 2 1 1 8 79 524 2 36 485 9 38 222 1 1079
0 0 0 59 1 36 0 0 18 47 0 326 9 0 31 0 0 0 0 24 0 0 0 34 1 0 0 30 0 0 0 0 0 0 4 0 0 280 16 2080 4 133 327 1284 64 0 3 104 472 0 0 18 3 2132 0 0 0 495 0 5 0 241 102 0 0 2 0 123
0 7 0 0 0 2 0 0 0 0 108 1 637 0 0 0 0 2 3 0 0 1 0 0 241 104 105 0 1 0 26 0 0 1 0 60 0 0 24 1 0 0 48 0 506 3 0 2 12 0 0 0 0 0 0 29 1 10 566 79 929 2 41 0 501 42 0 81
0 0 0 0 0 8 0 1 0 0 1 1 16 1 0 0 0 0 0 0 0 0 0 0 1 0 0 0 2 0 0 1 0 1 1496 0 53 8 0 59 3008 1766 46 221 35 104 2 0 45 0 15 28 6 16 9 1 22 15 0 32 3 60 1646 413 0 0 0 174
0 0 0 4 2 4 4 0 2 8 0 26 14 0 2 0 0 0 0 5 0 1 2 13 0 0 1 12 1 0 0 0 0 1 1 8 0 8 775 1195 14 56 245 25 4 472 12 45 0 2 0 6 3 9 72 9 21 141 1 0 0 119 10 4 0 3 0 15
0 2 0 0 0 0 0 0 0 0 0 0 0 0 0 367 0 0 0 0 65 30 449 38 0 0 224 12 0 9 0 0 0 5 0 24 0 0 0 0 0 0 1 0 0 0 0 0 2 0 0 0 0 0 500 961 935 707 0 3 595 324 0 0 0 0 0 1
0 0 11 0 0 0 0 0 0 0 0 0 0 0 0 0 9 0 1 0 0 0 0 0 2 20 67 0 0 0 0 0 0 6 5 0 397 0 0 0 101 8 0 0 6 0 0 15 0 0 0 11 1369 0 38 0 1249 0 0 994 137 12 3 122 0 0 0 942
0 0 0 0 0 0 0 0 0 0 0 0 0 0 0 0 0 0 0 0 0 0 0 0 0 4 2 0 0 0 0 0 0 0 8 0 0 0 0 5 0 1 4 0 1564 18 0 28 6 0 11 0 523 1 0 0 0 0 0 484 0 0 31 4 0 18 0 156
0 1 2 0 0 0 0 0 1 0 0 0 1 0 0 0 0 0 0 0 0 0 0 0 0 9 5 0 0 0 0 0 0 0 1 0 3 0 0 2 14 0 8 0 344 3 0 6 3 0 1369 523 0 1 2 0 18 3 0 998 12 6 10 32 0 2 2 953
0 0 0 23 0 3 1 0 11 18 0 53 5 0 5 0 0 0 0 37 0 0 0 35 0 0 0 59 0 0 0 0 0 0 1 0 0 2091 3 36 1 14 106 1062 10 2132 0 16 9 0 0 1 1 0 0 0 0 342 0 0 0 246 17 0 0 0 2 24
0 0 2 0 0 1 1 0 0 0 0 0 0 0 0 42 0 0 0 0 78 4 33 24 0 0 1 50 0 12 0 0 0 8 2 3 146 0 3 0 93 4 1 0 2 0 0 9 72 500 38 0 2 0 0 11 5485 42 0 19 24 1724 17 1904 0 0 10 952
0 9 0 0 0 0 0 0 4 1 0 0 4 0 0 66 1 0 0 0 11 143 33 34 1 0 134 3 0 0 0 0 0 3 0 506 0 0 7 0 1 0 469 0 1 0 29 1 9 961 0 0 0 0 11 0 68 1042 32 1 1167 30 0 1 0 0 0 3
0 0 14 0 0 0 0 0 1 0 0 0 0 0 0 206 3 0 0 0 21 7 644 9 0 0 195 9 0 3 0 0 0 11 3 1 2213 0 2 2 196 37 0 0 1 0 1 22 21 935 1249 0 18 0 5485 68 0 13 0 189 1087 257 2 293 0 0 6 974
1 0 1 58 0 85 41 3 128 241 0 48 12 0 9 97 0 0 0 98 144 68 66 956 0 0 13 849 10 20 0 0 2 24 4 255 0 486 46 65 42 11 1880 113 8 495 10 15 141 707 0 0 3 342 42 1042 13 0 35 2 191 2644 34 0 0 1 2 43
0 0 0 0 0 0 0 0 0 0 10 0 132 0 0 0 0 0 0 0 0 1 0 3 172 8 26 0 1 0 1 0 0 2 0 626 0 0 3 0 0 0 104 0 79 0 566 0 1 0 0 0 0 0 0 32 0 35 0 9 787 0 4 0 2 4 0 2
0 26 23 0 0 0 0 0 0 0 13 0 58 0 0 0 20 6 21 0 0 1 1 0 28 447 495 0 0 0 21 0 0 21 7 4 1762 0 1 0 88 27 2 0 524 5 79 32 0 3 994 484 998 0 19 1 189 2 9 0 2610 9 13 26 265 8 1 167
0 153 239 0 0 0 0 0 1 0 17 0 222 0 0 47 105 4 62 0 2 27 344 1 234 745 3720 5 0 0 28 0 0 139 0 2810 2387 0 0 1 44 1 86 1 2 0 929 3 0 595 137 0 12 0 24 1167 1087 191 787 2610 0 92 3 8 259 0 1 209
0 0 0 9 0 137 63 4 64 23 0 36 31 0 7 38 0 0 0 36 54 4 26 545 0 0 6 544 8 19 0 0 3 47 28 4 61 1053 15 148 5006 99 146 1139 36 241 2 60 119 324 12 0 6 246 1724 30 257 2644 0 9 92 0 410 1151 0 0 50 478
0 0 0 0 0 2 0 0 0 0 16 1 14 0 0 0 0 0 0 0 5 0 0 5 22 0 0 6 4 1 0 0 0 0 748 0 2 37 0 38 137 17 15 164 485 102 41 1646 10 0 3 31 10 17 17 0 2 34 4 13 3 410 0 945 2 80 941 1519
0 0 2 0 0 0 0 0 0 0 0 0 0 0 0 12 0 0 0 0 31 1 5 9 0 0 0 14 0 9 0 0 0 1 250 1 31 0 0 1 1238 29 0 2 9 0 0 413 4 0 122 4 32 0 1904 1 293 0 0 26 8 1151 945 0 0 0 128 980
0 2 0 0 0 0 0 0 0 0 20 0 79 0 0 0 0 2 1 0 0 0 0 0 27 49 46 0 0 0 15 0 0 0 2 0 0 0 0 0 0 0 0 0 38 0 501 0 0 0 0 0 0 0 0 0 0 0 2 265 259 0 2 0 0 2 0 7
0 0 0 0 0 0 0 0 0 0 12 0 7 0 0 0 0 0 0 0 0 0 0 0 9 0 0 0 0 0 0 0 0 0 0 1 0 0 164 27 0 61 4 0 222 2 42 0 3 0 0 18 2 0 0 0 0 1 4 8 0 0 80 0 2 0 0 578
0 0 0 0 0 0 0 0 0 0 0 0 0 0 0 0 0 0 0 0 1 0 0 0 0 0 0 0 0 0 0 0 0 1 2 0 0 0 0 0 4 0 0 0 1 0 0 0 0 0 0 0 2 2 10 0 6 2 0 1 1 50 941 128 0 0 0 129
0 2 5 0 0 8 4 0 5 0 7 2 35 0 0 1 3 0 1 0 7 0 2 31 19 12 42 25 2 0 0 2 0 3 33 0 19 47 190 29 77 126 24 242 1079 123 81 174 15 1 942 156 953 24 952 3 974 43 2 167 209 478 1519 980 7 578 129 0
