0 2 22 1 0 5 333 231 5 29 18 6 1 1217 1 0 152 5 10 0 6 0 75 4 0 51 9 6 1262 620 0 0 6 54 0 0 0 0 0 0 0 0 0 0 0 0 0 0 0 3 0 0 0 0 1 1 0 11 2 0 0 5 0 0 0 0 0 2
2 0 1 0 0 0 1 0 16 0 4 0 75 0 3 4 0 0 2 0 0 223 1 100 531 25 1953 3 5 1 0 0 0 12 0 182 2 0 0 0 0 0 1 0 1 0 38 0 0 0 3 0 0 0 0 60 0 15 12 7 168 0 0 0 1 0 0 3
22 1 0 0 0 5 575 203 0 14 0 0 0 66 0 1 999 0 2 0 57 2 3436 2 0 1181 4434 149 2 65 0 0 0 20 1 21 222 0 0 0 3 0 0 0 0 0 0 0 0 2 43 0 1 0 0 13 54 0 0 39 334 0 0 1 0 0 0 8
1 0 0 0 10 68 31 15 148 1186 0 1245 1 4 82 0 0 0 0 2735 0 4 0 1086 0 0 2 1808 9 0 0 0 0 42 0 1 0 57 0 5 1 0 45 2 0 75 1 0 5 0 0 0 0 63 0 2 0 126 0 0 1 11 0 0 0 0 0 0
0 0 0 10 0 142 5 4 48 9 15 51 25 3 640 0 0 0 0 5 5 1 1 44 0 0 0 22 0 1 0 124 0 465 0 0 0 0 3 6 0 1 4 2 0 10 0 0 9 0 0 0 0 1 0 0 0 0 0 0 0 0 0 0 0 0 0 1
5 0 5 68 142 0 101 2209 77 1600 11 3664 27 23 776 0 2 0 1 49 0 0 1 32 0 3 1 67 39 1 0 38 0 29 1 0 0 2 5 33 2 4 12 12 0 151 4 4 13 0 0 0 0 35 0 0 0 75 0 0 0 68 4 0 0 2 0 9
333 1 575 31 5 101 0 979 31 2371 13 12 14 2186 40 2 120 0 2 6 75 2 339 209 0 30 86 5926 212 1363 0 0 13 124 1 1 0 2 0 5 1 0 16 1 0 12 1 0 5 4 0 0 0 7 1 2 0 58 0 0 1 25 1 0 0 0 0 10
231 0 203 15 4 2209 979 0 25 1027 5 154 17 2230 17 0 174 3 4 11 7 1 72 38 0 67 7 84 26 96 0 60 1 42 0 0 0 6 0 9 3 3 17 7 0 26 2 3 7 0 0 0 0 13 0 1 0 72 0 0 0 28 2 0 0 1 0 10
5 16 0 148 48 77 31 25 0 117 10 386 12 9 227 1 1 0 0 113 0 429 4 2124 43 13 102 128 21 1 0 6 4 27 1 1 0 23 1 9 2 2 237 24 1 45 4 0 4 16 0 0 0 37 5 7 0 95 0 0 0 54 9 1 0 0 2 1
29 0 14 1186 9 1600 2371 1027 117 0 19 1855 26 131 46 0 1 0 0 757 0 0 3 69 0 4 0 1399 222 2 0 0 0 146 2 0 0 24 0 42 5 0 103 13 0 322 7 0 15 0 0 0 0 156 0 1 0 296 0 0 0 21 0 0 0 0 0 2
18 4 0 0 15 11 13 5 10 19 0 38 417 23 2 0 44 1088 71 0 0 4 0 0 15 884 37 5 197 1 14 142 0 1198 0 3 0 0 1 0 0 0 0 0 18 0 129 0 0 0 0 2 0 0 0 0 0 0 11 23 34 0 2 0 3 4 0 4
6 0 0 1245 51 3664 12 154 386 1855 38 0 56 47 962 0 0 2 0 2008 0 0 0 282 0 2 0 111 89 0 0 1 0 118 0 0 0 56 3 65 2 4 56 55 0 697 6 2 36 0 0 0 0 113 0 1 0 135 0 0 0 21 0 0 0 0 1 8
1 75 0 1 25 27 14 17 12 26 417 56 0 13 13 0 0 3 1 5 1 57 1 10 776 85 579 8 24 3 182 60 0 633 0 21 0 0 1 8 4 5 9 11 91 23 792 1 4 0 0 0 0 11 0 2 0 4 119 22 72 5 8 0 11 25 0 40
1217 0 66 4 3 23 2186 2230 9 131 23 47 13 0 4 0 199 4 7 2 6 1 107 7 0 40 8 28 1180 420 0 240 1 73 0 0 0 0 0 0 0 0 1 0 0 0 0 1 0 0 0 0 0 0 0 1 0 1 2 0 1 1 2 0 0 0 0 2
1 3 0 82 640 776 40 17 227 46 2 962 13 4 0 0 0 0 0 49 19 9 2 248 0 1 8 58 17 2 0 3 1 15 1 0 0 2 3 22 1 3 14 9 0 48 2 0 10 0 0 0 0 19 0 1 0 21 0 0 0 4 0 0 0 0 1 2
0 4 1 0 0 0 2 0 1 0 0 0 0 0 0 0 2 0 0 0 723 1020 846 688 0 0 584 200 0 2 0 0 0 16 0 1 0 0 0 0 0 0 0 0 0 0 0 0 0 972 0 0 0 0 37 175 256 64 0 0 205 22 8 7 0 0 0 3
152 0 999 0 0 2 120 174 1 1 44 0 0 199 0 2 0 136 1107 0 9 2 1163 1 0 1385 547 14 163 145 0 0 0 1439 0 3 54 0 0 0 0 0 0 0 0 0 0 0 0 1 12 0 0 0 0 4 6 0 0 14 85 0 0 0 0 0 0 0
5 0 0 0 0 0 0 3 0 0 1088 2 3 4 0 0 136 0 888 0 0 0 0 0 1 725 14 0 49 0 1 2 1 255 0 0 0 0 0 0 0 0 0 0 0 0 4 0 0 0 0 0 0 0 0 0 0 0 1 7 7 0 0 0 0 0 0 0
10 2 2 0 0 1 2 4 0 0 71 0 1 7 0 0 1107 888 0 0 3 0 3 2 1 1836 124 1 46 4 4 1 1 386 0 5 1 0 0 0 0 0 0 0 0 0 9 0 0 0 0 0 1 0 0 0 0 0 6 21 52 0 0 0 0 0 0 0
0 0 0 2735 5 49 6 11 113 757 0 2008 5 2 49 0 0 0 0 0 0 0 0 207 0 0 0 221 11 0 0 2 0 16 0 0 0 33 0 23 0 0 26 43 0 85 1 0 9 0 0 0 0 153 0 0 0 36 0 0 0 18 0 0 0 0 0 0
6 0 57 0 5 0 75 7 0 0 0 0 1 6 19 723 9 0 3 0 0 29 6807 7 0 2 85 2127 47 2706 0 0 31 1417 0 0 0 0 0 0 0 0 3 0 0 0 1 0 0 108 0 0 0 0 23 18 8 65 0 0 1 25 8 15 0 0 3 10
0 223 2 4 1 0 2 1 429 0 4 0 57 1 9 1020 2 0 0 0 29 0 13 1069 103 11 659 27 2 2 1 1 0 5 1 5 1 0 0 0 1 0 20 0 3 0 17 0 0 60 0 0 0 0 6 247 4 38 2 2 32 7 0 2 1 0 0 1
75 1 3436 0 1 1 339 72 4 3 0 0 1 107 2 846 1163 0 3 0 6807 13 0 22 0 33 1887 343 92 663 0 0 4 1876 1 1 15 0 0 0 0 0 0 0 0 0 0 0 0 766 2 0 0 0 47 50 311 28 0 0 220 10 3 10 0 0 1 8
4 100 2 1086 44 32 209 38 2124 69 0 282 10 7 248 688 1 0 2 207 7 1069 22 0 101 16 496 1981 22 5 0 0 3 36 0 8 0 26 0 19 17 2 157 37 0 32 0 0 13 65 0 0 0 36 15 42 2 723 0 0 8 193 14 7 0 0 2 60
0 531 0 0 0 0 0 0 43 0 15 0 776 0 0 0 0 1 1 0 0 103 0 101 0 36 1271 0 5 0 1 0 0 5 0 36 0 0 1 0 0 0 1 0 15 0 169 0 0 0 0 0 0 0 0 4 0 1 262 9 76 0 6 0 1 10 0 9
51 25 1181 0 0 3 30 67 13 4 884 2 85 40 1 0 1385 725 1836 0 2 11 33 16 36 0 3101 4 89 8 183 2 0 250 0 31 91 0 0 0 0 0 0 0 7 0 355 0 0 0 26 5 19 0 0 0 1 0 74 693 1068 0 0 0 56 0 0 6
9 1953 4434 2 0 1 86 7 102 0 37 0 579 8 8 584 547 14 124 0 85 659 1887 496 1271 3101 0 341 49 5 230 0 2 669 0 443 368 0 0 0 1 0 13 0 6 0 225 0 0 82 49 0 17 0 1 226 205 33 114 500 4152 0 0 1 18 0 0 14
6 3 149 1808 22 67 5926 84 128 1399 5 111 8 28 58 200 14 0 1 221 2127 27 343 1981 0 4 341 0 70 1433 0 1 2 260 2 0 0 13 0 15 7 2 98 7 0 71 0 0 8 42 0 0 0 48 13 4 2 370 0 0 1 156 10 4 0 0 5 43
1262 5 2 9 0 39 212 26 21 222 197 89 24 1180 17 0 163 49 46 11 47 2 92 22 5 89 49 70 0 1262 1 10 1097 913 0 0 0 0 0 2 0 1 19 0 0 5 1 1 1 6 0 0 0 0 2 3 0 34 5 1 3 28 9 2 0 1 0 9
620 1 65 0 1 1 1363 96 1 2 1 0 3 420 2 2 145 0 4 0 2706 2 663 5 0 8 5 1433 1262 0 0 0 311 975 1 0 0 0 0 0 0 0 7 0 0 0 0 0 0 14 0 0 0 0 18 3 2 66 0 0 0 54 12 13 0 0 1 13
0 0 0 0 0 0 0 0 0 0 14 0 182 0 0 0 0 1 4 0 0 1 0 0 1 183 230 0 1 0 0 0 0 1 0 1 0 0 0 0 0 0 0 0 0 0 68 0 0 0 0 0 0 0 0 0 0 0 4 9 18 0 0 0 2 0 0 0
0 0 0 0 124 38 0 60 6 0 142 1 60 240 3 0 0 2 1 2 0 1 0 0 0 2 0 1 10 0 0 0 0 350 0 0 0 0 0 0 0 0 0 0 0 0 1 0 0 0 0 0 0 0 0 0 0 0 0 0 0 0 0 0 0 0 0 0
6 0 0 0 0 0 13 1 4 0 0 0 0 1 1 0 0 1 1 0 31 0 4 3 0 0 2 2 1097 311 0 0 0 221 0 0 0 0 0 0 0 0 1 0 0 0 0 0 0 1 0 0 0 0 1 0 0 7 0 0 0 3 1 0 0 0 0 0
54 12 20 42 465 29 124 42 27 146 1198 118 633 73 15 16 1439 255 386 16 1417 5 1876 36 5 250 669 260 913 975 1 350 221 0 2 16 17 0 0 3 0 2 11 0 1 9 19 1 1 32 3 0 0 0 21 4 25 75 14 36 238 74 26 13 3 1 1 12
0 0 1 0 0 1 1 0 1 2 0 0 0 0 1 0 0 0 0 0 0 1 1 0 0 0 0 2 0 1 0 0 0 2 0 0 3 4 0 9 455 73 1 27 4 11 1 1613 0 0 15 0 19 0 1 0 2 7 0 11 2 13 643 552 0 0 1 12
0 182 21 1 0 0 1 0 1 0 3 0 21 0 0 1 3 0 5 0 0 5 1 8 36 31 443 0 0 0 1 0 0 16 0 0 8 0 0 0 2 1 42 0 0 0 84 0 2 2 1 0 1 0 0 335 0 158 641 11 1602 2 0 0 1 1 0 4
0 2 222 0 0 0 0 0 0 0 0 0 0 0 0 0 54 0 1 0 0 1 15 0 0 91 368 0 0 0 0 0 0 17 3 8 0 0 0 7 313 81 1 10 0 0 0 14 0 1 588 0 15 0 34 3 1275 0 0 1869 4083 100 2 5 0 0 0 5
0 0 0 57 0 2 2 6 23 24 0 56 0 0 2 0 0 0 0 33 0 0 0 26 0 0 0 13 0 0 0 0 0 0 4 0 0 0 8 21 5 2 70 1467 1 795 0 1 19 0 0 0 0 2566 0 1 0 1046 0 0 0 1648 3 0 0 0 0 14
0 0 0 0 3 5 0 0 1 0 1 3 1 0 3 0 0 0 0 0 0 0 0 0 1 0 0 0 0 0 0 0 0 0 0 0 0 8 0 243 3 10 110 1 11 39 35 0 869 0 0 0 0 3 0 2 0 41 2 0 0 9 1 0 0 47 0 295
0 0 0 5 6 33 5 9 9 42 0 65 8 0 22 0 0 0 0 23 0 0 0 19 0 0 0 15 2 0 0 0 0 3 9 0 7 21 243 0 90 3368 128 2207 13 3996 7 21 982 0 0 1 1 79 0 0 3 40 0 1 0 179 30 8 0 13 0 109
0 0 3 1 0 2 1 3 2 5 0 2 4 0 1 0 0 0 0 0 0 1 0 17 0 0 1 7 0 0 0 0 0 0 455 2 313 5 3 90 0 824 22 1412 20 25 3 2283 11 1 192 0 63 1 44 1 334 118 0 51 20 3848 158 1631 0 0 10 99
0 0 0 0 1 4 0 3 2 0 0 4 5 0 3 0 0 0 0 0 0 0 0 2 0 0 0 2 1 0 0 0 0 2 73 1 81 2 10 3368 824 0 11 685 10 484 7 2393 24 1 39 0 1 18 2 3 18 9 0 12 3 45 107 98 0 243 1 54
0 1 0 45 4 12 16 17 237 103 0 56 9 1 14 0 0 0 0 26 3 20 0 157 1 0 13 98 19 7 0 0 1 11 1 42 1 70 110 128 22 11 0 57 17 350 13 10 354 8 0 1 6 101 0 394 0 2074 42 2 92 74 23 0 0 1 2 36
0 0 0 2 2 12 1 7 24 13 0 55 11 0 9 0 0 0 0 43 0 0 0 37 0 0 0 7 0 0 0 0 0 0 27 0 10 1467 1 2207 1412 685 57 0 24 1663 4 437 16 0 3 1 2 1731 0 0 0 49 0 1 0 2281 241 1 0 0 7 138
0 1 0 0 0 0 0 0 1 0 18 0 91 0 0 0 0 0 0 0 0 3 0 0 15 7 6 0 0 0 0 0 0 1 4 0 0 1 11 13 20 10 17 24 0 22 537 28 3 0 5 955 629 7 1 1 7 5 89 509 4 9 300 10 29 164 5 1186
0 0 0 75 10 151 12 26 45 322 0 697 23 0 48 0 0 0 0 85 0 0 0 32 0 0 0 71 5 0 0 0 0 9 11 0 0 795 39 3996 25 484 350 1663 22 0 15 119 843 0 0 2 4 2407 0 0 0 345 0 0 0 270 158 0 0 9 0 185
0 38 0 1 0 4 1 2 4 7 129 6 792 0 2 0 0 4 9 1 1 17 0 0 169 355 225 0 1 0 68 1 0 19 1 84 0 0 35 7 3 7 13 4 537 15 0 3 8 0 0 2 0 4 0 21 0 8 1450 308 883 4 61 0 672 156 0 272
0 0 0 0 0 4 0 3 0 0 0 2 1 1 0 0 0 0 0 0 0 0 0 0 0 0 0 0 1 0 0 0 0 1 1613 0 14 1 0 21 2283 2393 10 437 28 119 3 0 3 0 19 3 12 15 0 0 11 18 0 11 1 35 1669 364 0 11 4 66
0 0 0 5 9 13 5 7 4 15 0 36 4 0 10 0 0 0 0 9 0 0 0 13 0 0 0 8 1 0 0 0 0 1 0 2 0 19 869 982 11 24 354 16 3 843 8 3 0 5 0 0 0 24 8 15 4 181 0 0 6 46 8 2 0 12 3 35
3 0 2 0 0 0 4 0 16 0 0 0 0 0 0 972 1 0 0 0 108 60 766 65 0 0 82 42 6 14 0 0 1 32 0 2 1 0 0 0 1 1 8 0 0 0 0 0 5 0 1 0 0 0 1130 1532 1414 1063 0 0 719 406 3 3 0 0 0 17
0 3 43 0 0 0 0 0 0 0 0 0 0 0 0 0 12 0 0 0 0 0 2 0 0 26 49 0 0 0 0 0 0 3 15 1 588 0 0 0 192 39 0 3 5 0 0 19 0 1 0 0 1062 0 3 2 1067 0 0 737 356 37 20 135 0 0 1 916
0 0 0 0 0 0 0 0 0 0 2 0 0 0 0 0 0 0 0 0 0 0 0 0 0 5 0 0 0 0 0 0 0 0 0 0 0 0 0 1 0 0 1 1 955 2 2 3 0 0 0 0 341 0 0 0 3 1 0 681 3 0 7 0 1 5 0 84
0 0 1 0 0 0 0 0 0 0 0 0 0 0 0 0 0 0 1 0 0 0 0 0 0 19 17 0 0 0 0 0 0 0 19 1 15 0 0 1 63 1 6 2 629 4 0 12 0 0 1062 341 0 0 13 2 55 1 0 655 45 13 36 140 0 1 5 1165
0 0 0 63 1 35 7 13 37 156 0 113 11 0 19 0 0 0 0 153 0 0 0 36 0 0 0 48 0 0 0 0 0 0 0 0 0 2566 3 79 1 18 101 1731 7 2407 4 15 24 0 0 0 0 0 0 0 0 150 0 0 0 336 26 0 0 1 0 28
1 0 0 0 0 0 1 0 5 0 0 0 0 0 0 37 0 0 0 0 23 6 47 15 0 0 1 13 2 18 0 0 1 21 1 0 34 0 0 0 44 2 0 0 1 0 0 0 8 1130 3 0 13 0 0 4 5750 32 0 0 112 2176 26 1780 0 0 8 1080
1 60 13 2 0 0 2 1 7 1 0 1 2 1 1 175 4 0 0 0 18 247 50 42 4 0 226 4 3 3 0 0 0 4 0 335 3 1 2 0 1 3 394 0 1 0 21 0 15 1532 2 0 2 0 4 0 15 1337 66 5 1451 79 1 2 0 0 0 11
0 0 54 0 0 0 0 0 0 0 0 0 0 0 0 256 6 0 0 0 8 4 311 2 0 1 205 2 0 2 0 0 0 25 2 0 1275 0 0 3 334 18 0 0 7 0 0 11 4 1414 1067 3 55 0 5750 15 0 22 0 168 1922 506 36 373 0 0 15 966
11 15 0 126 0 75 58 72 95 296 0 135 4 1 21 64 0 0 0 36 65 38 28 723 1 0 33 370 34 66 0 0 7 75 7 158 0 1046 41 40 118 9 2074 49 5 345 8 18 181 1063 0 1 1 150 32 1337 22 0 60 1 464 2175 68 5 0 1 2 72
2 12 0 0 0 0 0 0 0 0 11 0 119 2 0 0 0 1 6 0 0 2 0 0 262 74 114 0 5 0 4 0 0 14 0 641 0 0 2 0 0 0 42 0 89 0 1450 0 0 0 0 0 0 0 0 66 0 60 0 8 1090 0 4 0 1 19 0 17
0 7 39 0 0 0 0 0 0 0 23 0 22 0 0 0 14 7 21 0 0 2 0 0 9 693 500 0 1 0 9 0 0 36 11 11 1869 0 0 1 51 12 2 1 509 0 308 11 0 0 737 681 655 0 0 5 168 1 8 0 2225 1 7 5 142 2 0 36
0 168 334 1 0 0 1 0 0 0 34 0 72 1 0 205 85 7 52 0 1 32 220 8 76 1068 4152 1 3 0 18 0 0 238 2 1602 4083 0 0 0 20 3 92 0 4 0 883 1 6 719 356 3 45 0 112 1451 1922 464 1090 2225 0 272 2 9 269 0 0 225
5 0 0 11 0 68 25 28 54 21 0 21 5 1 4 22 0 0 0 18 25 7 10 193 0 0 0 156 28 54 0 0 3 74 13 2 100 1648 9 179 3848 45 74 2281 9 270 4 35 46 406 37 0 13 336 2176 79 506 2175 0 1 272 0 147 1260 0 0 22 485
0 0 0 0 0 4 1 2 9 0 2 0 8 2 0 8 0 0 0 0 8 0 3 14 6 0 0 10 9 12 0 0 1 26 643 0 2 3 1 30 158 107 23 241 300 158 61 1669 8 3 20 7 36 26 26 1 36 68 4 7 2 147 0 775 0 120 1510 1513
0 0 1 0 0 0 0 0 1 0 0 0 0 0 0 7 0 0 0 0 15 2 10 7 0 0 1 4 2 13 0 0 0 13 552 0 5 0 0 8 1631 98 0 1 10 0 0 364 2 3 135 0 140 0 1780 2 373 5 0 5 9 1260 775 0 0 0 84 623
0 1 0 0 0 0 0 0 0 0 3 0 11 0 0 0 0 0 0 0 0 1 0 0 1 56 18 0 0 0 2 0 0 3 0 1 0 0 0 0 0 0 0 0 29 0 672 0 0 0 0 1 0 0 0 0 0 0 1 142 269 0 0 0 0 0 0 1
0 0 0 0 0 2 0 1 0 0 4 0 25 0 0 0 0 0 0 0 0 0 0 0 10 0 0 0 1 0 0 0 0 1 0 1 0 0 47 13 0 243 1 0 164 9 156 11 12 0 0 5 1 1 0 0 0 1 19 2 0 0 120 0 0 0 0 647
0 0 0 0 0 0 0 0 2 0 0 1 0 0 1 0 0 0 0 0 3 0 1 2 0 0 0 5 0 1 0 0 0 1 1 0 0 0 0 0 10 1 2 7 5 0 0 4 3 0 1 0 5 0 8 0 15 2 0 0 0 22 1510 84 0 0 0 384
2 3 8 0 1 9 10 10 1 2 4 8 40 2 2 3 0 0 0 0 10 1 8 60 9 6 14 43 9 13 0 0 0 12 12 4 5 14 295 109 99 54 36 138 1186 185 272 66 35 17 916 84 1165 28 1080 11 966 72 17 36 225 485 1513 623 1 647 384 0
