0 0 1 0 0 2 286 20 0 5 0 0 0 1182 0 0 7 0 5 0 0 0 0 0 0 2 1 9 989 340 0 0 8 18 0 0 0 0 0 0 0 0 0 0 0 0 0 0 0 2 0 0 0 0 0 0 0 0 0 0 0 0 0 1 0 0 0 0
0 0 1 0 1 1 1 1 51 0 0 0 54 1 0 3 0 0 0 0 0 274 3 28 275 1 1676 2 0 2 1 1 0 3 0 234 7 0 0 0 0 0 7 0 1 0 16 0 0 1 1 0 1 0 0 82 0 6 14 25 268 0 0 0 12 0 0 3
1 1 0 0 0 0 70 35 0 3 4 0 0 16 1 0 1310 1 41 0 73 0 2974 1 0 2055 4089 39 8 18 0 0 1 100 0 14 166 0 0 0 0 0 0 0 5 0 4 0 0 1 19 3 1 0 0 2 12 0 0 75 403 0 0 0 1 0 0 6
0 0 0 0 12 28 1 5 86 560 1 822 2 1 64 0 0 0 0 1576 0 0 0 609 0 0 0 2370 3 0 0 3 0 7 0 0 0 411 2 1 0 0 13 4 0 52 0 0 7 0 0 0 0 89 0 0 0 41 0 0 0 90 0 0 0 0 0 0
0 1 0 12 0 788 2 3 132 16 29 141 97 0 681 0 0 0 0 22 3 1 3 53 0 0 2 38 1 0 0 127 0 434 0 0 0 0 1 1 0 0 0 1 0 4 0 0 0 0 0 0 0 1 0 0 0 2 0 0 0 0 0 0 0 0 0 1
2 1 0 28 788 0 173 1964 70 2328 19 3596 68 29 1157 0 1 4 7 65 0 0 1 32 0 6 0 202 45 1 0 62 1 34 0 0 0 2 0 18 0 2 2 1 0 45 0 1 2 1 0 0 0 7 0 0 0 7 0 0 0 2 0 1 0 1 0 1
286 1 70 1 2 173 0 687 6 2251 10 7 4 1714 24 1 44 0 8 0 291 0 171 22 0 25 32 5705 224 2733 0 4 14 118 0 0 0 0 0 2 0 0 4 6 0 5 2 0 0 0 0 0 0 5 0 0 1 7 0 0 0 17 0 0 0 0 0 1
20 1 35 5 3 1964 687 0 30 576 12 342 21 2253 12 0 131 1 16 19 22 0 47 7 0 15 1 43 56 168 0 38 2 82 0 0 0 0 0 5 0 4 1 0 1 1 1 4 1 0 0 0 0 0 0 0 0 8 0 0 0 8 0 0 0 3 0 3
0 51 0 86 132 70 6 30 0 68 8 453 132 19 155 1 0 1 1 91 0 362 0 1678 201 5 210 223 24 1 0 66 0 24 0 6 0 6 0 1 0 1 272 10 2 14 5 0 9 18 0 0 0 36 1 29 1 200 25 0 12 46 2 0 0 0 0 4
5 0 3 560 16 2328 2251 576 68 0 16 1623 94 499 44 0 0 0 10 734 1 0 0 43 1 3 0 2379 307 2 0 3 3 200 0 0 0 22 0 5 0 0 45 2 0 198 1 0 15 0 0 0 0 60 0 2 0 178 0 0 0 43 0 0 0 0 0 0
0 0 4 1 29 19 10 12 8 16 0 122 587 17 0 1 27 1786 897 10 1 0 0 3 49 687 21 5 103 2 44 233 1 1025 0 0 0 0 1 0 0 0 0 0 31 0 109 0 0 0 0 1 0 0 0 0 0 0 9 22 13 0 0 0 22 1 0 0
0 0 0 822 141 3596 7 342 453 1623 122 0 61 93 721 0 2 0 10 1790 0 1 0 195 0 0 0 182 155 0 0 23 0 120 0 0 0 7 2 139 0 5 3 29 3 569 0 0 23 0 0 0 0 36 0 0 0 18 0 0 0 10 2 0 0 0 0 6
0 54 0 2 97 68 4 21 132 94 587 61 0 18 12 1 0 1 7 15 4 43 3 40 1027 67 743 65 16 2 231 278 0 286 0 14 0 1 6 29 1 25 6 13 107 23 653 24 3 0 0 1 1 25 2 9 0 11 195 95 157 10 9 0 134 12 0 23
1182 1 16 1 0 29 1714 2253 19 499 17 93 18 0 3 0 125 2 23 9 14 0 53 0 2 23 5 11 1769 915 1 11 3 99 0 0 0 0 0 1 0 4 0 0 0 0 0 0 0 0 0 0 0 0 0 0 0 0 0 0 0 0 0 0 0 0 0 0
0 0 1 64 681 1157 24 12 155 44 0 721 12 3 0 5 1 0 1 57 39 6 31 164 1 1 25 179 5 6 0 19 1 22 0 0 0 6 4 9 0 1 4 27 1 32 0 0 3 2 0 0 0 73 2 1 0 37 0 0 2 11 1 0 0 0 0 0
0 3 0 0 0 0 1 0 1 0 1 0 1 0 5 0 1 0 0 0 664 1254 1264 1056 0 1 513 302 0 1 0 1 0 6 0 0 12 0 0 0 0 0 5 0 0 0 0 0 0 849 1 0 0 0 72 91 416 96 0 0 297 9 0 5 0 0 0 2
7 0 1310 0 0 1 44 131 0 0 27 2 0 125 1 1 0 13 1959 0 32 0 2413 0 0 460 232 9 44 217 0 1 2 1586 0 2 32 0 0 0 0 0 0 0 0 0 6 0 0 1 3 1 0 0 0 2 0 0 0 11 100 0 0 0 0 0 0 2
0 0 1 0 0 4 0 1 1 0 1786 0 1 2 0 0 13 0 695 0 0 0 0 0 0 470 0 0 21 2 0 7 1 41 0 1 0 0 0 0 0 0 0 0 0 0 1 0 0 0 0 0 0 0 0 0 0 0 0 1 4 0 0 0 0 0 0 0
5 0 41 0 0 7 8 16 1 10 897 10 7 23 1 0 1959 695 0 1 7 1 28 0 0 1607 86 0 52 51 0 1 3 960 0 3 2 0 0 0 0 0 1 0 2 0 2 0 0 0 0 0 1 0 0 0 0 0 1 16 19 0 0 0 2 0 0 0
0 0 0 1576 22 65 0 19 91 734 10 1790 15 9 57 0 0 0 1 0 0 0 0 131 0 0 0 567 35 0 0 0 0 29 0 0 0 18 0 6 0 0 8 38 0 57 0 0 11 0 0 0 0 89 0 0 0 30 0 0 0 50 0 0 0 0 0 0
0 0 73 0 3 0 291 22 0 1 1 0 4 14 39 664 32 0 7 0 0 3 7349 14 0 12 76 1354 68 2087 0 3 20 1458 0 1 1 0 0 0 0 0 1 0 0 0 0 0 0 79 1 0 0 0 40 13 40 64 0 0 4 1 0 14 0 0 0 0
0 274 0 0 1 0 0 0 362 0 0 1 43 0 6 1254 0 0 1 0 3 0 6 610 69 2 499 5 0 0 0 0 0 3 0 18 2 0 0 0 0 0 73 1 1 0 18 0 1 63 0 0 0 4 3 388 19 89 9 3 65 2 0 1 4 0 0 1
0 3 2974 0 3 1 171 47 0 0 0 0 3 53 31 1264 2413 0 28 0 7349 6 0 34 0 104 1501 461 14 456 0 1 0 1599 0 2 136 0 0 0 0 0 0 0 1 0 0 0 0 528 13 0 0 0 44 20 851 35 0 6 618 4 0 5 0 0 0 4
0 28 1 609 53 32 22 7 1678 43 3 195 40 0 164 1056 0 0 0 131 14 610 34 0 147 5 530 2454 15 5 0 5 3 40 1 12 1 97 1 5 0 1 211 98 0 55 1 1 6 107 0 0 0 116 41 78 23 1255 4 0 26 246 9 4 0 0 1 21
0 275 0 0 0 0 0 0 201 1 49 0 1027 2 1 0 0 0 0 0 0 69 0 147 0 7 1019 0 0 0 11 4 0 3 0 81 0 0 0 1 0 1 8 0 63 2 177 0 0 0 0 1 0 0 0 8 0 7 367 18 81 0 1 0 27 7 0 9
2 1 2055 0 0 6 25 15 5 3 687 0 67 23 1 1 460 470 1607 0 12 2 104 5 7 0 2752 6 59 20 260 17 1 293 0 31 10 0 0 0 0 0 0 0 39 0 152 0 0 0 1 3 5 0 0 0 0 0 20 508 606 0 0 0 61 2 0 2
1 1676 4089 0 2 0 32 1 210 0 21 0 743 5 25 513 232 0 86 0 76 499 1501 530 1019 2752 0 294 27 8 31 2 4 777 0 336 341 0 0 0 0 0 8 0 30 0 172 0 1 158 41 4 7 0 2 67 125 30 252 662 4915 4 0 0 70 1 0 47
9 2 39 2370 38 202 5705 43 223 2379 5 182 65 11 179 302 9 0 0 567 1354 5 461 2454 0 6 294 0 214 1111 0 19 42 516 0 2 1 68 3 13 0 3 73 20 0 141 2 1 19 37 0 0 0 163 35 14 24 513 1 0 18 203 6 13 0 0 0 15
989 0 8 3 1 45 224 56 24 307 103 155 16 1769 5 0 44 21 52 35 68 0 14 15 0 59 27 214 0 1595 1 163 1242 994 0 0 0 0 0 2 0 2 2 0 0 0 1 1 0 5 0 0 0 0 4 1 0 10 1 0 0 0 1 0 0 1 0 0
340 2 18 0 0 1 2733 168 1 2 2 0 2 915 6 1 217 2 51 0 2087 0 456 5 0 20 8 1111 1595 0 0 1 172 641 0 0 0 0 0 0 0 0 2 0 0 0 0 0 0 8 0 0 0 0 11 0 4 28 0 0 0 3 2 3 0 0 0 3
0 1 0 0 0 0 0 0 0 0 44 0 231 1 0 0 0 0 0 0 0 0 0 0 11 260 31 0 1 0 0 2 0 6 0 3 0 0 0 0 0 0 0 0 29 0 120 0 0 0 0 3 0 0 0 0 0 0 8 126 64 0 0 0 76 0 0 1
0 1 0 3 127 62 4 38 66 3 233 23 278 11 19 1 1 7 1 0 3 0 1 5 4 17 2 19 163 1 2 0 0 523 0 0 0 0 0 2 0 8 1 0 0 0 1 2 0 0 0 0 0 0 0 0 0 0 0 0 0 0 0 0 0 1 0 0
8 0 1 0 0 1 14 2 0 3 1 0 0 3 1 0 2 1 3 0 20 0 0 3 0 1 4 42 1242 172 0 0 0 493 0 0 0 0 0 0 0 0 1 0 0 0 0 0 0 0 0 0 0 0 0 0 0 2 0 0 0 1 0 0 0 0 0 0
18 3 100 7 434 34 118 82 24 200 1025 120 286 99 22 6 1586 41 960 29 1458 3 1599 40 3 293 777 516 994 641 6 523 493 0 0 3 7 0 0 1 0 1 1 0 0 0 7 2 0 8 3 0 1 0 17 1 15 68 3 24 96 11 2 2 0 0 0 1
0 0 0 0 0 0 0 0 0 0 0 0 0 0 0 0 0 0 0 0 0 0 0 1 0 0 0 0 0 0 0 0 0 0 0 0 0 0 0 0 245 6 0 1 0 1 0 756 0 0 1 0 2 0 2 0 1 1 0 0 0 9 1162 363 0 0 0 5
0 234 14 0 0 0 0 0 6 0 0 0 14 0 0 0 2 1 3 0 1 18 2 12 81 31 336 2 0 0 3 0 0 3 0 0 1 1 5 0 2 0 108 0 12 1 135 0 17 0 4 0 0 0 1 352 1 106 635 8 1444 1 0 1 0 7 0 8
0 7 166 0 0 0 0 0 0 0 0 0 0 0 0 12 32 0 2 0 1 2 136 1 0 10 341 1 0 0 0 0 0 7 0 1 0 0 0 0 240 30 0 1 0 0 0 13 0 2 909 0 23 0 62 2 3702 3 0 867 3415 47 4 4 0 0 0 37
0 0 0 411 0 2 0 0 6 22 0 7 1 0 6 0 0 0 0 18 0 0 0 97 0 0 0 68 0 0 0 0 0 0 0 1 0 0 23 19 0 18 58 1175 2 553 0 2 72 0 0 0 0 2022 0 0 0 743 0 0 0 1924 6 0 0 1 0 7
0 0 0 2 1 0 0 0 0 0 1 2 6 0 4 0 0 0 0 0 0 0 0 1 0 0 0 3 0 0 0 0 0 0 0 5 0 23 0 308 1 23 127 9 11 122 5 0 666 0 0 0 0 29 1 7 6 105 1 0 1 37 0 0 0 122 0 171
0 0 0 1 1 18 2 5 1 5 0 139 29 1 9 0 0 0 0 6 0 0 0 5 1 0 0 13 2 0 0 2 0 1 0 0 0 19 308 0 39 2218 77 3860 24 2897 4 43 895 0 0 0 0 77 0 1 0 73 0 2 1 164 34 0 0 7 0 40
0 0 0 0 0 0 0 0 0 0 0 0 1 0 0 0 0 0 0 0 0 0 0 0 0 0 0 0 0 0 0 0 0 0 245 2 240 0 1 39 0 991 1 1722 22 2 2 2170 17 8 195 1 31 0 351 0 440 13 0 77 11 3587 219 1558 0 1 15 139
0 0 0 0 0 2 0 4 1 0 0 5 25 4 1 0 0 0 0 0 0 0 0 1 1 0 0 3 2 0 0 8 0 1 6 0 30 18 23 2218 991 0 29 1432 18 313 0 2914 39 0 26 8 1 44 0 0 6 34 2 14 1 104 36 17 0 240 2 33
0 7 0 13 0 2 4 1 272 45 0 3 6 0 4 5 0 0 1 8 1 73 0 211 8 0 8 73 2 2 0 1 1 1 0 108 0 58 127 77 1 29 0 21 23 270 107 7 269 1 0 0 2 80 0 364 0 1681 120 2 173 113 12 0 0 4 0 15
0 0 0 4 1 1 6 0 10 2 0 29 13 0 27 0 0 0 0 38 0 1 0 98 0 0 0 20 0 0 0 0 0 0 1 0 1 1175 9 3860 1722 1432 21 0 40 1979 3 316 58 2 1 0 1 1585 0 0 2 82 0 1 1 3099 235 0 0 2 2 197
0 1 5 0 0 0 0 1 2 0 31 3 107 0 1 0 0 0 2 0 0 1 1 0 63 39 30 0 0 0 29 0 0 0 0 12 0 2 11 24 22 18 23 40 0 96 213 38 6 0 19 1209 817 27 2 3 1 18 58 566 27 26 307 16 70 408 0 1350
0 0 0 52 4 45 5 1 14 198 0 569 23 0 32 0 0 0 0 57 0 0 0 55 2 0 0 141 0 0 0 0 0 0 1 1 0 553 122 2897 2 313 270 1979 96 0 2 132 649 0 0 0 2 2157 0 0 0 413 3 2 5 287 194 0 0 8 0 179
0 16 4 0 0 0 2 1 5 1 109 0 653 0 0 0 6 1 2 0 0 18 0 1 177 152 172 2 1 0 120 1 0 7 0 135 0 0 5 4 2 0 107 3 213 2 0 0 15 0 0 0 0 0 1 56 0 27 676 10 547 6 3 0 353 84 0 79
0 0 0 0 0 1 0 4 0 0 0 0 24 0 0 0 0 0 0 0 0 0 0 1 0 0 0 1 1 0 0 2 0 2 756 0 13 2 0 43 2170 2914 7 316 38 132 0 0 12 2 27 7 4 37 1 0 7 26 3 21 5 60 1441 477 0 7 3 63
0 0 0 7 0 2 0 1 9 15 0 23 3 0 3 0 0 0 0 11 0 1 0 6 0 0 1 19 0 0 0 0 0 0 0 17 0 72 666 895 17 39 269 58 6 649 15 12 0 13 0 1 0 77 66 17 49 338 1 2 37 133 14 1 0 9 0 15
2 1 1 0 0 1 0 0 18 0 0 0 0 0 2 849 1 0 0 0 79 63 528 107 0 0 158 37 5 8 0 0 0 8 0 0 2 0 0 0 8 0 1 2 0 0 0 2 13 0 6 0 0 0 936 1354 1044 1301 0 0 870 187 1 2 0 0 0 13
0 1 19 0 0 0 0 0 0 0 0 0 0 0 0 1 3 0 0 0 1 0 13 0 0 1 41 0 0 0 0 0 0 3 1 4 909 0 0 0 195 26 0 1 19 0 0 27 0 6 0 5 1611 0 113 0 2339 2 0 673 343 15 4 133 0 0 1 962
0 0 3 0 0 0 0 0 0 0 1 0 1 0 0 0 1 0 0 0 0 0 0 0 1 3 4 0 0 0 3 0 0 0 0 0 0 0 0 0 1 8 0 0 1209 0 0 7 1 0 5 0 921 0 0 0 0 0 0 291 3 1 5 1 0 1 0 79
0 1 1 0 0 0 0 0 0 0 0 0 1 0 0 0 0 0 1 0 0 0 0 0 0 5 7 0 0 0 0 0 0 1 2 0 23 0 0 0 31 1 2 1 817 2 0 4 0 0 1611 921 0 2 2 0 9 2 0 889 54 4 11 78 0 0 0 1023
0 0 0 89 1 7 5 0 36 60 0 36 25 0 73 0 0 0 0 89 0 4 0 116 0 0 0 163 0 0 0 0 0 0 0 0 0 2022 29 77 0 44 80 1585 27 2157 0 37 77 0 0 0 2 0 0 0 0 260 0 0 0 1063 72 0 0 3 0 43
0 0 0 0 0 0 0 0 1 0 0 0 2 0 2 72 0 0 0 0 40 3 44 41 0 0 2 35 4 11 0 0 0 17 2 1 62 0 1 0 351 0 0 0 2 0 1 1 66 936 113 0 2 0 0 2 7477 35 0 1 18 1863 32 2413 0 0 23 1613
0 82 2 0 0 0 0 0 29 2 0 0 9 0 1 91 2 0 0 0 13 388 20 78 8 0 67 14 1 0 0 0 0 1 0 352 2 0 7 1 0 0 364 0 3 0 56 0 17 1354 0 0 0 0 2 0 7 719 46 1 644 2 0 0 0 8 0 2
0 0 12 0 0 0 1 0 1 0 0 0 0 0 0 416 0 0 0 0 40 19 851 23 0 0 125 24 0 4 0 0 0 15 1 1 3702 0 6 0 440 6 0 2 1 0 0 7 49 1044 2339 0 9 0 7477 7 0 85 0 32 2020 262 28 210 0 0 10 1158
0 6 0 41 2 7 7 8 200 178 0 18 11 0 37 96 0 0 0 30 64 89 35 1255 7 0 30 513 10 28 0 0 2 68 1 106 3 743 105 73 13 34 1681 82 18 413 27 26 338 1301 2 0 2 260 35 719 85 0 60 0 457 2653 48 6 0 5 6 56
0 14 0 0 0 0 0 0 25 0 9 0 195 0 0 0 0 0 1 0 0 9 0 4 367 20 252 1 1 0 8 0 0 3 0 635 0 0 1 0 0 2 120 0 58 3 676 3 1 0 0 0 0 0 0 46 0 60 0 2 975 0 0 0 5 15 0 18
0 25 75 0 0 0 0 0 0 0 22 0 95 0 0 0 11 1 16 0 0 3 6 0 18 508 662 0 0 0 126 0 0 24 0 8 867 0 0 2 77 14 2 1 566 2 10 21 2 0 673 291 889 0 1 1 32 0 2 0 2109 4 9 10 119 6 0 74
0 268 403 0 0 0 0 0 12 0 13 0 157 0 2 297 100 4 19 0 4 65 618 26 81 606 4915 18 0 0 64 0 0 96 0 1444 3415 0 1 1 11 1 173 1 27 5 547 5 37 870 343 3 54 0 18 644 2020 457 975 2109 0 50 2 13 116 1 0 328
0 0 0 90 0 2 17 8 46 43 0 10 10 0 11 9 0 0 0 50 1 2 4 246 0 0 4 203 0 3 0 0 1 11 9 1 47 1924 37 164 3587 104 113 3099 26 287 6 60 133 187 15 1 4 1063 1863 2 262 2653 0 4 50 0 214 368 0 9 50 345
0 0 0 0 0 0 0 0 2 0 0 2 9 0 1 0 0 0 0 0 0 0 0 9 1 0 0 6 1 2 0 0 0 2 1162 0 4 6 0 34 219 36 12 235 307 194 3 1441 14 1 4 5 11 72 32 0 28 48 0 9 2 214 0 1217 1 108 1089 1598
1 0 0 0 0 1 0 0 0 0 0 0 0 0 0 5 0 0 0 0 14 1 5 4 0 0 0 13 0 3 0 0 0 2 363 1 4 0 0 0 1558 17 0 0 16 0 0 477 1 2 133 1 78 0 2413 0 210 6 0 10 13 368 1217 0 0 0 203 770
0 12 1 0 0 0 0 0 0 0 22 0 134 0 0 0 0 0 2 0 0 4 0 0 27 61 70 0 0 0 76 0 0 0 0 0 0 0 0 0 0 0 0 0 70 0 353 0 0 0 0 0 0 0 0 0 0 0 5 119 116 0 1 0 0 4 0 0
0 0 0 0 0 1 0 3 0 0 1 0 12 0 0 0 0 0 0 0 0 0 0 0 7 2 1 0 1 0 0 1 0 0 0 7 0 1 122 7 1 240 4 2 408 8 84 7 9 0 0 1 0 3 0 8 0 5 15 6 1 9 108 0 4 0 0 651
0 0 0 0 0 0 0 0 0 0 0 0 0 0 0 0 0 0 0 0 0 0 0 1 0 0 0 0 0 0 0 0 0 0 0 0 0 0 0 0 15 2 0 2 0 0 0 3 0 0 1 0 0 0 23 0 10 6 0 0 0 50 1089 203 0 0 0 358
0 3 6 0 1 1 1 3 4 0 0 6 23 0 0 2 2 0 0 0 0 1 4 21 9 2 47 15 0 3 1 0 0 1 5 8 37 7 171 40 139 33 15 197 1350 179 79 63 15 13 962 79 1023 43 1613 2 1158 56 18 74 328 345 1598 770 0 651 358 0
