0 0 0 0 0 1 300 22 0 1 0 0 0 1161 0 0 13 0 2 0 1 0 0 1 0 2 1 4 958 330 0 0 11 24 0 0 0 0 0 0 0 0 0 0 0 0 0 0 0 0 0 0 0 0 0 0 0 0 0 0 0 0 0 0 0 0 0 0
0 0 3 0 0 0 2 0 49 0 1 0 51 1 1 5 0 0 0 0 0 298 1 35 280 1 1637 1 0 0 0 1 0 3 0 219 3 0 0 0 0 0 6 0 3 0 24 0 0 1 0 1 0 0 0 84 0 8 13 23 226 0 0 0 7 0 0 0
0 3 0 0 0 0 60 37 0 0 3 0 1 12 2 0 1307 1 40 0 71 1 2947 0 0 1898 4001 27 5 28 0 0 0 94 0 12 166 0 0 0 0 0 0 0 5 0 13 0 0 1 18 0 2 0 1 1 6 0 0 72 381 0 0 0 5 0 0 7
0 0 0 0 18 45 3 3 90 564 2 755 1 0 61 0 0 0 0 1526 0 0 0 616 0 0 0 2292 4 0 0 2 0 8 0 0 0 446 0 1 0 0 11 5 0 59 0 0 5 0 0 0 0 89 0 1 0 53 0 0 0 105 0 0 0 0 0 0
0 0 0 18 0 766 3 0 129 13 32 128 107 0 658 0 0 0 0 25 3 2 9 36 0 1 1 55 1 1 0 126 0 427 0 0 0 0 4 0 0 0 1 2 0 3 0 0 4 1 0 0 0 1 0 1 0 1 0 0 0 0 1 0 0 0 0 0
1 0 0 45 766 0 179 1925 92 2338 18 3481 60 33 1169 0 0 3 5 68 1 0 2 35 0 7 2 197 46 3 0 46 1 42 0 0 0 0 0 32 0 8 2 3 1 47 1 3 1 0 0 0 0 4 0 0 0 8 0 0 0 2 0 0 0 1 0 3
300 2 60 3 3 179 0 656 2 2223 8 6 11 1688 21 0 40 3 10 3 277 1 163 15 0 31 22 5608 215 2686 0 3 8 108 0 0 0 0 0 0 0 0 1 3 0 3 0 0 0 2 0 0 0 10 0 0 1 9 0 0 0 14 0 0 0 0 0 0
22 0 37 3 0 1925 656 0 34 597 7 397 21 2286 6 0 119 2 11 28 21 0 59 5 0 12 2 49 48 169 0 25 4 72 0 0 0 0 0 3 0 2 0 0 0 6 0 4 1 0 0 0 0 1 0 0 0 9 0 0 0 8 1 0 0 0 0 0
0 49 0 90 129 92 2 34 0 52 8 458 112 12 179 0 0 0 3 94 0 381 0 1606 208 10 208 212 19 0 0 65 1 29 0 7 0 6 2 7 0 1 232 15 0 20 8 1 4 7 0 0 0 19 4 24 0 183 16 0 11 38 3 0 0 0 0 2
1 0 0 564 13 2338 2223 597 52 0 15 1539 96 488 37 0 0 0 6 736 3 0 5 41 0 1 1 2301 284 2 0 6 5 199 0 0 0 11 0 8 1 0 40 2 0 178 1 0 20 0 0 0 0 57 0 1 0 183 0 0 0 51 0 0 0 0 0 0
0 1 3 2 32 18 8 7 8 15 0 107 572 23 0 0 33 1731 873 16 0 1 3 1 44 681 12 6 103 3 49 232 0 1024 0 2 0 0 0 0 0 0 1 0 37 0 89 0 0 0 0 0 0 0 0 1 0 0 4 24 9 0 0 0 17 1 0 0
0 0 0 755 128 3481 6 397 458 1539 107 0 46 74 720 0 0 0 11 1736 1 1 0 243 1 2 2 196 166 0 0 17 0 116 0 0 0 10 2 130 0 6 1 16 0 524 1 2 23 0 0 0 0 44 0 0 0 20 0 0 0 8 2 0 0 1 0 5
0 51 1 1 107 60 11 21 112 96 572 46 0 26 9 1 0 5 8 13 3 29 2 42 1013 44 723 56 10 0 227 281 0 270 0 22 0 0 6 24 1 38 4 19 76 28 645 19 6 2 0 0 0 14 0 7 0 4 204 99 158 6 4 0 143 11 0 23
1161 1 12 0 0 33 1688 2286 12 488 23 74 26 0 4 0 105 1 28 9 10 0 35 3 0 22 3 22 1803 885 0 10 8 130 0 0 0 0 0 0 0 3 1 0 0 0 0 2 0 0 0 0 0 0 0 0 0 1 0 0 0 0 1 0 0 1 0 0
0 1 2 61 658 1169 21 6 179 37 0 720 9 4 0 2 1 0 0 54 36 3 22 155 3 2 11 176 12 7 0 27 3 23 0 0 0 5 2 4 0 0 7 21 0 50 0 0 6 2 0 0 0 57 0 3 1 27 0 0 3 10 0 1 0 0 0 0
0 5 0 0 0 0 0 0 0 0 0 0 1 0 2 0 0 0 0 0 649 1211 1162 1050 0 0 479 295 0 1 0 0 0 8 0 2 10 0 0 0 1 0 0 0 0 0 0 0 1 757 2 0 0 0 66 90 411 96 0 0 281 9 0 5 0 0 0 4
13 0 1307 0 0 0 40 119 0 0 33 0 0 105 1 0 0 14 1848 0 27 1 2316 0 0 440 250 3 55 208 0 1 3 1555 0 5 36 0 0 0 0 0 0 0 0 0 3 0 0 0 3 0 0 0 0 1 0 0 0 7 90 0 0 0 2 0 0 0
0 0 1 0 0 3 3 2 0 0 1731 0 5 1 0 0 14 0 741 0 0 0 2 0 0 462 3 0 10 1 0 4 1 36 0 0 0 0 0 0 0 0 0 0 1 0 0 0 0 0 0 0 0 0 0 0 0 0 0 2 2 0 0 0 1 0 0 0
2 0 40 0 0 5 10 11 3 6 873 11 8 28 0 0 1848 741 0 3 9 0 30 1 0 1587 80 0 58 48 0 1 3 991 0 1 0 0 0 0 0 0 0 0 2 0 3 0 0 0 1 0 0 0 0 0 0 0 0 9 15 0 0 0 0 0 0 0
0 0 0 1526 25 68 3 28 94 736 16 1736 13 9 54 0 0 0 3 0 0 1 0 124 0 0 0 550 32 0 0 3 0 32 0 0 0 13 1 4 0 0 6 38 0 44 0 0 12 0 0 0 0 96 0 0 0 42 0 0 0 34 0 0 0 0 0 0
1 0 71 0 3 1 277 21 0 3 0 1 3 10 36 649 27 0 9 0 0 1 7299 11 0 16 82 1314 46 2059 0 3 27 1456 0 0 1 0 0 0 0 0 1 0 0 0 2 0 0 85 0 0 0 0 46 12 50 56 0 0 7 2 1 11 0 0 2 2
0 298 1 0 2 0 1 0 381 0 1 1 29 0 3 1211 1 0 0 1 1 0 6 607 87 3 450 6 0 1 0 2 0 1 0 13 1 2 1 0 0 0 73 0 1 0 23 0 0 82 0 0 0 1 4 346 12 77 13 1 72 5 0 0 1 0 0 2
0 1 2947 0 9 2 163 59 0 5 3 0 2 35 22 1162 2316 2 30 0 7299 6 0 39 0 92 1437 414 14 433 0 0 0 1545 0 2 131 0 0 0 0 0 0 0 0 0 2 0 1 559 14 0 0 0 42 25 833 28 0 7 668 5 0 6 0 0 0 1
1 35 0 616 36 35 15 5 1606 41 1 243 42 3 155 1050 0 0 1 124 11 607 39 0 137 4 511 2458 15 4 0 4 5 37 0 9 0 90 4 4 1 3 217 104 0 64 0 0 9 95 0 0 0 144 34 77 30 1227 1 0 26 239 6 11 0 0 1 21
0 280 0 0 0 0 0 0 208 0 44 1 1013 0 3 0 0 0 0 0 0 87 0 137 0 2 1009 0 0 0 12 2 0 2 0 79 0 0 1 0 0 0 6 0 71 3 132 1 0 0 0 0 0 0 0 5 0 4 365 22 96 0 0 0 25 4 0 20
2 1 1898 0 1 7 31 12 10 1 681 2 44 22 2 0 440 462 1587 0 16 3 92 4 2 0 2771 5 64 13 242 17 1 313 0 28 8 0 0 0 0 0 0 0 61 0 139 0 0 0 0 4 5 0 0 0 0 0 14 533 588 0 0 0 52 0 0 9
1 1637 4001 0 1 2 22 2 208 1 12 2 723 3 11 479 250 3 80 0 82 450 1437 511 1009 2771 0 322 37 6 30 1 1 733 0 309 365 0 0 0 0 0 11 0 22 0 177 0 1 167 43 3 8 0 2 67 136 25 227 660 4805 5 0 0 72 1 0 46
4 1 27 2292 55 197 5608 49 212 2301 6 196 56 22 176 295 3 0 0 550 1314 6 414 2458 0 5 322 0 208 1112 0 16 34 508 1 4 0 60 0 11 0 1 81 21 0 149 2 0 17 47 0 0 0 154 40 18 30 490 0 0 9 194 4 12 0 0 0 12
958 0 5 4 1 46 215 48 19 284 103 166 10 1803 12 0 55 10 58 32 46 0 14 15 0 64 37 208 0 1577 4 172 1214 968 0 0 0 0 0 2 0 1 4 0 0 1 0 1 0 0 0 0 0 0 3 0 0 12 1 0 0 1 0 1 0 1 0 1
330 0 28 0 1 3 2686 169 0 2 3 0 0 885 7 1 208 1 48 0 2059 1 433 4 0 13 6 1112 1577 0 0 2 141 603 0 0 0 0 0 0 0 0 1 0 0 0 0 0 0 5 0 0 0 0 11 1 6 29 0 0 0 6 0 1 0 0 0 1
0 0 0 0 0 0 0 0 0 0 49 0 227 0 0 0 0 0 0 0 0 0 0 0 12 242 30 0 4 0 0 1 0 4 0 3 0 0 0 0 0 0 0 0 29 0 117 0 0 0 0 1 0 0 0 0 0 0 10 115 61 0 0 0 64 0 0 0
0 1 0 2 126 46 3 25 65 6 232 17 281 10 27 0 1 4 1 3 3 2 0 4 2 17 1 16 172 2 1 0 2 517 0 0 0 0 0 1 0 3 1 0 1 0 1 1 0 0 0 0 0 0 0 0 0 0 0 0 0 0 1 0 0 1 0 0
11 0 0 0 0 1 8 4 1 5 0 0 0 8 3 0 3 1 3 0 27 0 0 5 0 1 1 34 1214 141 0 2 0 503 0 0 0 0 0 0 0 0 0 0 0 0 0 0 0 0 0 0 0 0 1 0 0 4 0 0 0 0 0 0 0 0 0 0
24 3 94 8 427 42 108 72 29 199 1024 116 270 130 23 8 1555 36 991 32 1456 1 1545 37 2 313 733 508 968 603 4 517 503 0 1 9 11 0 0 1 0 0 5 0 0 5 3 3 0 9 2 0 0 0 17 2 11 60 2 12 87 15 1 3 0 1 0 0
0 0 0 0 0 0 0 0 0 0 0 0 0 0 0 0 0 0 0 0 0 0 0 0 0 0 0 1 0 0 0 0 0 1 0 0 0 0 0 0 222 3 0 0 0 1 0 725 0 0 1 0 1 0 0 0 1 2 0 0 0 6 1155 371 0 0 1 7
0 219 12 0 0 0 0 0 7 0 2 0 22 0 0 2 5 0 1 0 0 13 2 9 79 28 309 4 0 0 3 0 0 9 0 0 2 0 6 1 0 0 98 0 9 1 141 1 19 0 4 0 0 0 1 344 0 110 597 9 1421 0 0 0 0 9 0 7
0 3 166 0 0 0 0 0 0 0 0 0 0 0 0 10 36 0 0 0 1 1 131 0 0 8 365 0 0 0 0 0 0 11 0 2 0 0 0 1 259 33 0 5 0 0 0 11 1 5 891 0 20 0 59 0 3595 2 0 865 3195 51 1 2 0 0 0 38
0 0 0 446 0 0 0 0 6 11 0 10 0 0 5 0 0 0 0 13 0 2 0 90 0 0 0 60 0 0 0 0 0 0 0 0 0 0 20 26 0 10 50 1179 0 519 1 6 82 0 0 0 0 1985 0 0 0 743 0 0 1 1885 8 0 0 1 0 10
0 0 0 0 4 0 0 0 2 0 0 2 6 0 2 0 0 0 0 1 0 1 0 4 1 0 0 0 0 0 0 0 0 0 0 6 0 20 0 316 1 18 123 9 10 113 6 2 652 1 0 0 0 30 1 7 5 104 2 0 1 40 0 0 0 111 0 167
0 0 0 1 0 32 0 3 7 8 0 130 24 0 4 0 0 0 0 4 0 0 0 4 0 0 0 11 2 0 0 1 0 1 0 1 1 26 316 0 45 2175 59 3720 13 2856 4 33 908 0 0 1 1 77 0 2 0 75 1 2 0 146 40 2 0 13 0 32
0 0 0 0 0 0 0 0 0 1 0 0 1 0 0 1 0 0 0 0 0 0 0 1 0 0 0 0 0 0 0 0 0 0 222 0 259 0 1 45 0 991 3 1675 26 4 2 2113 17 7 212 1 31 0 341 0 423 14 0 66 16 3457 210 1572 0 0 14 140
0 0 0 0 0 8 0 2 1 0 0 6 38 3 0 0 0 0 0 0 0 0 0 3 0 0 0 1 1 0 0 3 0 0 3 0 33 10 18 2175 991 0 23 1402 13 294 0 2797 41 0 23 5 2 43 3 0 9 29 4 21 0 90 42 11 0 223 1 42
0 6 0 11 1 2 1 0 232 40 1 1 4 1 7 0 0 0 0 6 1 73 0 217 6 0 11 81 4 1 0 1 0 5 0 98 0 50 123 59 3 23 0 33 23 265 84 14 276 0 0 2 12 95 0 353 0 1702 123 1 182 110 9 0 0 9 0 12
0 0 0 5 2 3 3 0 15 2 0 16 19 0 21 0 0 0 0 38 0 0 0 104 0 0 0 21 0 0 0 0 0 0 0 0 5 1179 9 3720 1675 1402 33 0 44 1886 3 327 52 3 1 0 2 1558 2 0 1 76 0 0 0 3019 222 1 0 3 2 194
0 3 5 0 0 1 0 0 0 0 37 0 76 0 0 0 0 1 2 0 0 1 0 0 71 61 22 0 0 0 29 1 0 0 0 9 0 0 10 13 26 13 23 44 0 83 211 47 2 0 17 1172 832 23 1 2 2 15 54 557 20 25 322 16 79 412 0 1304
0 0 0 59 3 47 3 6 20 178 0 524 28 0 50 0 0 0 0 44 0 0 0 64 3 0 0 149 1 0 0 0 0 5 1 1 0 519 113 2856 4 294 265 1886 83 0 3 116 646 0 0 3 1 2174 0 0 2 415 1 4 2 288 201 1 0 2 0 157
0 24 13 0 0 1 0 0 8 1 89 1 645 0 0 0 3 0 3 0 2 23 2 0 132 139 177 2 0 0 117 1 0 3 0 141 0 1 6 4 2 0 84 3 211 3 0 0 13 0 0 0 0 3 1 58 0 31 698 11 583 4 3 0 346 87 0 84
0 0 0 0 0 3 0 4 1 0 0 2 19 2 0 0 0 0 0 0 0 0 0 0 1 0 0 0 1 0 0 1 0 3 725 1 11 6 2 33 2113 2797 14 327 47 116 0 0 10 2 23 3 7 37 1 0 5 23 1 13 3 71 1422 468 1 5 5 59
0 0 0 5 4 1 0 1 4 20 0 23 6 0 6 1 0 0 0 12 0 0 1 9 0 0 1 17 0 0 0 0 0 0 0 19 1 82 652 908 17 41 276 52 2 646 13 10 0 7 0 0 0 75 77 14 44 322 1 1 32 137 16 0 0 16 0 16
0 1 1 0 1 0 2 0 7 0 0 0 2 0 2 757 0 0 0 0 85 82 559 95 0 0 167 47 0 5 0 0 0 9 0 0 5 0 1 0 7 0 0 3 0 0 0 2 7 0 2 1 1 0 912 1334 1046 1264 0 3 859 172 4 1 0 0 0 6
0 0 18 0 0 0 0 0 0 0 0 0 0 0 0 2 3 0 1 0 0 0 14 0 0 0 43 0 0 0 0 0 0 2 1 4 891 0 0 0 212 23 0 1 17 0 0 23 0 2 0 3 1674 0 116 0 2273 0 0 666 359 17 5 107 0 0 2 950
0 1 0 0 0 0 0 0 0 0 0 0 0 0 0 0 0 0 0 0 0 0 0 0 0 4 3 0 0 0 1 0 0 0 0 0 0 0 0 1 1 5 2 0 1172 3 0 3 0 1 3 0 940 0 0 0 0 0 0 286 1 0 10 0 0 4 0 77
0 0 2 0 0 0 0 0 0 0 0 0 0 0 0 0 0 0 0 0 0 0 0 0 0 5 8 0 0 0 0 0 0 0 1 0 20 0 0 1 31 2 12 2 832 1 0 7 0 1 1674 940 0 0 3 1 6 1 1 839 48 6 9 63 0 0 0 961
0 0 0 89 1 4 10 1 19 57 0 44 14 0 57 0 0 0 0 96 0 1 0 144 0 0 0 154 0 0 0 0 0 0 0 0 0 1985 30 77 0 43 95 1558 23 2174 3 37 75 0 0 0 0 0 0 0 0 273 0 0 0 1052 74 0 0 1 0 47
0 0 1 0 0 0 0 0 4 0 0 0 0 0 0 66 0 0 0 0 46 4 42 34 0 0 2 40 3 11 0 0 1 17 0 1 59 0 1 0 341 3 0 2 1 0 1 1 77 912 116 0 3 0 0 8 7188 42 0 3 15 1784 28 2352 0 1 31 1556
0 84 1 1 1 0 0 0 24 1 1 0 7 0 3 90 1 0 0 0 12 346 25 77 5 0 67 18 0 1 0 0 0 2 0 344 0 0 7 2 0 0 353 0 2 0 58 0 14 1334 0 0 1 0 8 0 2 742 47 1 641 5 0 0 0 5 0 3
0 0 6 0 0 0 1 0 0 0 0 0 0 0 1 411 0 0 0 0 50 12 833 30 0 0 136 30 0 6 0 0 0 11 1 0 3595 0 5 0 423 9 0 1 2 2 0 5 44 1046 2273 0 6 0 7188 2 0 75 0 27 1955 211 24 199 0 0 4 1175
0 8 0 53 1 8 9 9 183 183 0 20 4 1 27 96 0 0 0 42 56 77 28 1227 4 0 25 490 12 29 0 0 4 60 2 110 2 743 104 75 14 29 1702 76 15 415 31 23 322 1264 0 0 1 273 42 742 75 0 63 0 450 2626 41 12 0 10 4 66
0 13 0 0 0 0 0 0 16 0 4 0 204 0 0 0 0 0 0 0 0 13 0 1 365 14 227 0 1 0 10 0 0 2 0 597 0 0 2 1 0 4 123 0 54 1 698 1 1 0 0 0 1 0 0 47 0 63 0 3 994 0 0 0 7 15 0 21
0 23 72 0 0 0 0 0 0 0 24 0 99 0 0 0 7 2 9 0 0 1 7 0 22 533 660 0 0 0 115 0 0 12 0 9 865 0 0 2 66 21 1 0 557 4 11 13 1 3 666 286 839 0 3 1 27 0 3 0 2118 4 14 12 107 5 0 85
0 226 381 0 0 0 0 0 11 0 9 0 158 0 3 281 90 2 15 0 7 72 668 26 96 588 4805 9 0 0 61 0 0 87 0 1421 3195 1 1 0 16 0 182 0 20 2 583 3 32 859 359 1 48 0 15 641 1955 450 994 2118 0 56 3 15 117 1 1 329
0 0 0 105 0 2 14 8 38 51 0 8 6 0 10 9 0 0 0 34 2 5 5 239 0 0 5 194 1 6 0 0 0 15 6 0 51 1885 40 146 3457 90 110 3019 25 288 4 71 137 172 17 0 6 1052 1784 5 211 2626 0 4 56 0 241 352 0 4 47 354
0 0 0 0 1 0 0 1 3 0 0 2 4 1 0 0 0 0 0 0 1 0 0 6 0 0 0 4 0 0 0 1 0 1 1155 0 1 8 0 40 210 42 9 222 322 201 3 1422 16 4 5 10 9 74 28 0 24 41 0 14 3 241 0 1173 0 98 1042 1526
0 0 0 0 0 0 0 0 0 0 0 0 0 0 1 5 0 0 0 0 11 0 6 11 0 0 0 12 1 1 0 0 0 3 371 0 2 0 0 2 1572 11 0 1 16 1 0 468 0 1 107 0 63 0 2352 0 199 12 0 12 15 352 1173 0 0 0 225 785
0 7 5 0 0 0 0 0 0 0 17 0 143 0 0 0 2 1 0 0 0 1 0 0 25 52 72 0 0 0 64 0 0 0 0 0 0 0 0 0 0 0 0 0 79 0 346 1 0 0 0 0 0 0 0 0 0 0 7 107 117 0 0 0 0 0 0 1
0 0 0 0 0 1 0 0 0 0 1 1 11 1 0 0 0 0 0 0 0 0 0 0 4 0 1 0 1 0 0 1 0 1 0 9 0 1 111 13 0 223 9 3 412 2 87 5 16 0 0 4 0 1 1 5 0 10 15 5 1 4 98 0 0 0 0 633
0 0 0 0 0 0 0 0 0 0 0 0 0 0 0 0 0 0 0 0 2 0 0 1 0 0 0 0 0 0 0 0 0 0 1 0 0 0 0 0 14 1 0 2 0 0 0 5 0 0 2 0 0 0 31 0 4 4 0 0 1 47 1042 225 0 0 0 345
0 0 7 0 0 3 0 0 2 0 0 5 23 0 0 4 0 0 0 0 2 2 1 21 20 9 46 12 1 1 0 0 0 0 7 7 38 10 167 32 140 42 12 194 1304 157 84 59 16 6 950 77 961 47 1556 3 1175 66 21 85 329 354 1526 785 1 633 345 0
