0 1 63 0 1 7 1026 138 6 14 4 7 1 1899 0 0 32 0 4 1 1 0 31 0 0 25 10 10 1283 462 0 1 0 6 0 0 0 0 0 1 0 1 1 0 0 1 0 1 0 0 0 0 0 0 0 0 0 8 1 0 0 2 0 0 0 0 0 0
1 0 4 1 0 1 0 0 118 0 8 0 166 1 18 2 16 1 10 0 2 266 1 175 786 30 2207 1 4 0 5 2 1 50 0 267 4 0 0 0 0 0 1 0 0 0 7 0 0 0 14 0 1 0 0 5 1 3 20 18 240 0 0 0 0 0 0 17
63 4 0 0 0 3 242 198 0 5 1 0 0 290 0 1 1572 3 28 0 65 1 2336 1 0 1918 3220 61 22 216 0 0 0 43 0 2 11 0 0 0 0 0 0 0 0 0 0 0 0 0 2 0 0 0 0 2 2 0 0 1 46 0 0 0 0 0 0 2
0 1 0 0 8 19 1 6 110 713 1 666 6 8 48 0 0 0 0 1239 0 1 1 678 0 0 2 1646 13 1 0 1 2 19 0 0 0 166 0 12 0 0 29 17 0 79 0 0 2 0 0 0 0 130 0 1 0 98 0 0 0 20 0 0 0 0 0 0
1 0 0 8 0 306 0 2 77 5 40 12 178 0 863 0 0 0 0 9 0 9 1 22 2 0 0 7 1 0 0 117 0 289 0 0 0 0 1 0 0 1 0 1 0 1 0 0 1 0 0 0 0 0 0 0 0 0 2 0 0 0 0 0 0 0 0 0
7 1 3 19 306 0 85 1908 139 1326 96 2731 118 52 1008 0 4 4 2 9 0 2 3 11 2 38 13 143 75 2 2 19 1 60 0 0 0 6 1 17 0 6 10 3 0 78 0 1 5 0 0 0 0 24 0 0 0 14 0 0 0 2 0 0 0 0 0 7
1026 0 242 1 0 85 0 529 0 1763 5 2 4 1252 3 2 8 0 1 0 38 0 268 28 0 1 32 5351 54 1139 0 4 3 47 0 0 0 2 0 0 0 1 1 0 0 1 0 0 0 0 0 0 0 3 0 3 0 5 0 0 1 0 0 0 0 0 0 0
138 0 198 6 2 1908 529 0 11 942 6 601 24 2407 14 1 61 1 0 14 5 0 101 4 0 14 4 130 37 100 1 167 0 24 0 0 0 1 0 3 0 3 5 2 0 13 0 1 1 0 0 0 0 5 0 0 0 10 0 0 0 1 0 0 0 0 0 1
6 118 0 110 77 139 0 11 0 49 24 235 55 6 503 5 4 1 4 79 6 425 0 1952 194 8 131 77 20 5 0 1 7 26 1 6 0 25 5 37 0 3 183 13 2 110 0 3 25 2 0 0 0 35 0 7 0 55 2 0 8 19 3 1 0 0 0 2
14 0 5 713 5 1326 1763 942 49 0 6 1447 30 823 26 0 1 0 1 1031 0 0 2 2 0 0 2 1421 196 0 0 10 1 145 0 0 0 25 0 6 0 0 10 4 0 88 0 2 1 0 0 0 0 65 0 1 0 92 0 0 0 6 0 0 0 0 0 1
4 8 1 1 40 96 5 6 24 6 0 58 1004 25 8 0 98 1572 237 2 0 4 4 7 44 688 80 1 156 3 39 289 4 951 0 4 0 0 0 0 0 0 0 0 15 0 72 0 0 0 0 0 0 0 0 2 0 1 64 3 38 0 0 0 17 0 0 3
7 0 0 666 12 2731 2 601 235 1447 58 0 54 149 713 0 0 0 11 1226 0 0 0 357 2 3 0 23 181 1 0 15 0 107 0 0 0 14 0 89 1 73 16 7 0 326 0 3 10 0 0 0 0 21 0 0 0 22 0 0 0 1 0 1 0 0 0 0
1 166 0 6 178 118 4 24 55 30 1004 54 0 6 11 0 1 2 8 3 0 38 0 9 798 85 268 5 49 1 346 109 0 382 0 16 0 1 3 9 0 11 3 0 14 3 271 4 5 0 0 0 0 0 0 3 0 0 193 10 117 1 0 1 137 1 0 92
1899 1 290 8 0 52 1252 2407 6 823 25 149 6 0 0 0 148 0 4 11 9 0 225 4 0 32 13 78 1877 515 2 387 1 43 0 1 0 0 0 0 0 0 1 0 0 0 0 0 0 0 0 0 0 2 0 0 0 2 0 0 0 1 0 0 0 0 0 0
0 18 0 48 863 1008 3 14 503 26 8 713 11 0 0 2 0 0 1 24 23 8 14 117 1 0 11 68 12 1 0 2 1 16 0 1 0 4 2 6 0 2 5 1 0 36 0 0 6 0 0 0 0 3 0 0 0 8 0 0 0 1 0 0 0 0 0 0
0 2 1 0 0 0 2 1 5 0 0 0 0 0 2 0 1 0 0 0 393 776 524 970 1 0 329 351 0 1 0 0 1 6 0 0 0 0 0 0 1 0 7 0 0 0 0 0 1 526 0 0 0 0 32 79 80 42 0 0 26 17 0 0 0 0 0 0
32 16 1572 0 0 4 8 61 4 1 98 0 1 148 0 1 0 130 1625 0 14 2 1053 2 0 1293 1073 16 127 156 0 1 16 1316 0 10 9 0 0 0 0 0 0 0 0 0 0 0 0 0 1 0 0 0 0 0 1 0 1 5 67 0 0 0 0 0 0 4
0 1 3 0 0 4 0 1 1 0 1572 0 2 0 0 0 130 0 926 0 0 0 3 0 0 370 23 0 6 1 0 1 3 42 0 0 0 0 0 0 0 0 0 0 0 0 0 0 0 0 0 0 0 0 0 0 0 0 2 0 2 0 0 0 0 0 0 2
4 10 28 0 0 2 1 0 4 1 237 11 8 4 1 0 1625 926 0 0 3 0 15 3 1 1930 281 1 29 15 0 1 1 329 0 1 0 0 0 0 0 0 0 0 0 0 0 0 0 0 2 0 0 0 0 0 1 0 1 12 39 0 0 0 0 0 0 4
1 0 0 1239 9 9 0 14 79 1031 2 1226 3 11 24 0 0 0 0 0 0 0 0 98 0 0 0 221 21 0 0 1 0 13 0 0 0 54 0 14 0 0 12 11 0 109 0 1 3 0 0 0 0 88 0 0 0 84 0 0 0 7 0 1 0 0 0 2
1 2 65 0 0 0 38 5 6 0 0 0 0 9 23 393 14 0 3 0 0 11 6248 5 0 1 21 1100 15 2656 0 1 26 1054 0 0 0 0 0 0 0 0 3 0 0 0 0 0 0 15 1 0 0 0 28 14 1 46 0 0 0 9 0 0 0 0 0 0
0 266 1 1 9 2 0 0 425 0 4 0 38 0 8 776 2 0 0 0 11 0 2 961 131 6 495 21 1 0 2 0 0 14 0 10 3 0 0 0 0 0 28 0 0 1 7 0 0 80 0 0 0 1 8 299 8 70 4 0 64 7 0 0 0 0 0 0
31 1 2336 1 1 3 268 101 0 2 4 0 0 225 14 524 1053 3 15 0 6248 2 0 57 0 49 2769 494 82 1131 0 1 12 1911 0 1 0 0 0 0 0 0 1 0 0 0 0 0 0 65 0 0 0 0 1 10 37 2 0 0 84 0 0 0 0 0 0 1
0 175 1 678 22 11 28 4 1952 2 7 357 9 4 117 970 2 0 3 98 5 961 57 0 165 12 370 1670 27 4 0 1 17 19 1 12 0 107 0 5 0 0 135 30 0 49 0 0 1 12 0 0 0 53 5 33 1 260 3 0 6 53 0 0 0 0 0 2
0 786 0 0 2 2 0 0 194 0 44 2 798 0 1 1 0 0 1 0 0 131 0 165 0 7 1246 0 2 0 6 7 0 14 0 20 1 0 0 0 0 0 1 0 15 0 183 0 0 0 0 0 1 0 0 3 0 2 170 15 255 0 0 0 15 0 0 4
25 30 1918 0 0 38 1 14 8 0 688 3 85 32 0 0 1293 370 1930 0 1 6 49 12 7 0 3159 0 87 16 176 13 4 207 0 9 1 0 0 0 0 0 0 0 4 0 33 0 0 0 0 0 0 0 0 0 0 0 2 31 223 0 0 0 22 0 0 5
10 2207 3220 2 0 13 32 4 131 2 80 0 268 13 11 329 1073 23 281 0 21 495 2769 370 1246 3159 0 158 79 15 122 1 13 1494 0 99 26 0 0 0 0 0 4 0 3 0 50 0 0 153 24 0 1 0 0 94 74 19 22 76 1008 1 0 0 24 0 0 19
10 1 61 1646 7 143 5351 130 77 1421 1 23 5 78 68 351 16 0 1 221 1100 21 494 1670 0 0 158 0 172 1584 0 3 48 344 0 1 0 85 0 3 0 1 46 23 0 34 0 0 0 9 0 0 0 157 6 14 1 236 0 0 2 38 0 0 0 0 0 2
1283 4 22 13 1 75 54 37 20 196 156 181 49 1877 12 0 127 6 29 21 15 1 82 27 2 87 79 172 0 1556 3 195 887 661 0 1 0 0 0 0 0 0 6 0 0 2 0 0 2 0 0 0 0 1 1 0 0 12 2 0 0 4 1 0 0 0 0 3
462 0 216 1 0 2 1139 100 5 0 3 1 1 515 1 1 156 1 15 0 2656 0 1131 4 0 16 15 1584 1556 0 0 0 173 591 0 0 0 0 0 0 0 0 1 0 0 0 0 0 0 0 0 0 0 0 1 0 2 8 0 0 1 3 0 1 0 0 0 0
0 5 0 0 0 2 0 1 0 0 39 0 346 2 0 0 0 0 0 0 0 2 0 0 6 176 122 0 3 0 0 2 0 10 0 0 0 0 0 0 0 0 0 0 0 0 61 0 0 0 0 0 0 0 0 1 0 0 8 9 102 0 0 0 42 0 0 0
1 2 0 1 117 19 4 167 1 10 289 15 109 387 2 0 1 1 1 1 1 0 1 1 7 13 1 3 195 0 2 0 0 350 0 1 0 0 0 0 0 0 0 0 2 0 0 0 0 0 0 0 0 0 0 0 0 0 9 0 0 0 0 0 0 0 0 0
0 1 0 2 0 1 3 0 7 1 4 0 0 1 1 1 16 3 1 0 26 0 12 17 0 4 13 48 887 173 0 0 0 587 0 0 0 0 0 0 0 0 1 0 0 0 0 0 0 0 0 0 0 0 0 0 0 3 0 0 0 0 0 0 0 0 0 0
6 50 43 19 289 60 47 24 26 145 951 107 382 43 16 6 1316 42 329 13 1054 14 1911 19 14 207 1494 344 661 591 10 350 587 0 0 12 21 0 0 1 0 1 5 0 1 1 2 1 1 22 3 0 2 1 9 13 19 34 7 16 230 14 2 4 0 0 0 14
0 0 0 0 0 0 0 0 1 0 0 0 0 0 0 0 0 0 0 0 0 0 0 1 0 0 0 0 0 0 0 0 0 0 0 0 17 0 0 1 368 17 0 10 2 3 0 989 0 0 27 0 6 2 3 0 11 0 0 22 7 13 1085 808 0 0 0 12
0 267 2 0 0 0 0 0 6 0 4 0 16 1 1 0 10 0 1 0 0 10 1 12 20 9 99 1 1 0 0 1 0 12 0 0 0 1 1 0 0 1 62 0 4 0 77 0 3 15 1 0 0 0 0 387 1 151 396 1 1610 1 0 1 0 0 0 6
0 4 11 0 0 0 0 0 0 0 0 0 0 0 0 0 9 0 0 0 0 3 0 0 1 1 26 0 0 0 0 0 0 21 17 0 0 0 0 0 276 52 1 1 0 0 0 147 0 0 694 0 1 0 41 0 1795 0 0 983 2098 22 3 66 0 0 0 4
0 0 0 166 0 6 2 1 25 25 0 14 1 0 4 0 0 0 0 54 0 0 0 107 0 0 0 85 0 0 0 0 0 0 0 1 0 0 5 23 2 4 82 1715 0 505 0 8 18 0 0 0 0 1987 0 0 0 1509 2 0 1 834 33 0 0 0 0 30
0 0 0 0 1 1 0 0 5 0 0 0 3 0 2 0 0 0 0 0 0 0 0 0 0 0 0 0 0 0 0 0 0 0 0 1 0 5 0 406 0 24 91 1 24 16 61 0 808 0 0 0 0 1 0 2 0 17 0 1 0 2 0 0 1 145 0 214
1 0 0 12 0 17 0 3 37 6 0 89 9 0 6 0 0 0 0 14 0 0 0 5 0 0 0 3 0 0 0 0 0 1 1 0 0 23 406 0 53 2658 92 1953 33 2324 10 69 1238 1 0 0 0 61 0 0 1 31 4 29 7 127 38 1 2 17 0 98
0 0 0 0 0 0 0 0 0 0 0 1 0 0 0 1 0 0 0 0 0 0 0 0 0 0 0 0 0 0 0 0 0 0 368 0 276 2 0 53 0 620 1 1524 3 0 0 2528 0 4 80 0 1 0 171 0 520 52 0 34 61 4733 73 1723 0 0 1 27
1 0 0 0 1 6 1 3 3 0 0 73 11 0 2 0 0 0 0 0 0 0 0 0 0 0 0 1 0 0 0 0 0 1 17 1 52 4 24 2658 620 0 7 1058 15 549 3 2366 44 1 12 0 0 4 15 0 48 11 1 15 15 144 27 9 4 163 0 53
1 1 0 29 0 10 1 5 183 10 0 16 3 1 5 7 0 0 0 12 3 28 1 135 1 0 4 46 6 1 0 0 1 5 0 62 1 82 91 92 1 7 0 15 32 314 56 15 370 1 0 0 2 47 0 365 0 1727 129 0 286 17 12 0 0 1 4 29
0 0 0 17 1 3 0 2 13 4 0 7 0 0 1 0 0 0 0 11 0 0 0 30 0 0 0 23 0 0 0 0 0 0 10 0 1 1715 1 1953 1524 1058 15 0 15 1158 0 612 16 1 0 0 1 1629 0 0 1 41 0 0 0 1342 264 2 0 0 0 201
0 0 0 0 0 0 0 0 2 0 15 0 14 0 0 0 0 0 0 0 0 0 0 0 15 4 3 0 0 0 0 2 0 1 2 4 0 0 24 33 3 15 32 15 0 52 874 55 21 0 7 1584 105 2 1 4 0 1 16 780 8 1 327 8 158 323 1 1242
1 0 0 79 1 78 1 13 110 88 0 326 3 0 36 0 0 0 0 109 0 1 0 49 0 0 0 34 2 0 0 0 0 1 3 0 0 505 16 2324 0 549 314 1158 52 0 0 131 487 0 0 5 1 1691 0 0 0 424 0 14 2 63 120 0 0 1 1 196
0 7 0 0 0 0 0 0 0 0 72 0 271 0 0 0 0 0 0 0 0 7 0 0 183 33 50 0 0 0 61 0 0 2 0 77 0 0 61 10 0 3 56 0 874 0 0 5 2 0 0 0 0 0 0 39 0 12 838 10 565 0 23 0 719 142 0 274
1 0 0 0 0 1 0 1 3 2 0 3 4 0 0 0 0 0 0 1 0 0 0 0 0 0 0 0 0 0 0 0 0 1 989 0 147 8 0 69 2528 2366 15 612 55 131 5 0 25 0 83 2 4 16 17 0 60 9 0 53 26 69 1437 492 9 2 4 97
0 0 0 2 1 5 0 1 25 1 0 10 5 0 6 1 0 0 0 3 0 0 0 1 0 0 0 0 2 0 0 0 0 1 0 3 0 18 808 1238 0 44 370 16 21 487 2 25 0 2 0 0 0 17 20 1 5 81 0 26 9 27 15 0 0 0 0 42
0 0 0 0 0 0 0 0 2 0 0 0 0 0 0 526 0 0 0 0 15 80 65 12 0 0 153 9 0 0 0 0 0 22 0 15 0 0 0 1 4 1 1 1 0 0 0 0 2 0 0 0 0 0 614 640 467 1174 0 0 870 149 2 2 0 0 0 7
0 14 2 0 0 0 0 0 0 0 0 0 0 0 0 0 1 0 2 0 1 0 0 0 0 0 24 0 0 0 0 0 0 3 27 1 694 0 0 0 80 12 0 0 7 0 0 83 0 0 0 19 876 0 33 0 536 0 1 1865 888 10 30 182 0 0 1 1114
0 0 0 0 0 0 0 0 0 0 0 0 0 0 0 0 0 0 0 0 0 0 0 0 0 0 0 0 0 0 0 0 0 0 0 0 0 0 0 0 0 0 0 0 1584 5 0 2 0 0 19 0 490 0 1 0 1 0 0 339 1 0 3 4 0 2 0 71
0 1 0 0 0 0 0 0 0 0 0 0 0 0 0 0 0 0 0 0 0 0 0 0 1 0 1 0 0 0 0 0 0 2 6 0 1 0 0 0 1 0 2 1 105 1 0 4 0 0 876 490 0 0 12 0 10 1 0 1007 53 10 18 54 0 0 3 536
0 0 0 130 0 24 3 5 35 65 0 21 0 2 3 0 0 0 0 88 0 1 0 53 0 0 0 157 1 0 0 0 0 1 2 0 0 1987 1 61 0 4 47 1629 2 1691 0 16 17 0 0 0 0 0 0 0 0 154 0 0 0 76 21 1 0 1 0 24
0 0 0 0 0 0 0 0 0 0 0 0 0 0 0 32 0 0 0 0 28 8 1 5 0 0 0 6 1 1 0 0 0 9 3 0 41 0 0 0 171 15 0 0 1 0 0 17 20 614 33 1 12 0 0 4 5431 47 0 2 31 1838 24 2565 0 0 13 1368
0 5 2 1 0 0 3 0 7 1 2 0 3 0 0 79 0 0 0 0 14 299 10 33 3 0 94 14 0 0 1 0 0 13 0 387 0 0 2 0 0 0 365 0 4 0 39 0 1 640 0 0 0 0 4 0 8 973 44 1 656 5 0 0 1 0 0 0
0 1 2 0 0 0 0 0 0 0 0 0 0 0 0 80 1 0 1 0 1 8 37 1 0 0 74 1 0 2 0 0 0 19 11 1 1795 0 0 1 520 48 0 1 0 0 0 60 5 467 536 1 10 0 5431 8 0 34 0 38 1694 182 14 803 0 0 1 958
8 3 0 98 0 14 5 10 55 92 1 22 0 2 8 42 0 0 0 84 46 70 2 260 2 0 19 236 12 8 0 0 3 34 0 151 0 1509 17 31 52 11 1727 41 1 424 12 9 81 1174 0 0 1 154 47 973 34 0 101 3 576 1651 19 3 0 0 1 26
1 20 0 0 2 0 0 0 2 0 64 0 193 0 0 0 1 2 1 0 0 4 0 3 170 2 22 0 2 0 8 9 0 7 0 396 0 2 0 4 0 1 129 0 16 0 838 0 0 0 1 0 0 0 0 44 0 101 0 2 1253 0 1 0 3 3 0 16
0 18 1 0 0 0 0 0 0 0 3 0 10 0 0 0 5 0 12 0 0 0 0 0 15 31 76 0 0 0 9 0 0 16 22 1 983 0 1 29 34 15 0 0 780 14 10 53 26 0 1865 339 1007 0 2 1 38 3 2 0 3367 2 47 53 294 28 2 346
0 240 46 0 0 0 1 0 8 0 38 0 117 0 0 26 67 2 39 0 0 64 84 6 255 223 1008 2 0 1 102 0 0 230 7 1610 2098 1 0 7 61 15 286 0 8 2 565 26 9 870 888 1 53 0 31 656 1694 576 1253 3367 0 100 11 32 151 1 4 702
2 0 0 20 0 2 0 1 19 6 0 1 1 1 1 17 0 0 0 7 9 7 0 53 0 0 1 38 4 3 0 0 0 14 13 1 22 834 2 127 4733 144 17 1342 1 63 0 69 27 149 10 0 10 76 1838 5 182 1651 0 2 100 0 240 1877 0 0 20 326
0 0 0 0 0 0 0 0 3 0 0 0 0 0 0 0 0 0 0 0 0 0 0 0 0 0 0 0 1 0 0 0 0 2 1085 0 3 33 0 38 73 27 12 264 327 120 23 1437 15 2 30 3 18 21 24 0 14 19 1 47 11 240 0 1323 9 119 648 1105
0 0 0 0 0 0 0 0 1 0 0 1 1 0 0 0 0 0 0 1 0 0 0 0 0 0 0 0 0 1 0 0 0 4 808 1 66 0 0 1 1723 9 0 2 8 0 0 492 0 2 182 4 54 1 2565 0 803 3 0 53 32 1877 1323 0 1 0 274 645
0 0 0 0 0 0 0 0 0 0 17 0 137 0 0 0 0 0 0 0 0 0 0 0 15 22 24 0 0 0 42 0 0 0 0 0 0 0 1 2 0 4 0 0 158 0 719 9 0 0 0 0 0 0 0 1 0 0 3 294 151 0 9 1 0 26 0 40
0 0 0 0 0 0 0 0 0 0 0 0 1 0 0 0 0 0 0 0 0 0 0 0 0 0 0 0 0 0 0 0 0 0 0 0 0 0 145 17 0 163 1 0 323 1 142 2 0 0 0 2 0 1 0 0 0 0 3 28 1 0 119 0 26 0 0 495
0 0 0 0 0 0 0 0 0 0 0 0 0 0 0 0 0 0 0 0 0 0 0 0 0 0 0 0 0 0 0 0 0 0 0 0 0 0 0 0 1 0 4 0 1 1 0 4 0 0 1 0 3 0 13 0 1 1 0 2 4 20 648 274 0 0 0 388
0 17 2 0 0 7 0 1 2 1 3 0 92 0 0 0 4 2 4 2 0 0 1 2 4 5 19 2 3 0 0 0 0 14 12 6 4 30 214 98 27 53 29 201 1242 196 274 97 42 7 1114 71 536 24 1368 0 958 26 16 346 702 326 1105 645 40 495 388 0
