0 0 28 0 0 2 509 133 0 16 4 0 0 1237 1 0 81 2 59 0 0 1 18 3 1 29 13 10 711 350 0 1 0 16 0 1 0 0 0 0 0 0 1 0 0 0 0 0 0 0 0 0 0 0 0 0 0 1 0 0 1 1 0 0 0 0 0 0
0 0 1 0 0 0 2 0 37 0 0 0 70 0 2 2 0 0 0 0 0 201 0 54 514 3 1150 0 0 0 0 0 0 1 0 178 2 0 0 0 0 0 1 0 0 0 8 0 0 0 0 0 0 0 0 2 0 5 68 10 216 0 0 0 0 0 0 0
28 1 0 0 0 0 422 49 0 3 0 1 0 43 1 1 715 0 34 0 24 4 3403 1 0 1443 3579 90 6 79 0 0 0 26 0 6 92 0 0 0 0 0 0 0 0 0 0 0 0 4 6 0 2 0 0 3 8 1 0 57 380 0 0 0 0 0 0 1
0 0 0 0 16 7 2 2 70 1512 2 1140 0 2 30 0 0 0 0 2403 0 0 0 355 0 0 0 1543 13 0 0 0 1 8 0 6 0 31 0 0 0 0 36 0 0 48 0 0 12 0 0 0 0 36 0 0 0 107 0 0 0 31 0 0 0 0 0 0
0 0 0 16 0 385 1 37 85 15 6 91 3 0 758 0 0 1 0 7 1 3 0 39 0 0 0 28 0 0 0 354 0 110 0 5 0 6 1 0 0 0 15 0 0 23 0 0 8 0 0 0 0 3 0 0 0 3 0 0 0 1 0 0 0 0 0 0
2 0 0 7 385 0 378 1586 5 2624 13 2727 0 58 560 0 4 1 3 15 0 0 5 8 0 7 0 107 48 1 1 23 2 29 0 0 0 0 0 17 0 0 1 0 0 27 0 0 1 0 0 0 0 0 0 0 0 1 0 0 0 0 0 0 0 0 0 0
509 2 422 2 1 378 0 428 1 1499 3 11 2 1086 10 0 45 0 4 0 12 0 361 18 0 22 13 4190 198 1262 0 0 8 74 0 0 0 0 0 0 0 0 2 0 0 2 0 1 0 1 0 0 0 0 0 1 0 4 0 0 0 1 0 0 0 0 0 0
133 0 49 2 37 1586 428 0 12 891 9 123 4 2661 21 0 81 2 20 3 3 0 17 4 0 18 12 35 104 65 0 254 0 21 0 0 0 0 0 0 0 0 0 0 0 1 0 0 0 0 0 0 0 0 0 0 0 0 0 0 0 0 0 0 0 0 0 1
0 37 0 70 85 5 1 12 0 28 4 229 33 4 276 0 1 0 0 39 0 512 0 2523 164 6 163 99 10 1 0 4 2 14 1 4 1 10 3 3 1 0 165 7 0 5 1 2 4 0 1 0 0 8 1 12 1 88 3 0 4 39 3 0 0 0 0 2
16 0 3 1512 15 2624 1499 891 28 0 34 1430 7 1067 55 0 6 2 4 865 0 0 0 24 0 8 1 987 206 0 0 4 0 181 0 19 0 2 0 0 0 0 55 0 0 56 1 0 31 0 0 0 0 10 0 0 0 126 0 0 0 1 0 0 0 0 0 0
4 0 0 2 6 13 3 9 4 34 0 80 242 50 6 0 10 1658 452 7 0 0 1 2 4 478 37 16 450 5 30 131 0 1371 0 8 0 0 0 0 0 0 0 0 27 0 151 0 0 0 0 0 0 0 0 0 0 0 7 4 9 0 0 0 5 0 0 2
0 0 1 1140 91 2727 11 123 229 1430 80 0 7 114 800 0 1 5 5 1838 0 0 0 223 0 8 1 155 154 0 0 18 0 105 0 4 0 18 5 74 0 0 30 31 0 242 0 0 30 0 0 0 0 17 0 0 0 20 0 0 0 62 1 0 0 0 0 0
0 70 0 0 3 0 2 4 33 7 242 7 0 0 12 0 0 0 0 1 2 14 1 24 778 30 679 2 20 0 113 27 0 133 0 123 0 0 0 0 0 0 0 1 64 0 731 1 0 0 0 0 2 0 0 4 0 0 125 50 180 0 0 0 32 0 0 5
1237 0 43 2 0 58 1086 2661 4 1067 50 114 0 0 12 0 89 7 29 9 2 0 37 4 0 31 5 118 1316 401 0 0 0 39 0 0 0 0 0 0 0 0 0 0 0 0 0 0 0 0 0 0 0 0 0 0 0 1 0 0 0 0 0 0 0 0 0 0
1 2 1 30 758 560 10 21 276 55 6 800 12 12 0 2 0 1 2 23 42 2 34 146 1 5 12 123 15 0 0 62 1 32 0 17 0 18 14 8 1 2 28 23 0 51 5 1 18 0 0 0 0 29 0 0 0 42 0 0 1 68 0 0 0 0 0 3
0 2 1 0 0 0 0 0 0 0 0 0 0 0 2 0 0 0 0 0 612 568 894 628 0 0 858 462 0 0 0 0 0 4 0 0 17 0 0 0 0 0 0 0 0 0 0 0 0 833 1 0 0 0 14 51 337 47 0 0 231 12 0 1 0 0 0 0
81 0 715 0 0 4 45 81 1 6 10 1 0 89 0 0 0 3 1299 0 16 0 1027 1 0 710 533 13 56 96 0 0 3 1157 0 0 6 0 0 0 0 0 0 0 0 0 0 0 0 1 0 0 1 0 0 0 0 0 0 5 29 0 0 0 0 0 0 0
2 0 0 0 1 1 0 2 0 2 1658 5 0 7 1 0 3 0 115 0 0 0 0 3 0 765 0 0 71 1 0 0 0 64 0 0 0 0 0 0 0 0 0 0 0 0 0 0 0 0 0 0 0 0 0 0 0 0 1 4 8 0 0 0 1 0 0 0
59 0 34 0 0 3 4 20 0 4 452 5 0 29 2 0 1299 115 0 2 7 0 27 0 0 1187 43 4 99 31 0 0 0 984 0 2 0 0 0 0 0 0 0 0 0 0 0 0 0 0 0 0 0 0 0 2 0 0 1 1 6 0 0 0 0 0 0 0
0 0 0 2403 7 15 0 3 39 865 7 1838 1 9 23 0 0 0 2 0 0 0 0 188 0 0 0 87 15 0 0 0 0 13 0 6 0 17 0 1 0 0 10 5 0 22 0 0 11 0 0 0 0 9 0 0 0 31 0 0 0 34 0 0 0 0 0 0
0 0 24 0 1 0 12 3 0 0 0 0 2 2 42 612 16 0 7 0 0 1 5960 3 0 2 9 1729 9 2033 0 0 34 1511 0 0 0 0 0 0 0 0 0 0 0 0 0 0 0 9 0 0 0 0 6 1 0 15 0 0 1 12 0 0 0 0 0 1
1 201 4 0 3 0 0 0 512 0 0 0 14 0 2 568 0 0 0 0 1 0 2 791 124 3 539 15 0 0 0 1 0 3 0 14 3 0 0 0 0 0 13 0 0 0 2 0 0 86 0 0 0 0 6 175 7 44 4 0 89 13 0 0 0 0 0 0
18 0 3403 0 0 5 361 17 0 0 1 0 1 37 34 894 1027 0 27 0 5960 2 0 7 0 92 2899 619 6 487 0 0 0 1741 0 4 96 0 0 0 0 0 1 0 0 0 0 0 1 310 0 0 0 0 1 13 196 14 0 0 432 8 0 1 0 0 0 1
3 54 1 355 39 8 18 4 2523 24 2 223 24 4 146 628 1 3 0 188 3 791 7 0 94 1 346 2396 48 3 0 0 14 54 0 1 0 26 1 11 4 2 69 31 0 44 0 2 7 47 0 0 0 24 26 25 8 471 0 0 4 335 3 3 0 0 0 20
1 514 0 0 0 0 0 0 164 0 4 0 778 0 1 0 0 0 0 0 0 124 0 94 0 7 694 0 0 0 0 0 0 1 0 251 0 0 0 0 0 0 3 0 8 0 220 0 0 0 0 0 0 0 0 2 0 2 191 16 124 0 0 0 6 0 0 1
29 3 1443 0 0 7 22 18 6 8 478 8 30 31 5 0 710 765 1187 0 2 3 92 1 7 0 3752 5 72 9 173 0 0 260 0 41 0 0 0 0 0 0 0 0 2 0 81 0 0 1 0 2 15 0 0 1 0 0 20 316 581 0 0 0 21 0 0 5
13 1150 3579 0 0 0 13 12 163 1 37 1 679 5 12 858 533 0 43 0 9 539 2899 346 694 3752 0 128 25 13 174 0 0 851 0 354 245 0 0 0 0 0 0 0 4 0 125 0 0 108 11 0 15 0 1 73 64 16 95 418 3890 2 0 0 15 0 0 12
10 0 90 1543 28 107 4190 35 99 987 16 155 2 118 123 462 13 0 4 87 1729 15 619 2396 0 5 128 0 338 2209 0 0 83 473 0 7 0 21 0 1 2 0 47 0 0 111 1 2 14 18 0 0 0 45 15 8 2 328 0 0 5 84 1 3 0 0 0 19
711 0 6 13 0 48 198 104 10 206 450 154 20 1316 15 0 56 71 99 15 9 0 6 48 0 72 25 338 0 1478 1 57 449 1081 0 2 0 1 0 0 0 0 0 0 0 0 1 0 1 0 0 0 0 0 0 0 0 12 0 0 1 4 0 1 0 0 0 3
350 0 79 0 0 1 1262 65 1 0 5 0 0 401 0 0 96 1 31 0 2033 0 487 3 0 9 13 2209 1478 0 0 0 297 697 0 0 0 0 0 0 0 0 0 0 0 0 0 0 0 0 0 0 0 0 0 0 0 0 0 0 0 0 0 0 0 0 0 0
0 0 0 0 0 1 0 0 0 0 30 0 113 0 0 0 0 0 0 0 0 0 0 0 0 173 174 0 1 0 0 0 0 1 0 1 0 0 0 0 0 0 0 0 5 0 64 0 0 0 0 0 0 0 0 0 0 0 2 14 28 0 0 0 7 0 0 0
1 0 0 0 354 23 0 254 4 4 131 18 27 0 62 0 0 0 0 0 0 1 0 0 0 0 0 0 57 0 0 0 0 305 0 0 0 0 0 0 0 0 0 0 0 0 0 0 0 0 0 0 0 0 0 0 0 0 0 0 0 0 0 0 0 0 0 0
0 0 0 1 0 2 8 0 2 0 0 0 0 0 1 0 3 0 0 0 34 0 0 14 0 0 0 83 449 297 0 0 0 335 0 0 0 0 0 0 0 0 3 0 0 0 0 0 1 0 0 0 0 0 0 0 0 2 0 0 0 0 0 1 0 0 0 0
16 1 26 8 110 29 74 21 14 181 1371 105 133 39 32 4 1157 64 984 13 1511 3 1741 54 1 260 851 473 1081 697 1 305 335 0 0 16 7 4 0 0 0 0 2 0 0 4 1 0 3 4 0 0 0 1 3 1 2 77 2 20 51 33 0 0 0 0 0 3
0 0 0 0 0 0 0 0 1 0 0 0 0 0 0 0 0 0 0 0 0 0 0 0 0 0 0 0 0 0 0 0 0 0 0 0 2 0 0 3 431 65 0 23 8 10 1 934 0 1 0 7 2 2 0 0 0 2 0 1 1 15 493 373 0 0 0 7
1 178 6 6 5 0 0 0 4 19 8 4 123 0 17 0 0 0 2 6 0 14 4 1 251 41 354 7 2 0 1 0 0 16 0 0 5 1 18 4 0 6 150 3 18 50 281 4 8 0 0 0 0 9 0 320 5 118 1022 4 1353 10 4 1 1 0 0 167
0 2 92 0 0 0 0 0 1 0 0 0 0 0 0 17 6 0 0 0 0 3 96 0 0 0 245 0 0 0 0 0 0 7 2 5 0 0 0 2 302 13 0 0 0 0 0 23 1 0 424 0 10 0 98 1 2760 0 0 1363 3657 45 3 27 0 0 0 5
0 0 0 31 6 0 0 0 10 2 0 18 0 0 18 0 0 0 0 17 0 0 0 26 0 0 0 21 1 0 0 0 0 4 0 1 0 0 22 16 1 6 78 1338 1 1090 0 3 41 0 0 0 0 2594 0 1 0 773 0 0 0 1956 15 0 0 0 0 21
0 0 0 0 1 0 0 0 3 0 0 5 0 0 14 0 0 0 0 0 0 0 0 1 0 0 0 0 0 0 0 0 0 0 0 18 0 22 0 510 4 32 58 10 7 48 9 0 938 0 0 0 0 2 5 5 6 81 0 0 1 28 0 0 0 133 0 219
0 0 0 0 0 17 0 0 3 0 0 74 0 0 8 0 0 0 0 1 0 0 0 11 0 0 0 1 0 0 0 0 0 0 3 4 2 16 510 0 142 1611 30 2479 13 2590 2 27 487 0 0 20 0 95 0 0 0 29 0 1 1 360 22 2 0 234 0 26
0 0 0 0 0 0 0 0 1 0 0 0 0 0 1 0 0 0 0 0 0 0 0 4 0 0 0 2 0 0 0 0 0 0 431 0 302 1 4 142 0 528 3 1661 3 34 1 2616 11 2 25 5 6 1 12 0 396 77 0 9 13 3552 98 1361 0 0 1 52
0 0 0 0 0 0 0 0 0 0 0 0 0 0 2 0 0 0 0 0 0 0 0 2 0 0 0 0 0 0 0 0 0 0 65 6 13 6 32 1611 528 0 28 871 60 89 11 2175 55 0 1 31 3 13 1 0 25 22 0 11 3 154 54 40 1 336 0 62
1 1 0 36 15 1 2 0 165 55 0 30 0 0 28 0 0 0 0 10 0 13 1 69 3 0 0 47 0 0 0 0 3 2 0 150 0 78 58 30 3 28 0 13 2 266 74 11 296 1 0 2 2 40 0 491 0 1632 93 0 64 152 20 1 0 2 0 50
0 0 0 0 0 0 0 0 7 0 0 31 1 0 23 0 0 0 0 5 0 0 0 31 0 0 0 0 0 0 0 0 0 0 23 3 0 1338 10 2479 1661 871 13 0 6 2782 3 448 62 0 0 1 0 1393 0 0 0 42 0 0 0 1595 155 1 0 0 0 232
0 0 0 0 0 0 0 0 0 0 27 0 64 0 0 0 0 0 0 0 0 0 0 0 8 2 4 0 0 0 5 0 0 0 8 18 0 1 7 13 3 60 2 6 0 31 314 100 4 0 80 1361 305 7 13 0 8 9 2 405 0 12 437 34 64 125 0 1295
0 0 0 48 23 27 2 1 5 56 0 242 0 0 51 0 0 0 0 22 0 0 0 44 0 0 0 111 0 0 0 0 0 4 10 50 0 1090 48 2590 34 89 266 2782 31 0 10 75 647 0 1 53 15 2493 0 4 1 432 0 3 4 643 101 0 0 0 0 128
0 8 0 0 0 0 0 0 1 1 151 0 731 0 5 0 0 0 0 0 0 2 0 0 220 81 125 1 1 0 64 0 0 1 1 281 0 0 9 2 1 11 74 3 314 10 0 4 20 0 0 0 1 0 0 50 0 13 502 102 621 5 24 0 307 97 0 388
0 0 0 0 0 0 1 0 2 0 0 0 1 0 1 0 0 0 0 0 0 0 0 2 0 0 0 2 0 0 0 0 0 0 934 4 23 3 0 27 2616 2175 11 448 100 75 4 0 4 0 9 45 2 12 0 0 36 20 0 9 2 125 1310 385 0 130 2 106
0 0 0 12 8 1 0 0 4 31 0 30 0 0 18 0 0 0 0 11 0 0 1 7 0 0 0 14 1 0 0 0 1 3 0 8 1 41 938 487 11 55 296 62 4 647 20 4 0 2 0 3 1 16 9 3 0 214 4 0 0 120 6 0 0 8 0 15
0 0 4 0 0 0 1 0 0 0 0 0 0 0 0 833 1 0 0 0 9 86 310 47 0 1 108 18 0 0 0 0 0 4 1 0 0 0 0 0 2 0 1 0 0 0 0 0 2 0 0 0 0 0 786 775 1017 749 0 1 1494 292 0 0 0 0 0 6
0 0 6 0 0 0 0 0 1 0 0 0 0 0 0 1 0 0 0 0 0 0 0 0 0 0 11 0 0 0 0 0 0 0 0 0 424 0 0 0 25 1 0 0 80 1 0 9 0 0 0 0 933 0 18 1 1202 0 0 847 300 3 3 149 0 0 1 900
0 0 0 0 0 0 0 0 0 0 0 0 0 0 0 0 0 0 0 0 0 0 0 0 0 2 0 0 0 0 0 0 0 0 7 0 0 0 0 20 5 31 2 1 1361 53 0 45 3 0 0 0 462 3 2 1 1 2 0 248 1 0 56 2 0 2 2 186
0 0 2 0 0 0 0 0 0 0 0 0 2 0 0 0 1 0 0 0 0 0 0 0 0 15 15 0 0 0 0 0 0 0 2 0 10 0 0 0 6 3 2 0 305 15 1 2 1 0 933 462 0 0 16 0 37 7 0 1089 61 2 8 73 0 0 2 635
0 0 0 36 3 0 0 0 8 10 0 17 0 0 29 0 0 0 0 9 0 0 0 24 0 0 0 45 0 0 0 0 0 1 2 9 0 2594 2 95 1 13 40 1393 7 2493 0 12 16 0 0 3 0 0 0 0 0 124 0 0 0 532 19 0 0 1 0 34
0 0 0 0 0 0 0 0 1 0 0 0 0 0 0 14 0 0 0 0 6 6 1 26 0 0 1 15 0 0 0 0 0 3 0 0 98 0 5 0 12 1 0 0 13 0 0 0 9 786 18 2 16 0 0 5 5996 39 0 0 22 2001 49 2043 0 0 2 1295
0 2 3 0 0 0 1 0 12 0 0 0 4 0 0 51 0 0 2 0 1 175 13 25 2 1 73 8 0 0 0 0 0 1 0 320 1 1 5 0 0 0 491 0 0 4 50 0 3 775 1 1 0 0 5 0 68 793 77 0 1000 15 2 3 0 0 0 0
0 0 8 0 0 0 0 0 1 0 0 0 0 0 0 337 0 0 0 0 0 7 196 8 0 0 64 2 0 0 0 0 0 2 0 5 2760 0 6 0 396 25 0 0 8 1 0 36 0 1017 1202 1 37 0 5996 68 0 13 0 291 2010 477 17 473 0 0 1 1023
1 5 1 107 3 1 4 0 88 126 0 20 0 1 42 47 0 0 0 31 15 44 14 471 2 0 16 328 12 0 0 0 2 77 2 118 0 773 81 29 77 22 1632 42 9 432 13 20 214 749 0 2 7 124 39 793 13 0 27 1 371 2642 55 7 0 0 3 64
0 68 0 0 0 0 0 0 3 0 7 0 125 0 0 0 0 1 1 0 0 4 0 0 191 20 95 0 0 0 2 0 0 2 0 1022 0 0 0 0 0 0 93 0 2 0 502 0 4 0 0 0 0 0 0 77 0 27 0 2 728 0 0 0 0 0 0 1
0 10 57 0 0 0 0 0 0 0 4 0 50 0 0 0 5 4 1 0 0 0 0 0 16 316 418 0 0 0 14 0 0 20 1 4 1363 0 0 1 9 11 0 0 405 3 102 9 0 1 847 248 1089 0 0 0 291 1 2 0 2707 1 18 9 202 1 1 40
1 216 380 0 0 0 0 0 4 0 9 0 180 0 1 231 29 8 6 0 1 89 432 4 124 581 3890 5 1 0 28 0 0 51 1 1353 3657 0 1 1 13 3 64 0 0 4 621 2 0 1494 300 1 61 0 22 1000 2010 371 728 2707 0 87 2 24 115 0 0 320
1 0 0 31 1 0 1 0 39 1 0 62 0 0 68 12 0 0 0 34 12 13 8 335 0 0 2 84 4 0 0 0 0 33 15 10 45 1956 28 360 3552 154 152 1595 12 643 5 125 120 292 3 0 2 532 2001 15 477 2642 0 1 87 0 317 2318 0 0 16 499
0 0 0 0 0 0 0 0 3 0 0 1 0 0 0 0 0 0 0 0 0 0 0 3 0 0 0 1 0 0 0 0 0 0 493 4 3 15 0 22 98 54 20 155 437 101 24 1310 6 0 3 56 8 19 49 2 17 55 0 18 2 317 0 1046 0 8 849 1350
0 0 0 0 0 0 0 0 0 0 0 0 0 0 0 1 0 0 0 0 0 0 1 3 0 0 0 3 1 0 0 0 1 0 373 1 27 0 0 2 1361 40 1 1 34 0 0 385 0 0 149 2 73 0 2043 3 473 7 0 9 24 2318 1046 0 0 0 200 1069
0 0 0 0 0 0 0 0 0 0 5 0 32 0 0 0 0 1 0 0 0 0 0 0 6 21 15 0 0 0 7 0 0 0 0 1 0 0 0 0 0 1 0 0 64 0 307 0 0 0 0 0 0 0 0 0 0 0 0 202 115 0 0 0 0 0 0 3
0 0 0 0 0 0 0 0 0 0 0 0 0 0 0 0 0 0 0 0 0 0 0 0 0 0 0 0 0 0 0 0 0 0 0 0 0 0 133 234 0 336 2 0 125 0 97 130 8 0 0 2 0 1 0 0 0 0 0 1 0 0 8 0 0 0 0 369
0 0 0 0 0 0 0 0 0 0 0 0 0 0 0 0 0 0 0 0 0 0 0 0 0 0 0 0 0 0 0 0 0 0 0 0 0 0 0 0 1 0 0 0 0 0 0 2 0 0 1 2 2 0 2 0 1 3 0 1 0 16 849 200 0 0 0 396
0 0 1 0 0 0 0 1 2 0 2 0 5 0 3 0 0 0 0 0 1 0 1 20 1 5 12 19 3 0 0 0 0 3 7 167 5 21 219 26 52 62 50 232 1295 128 388 106 15 6 900 186 635 34 1295 0 1023 64 1 40 320 499 1350 1069 3 369 396 0
