0 0 8 0 1 8 1438 66 0 4 1 2 1 1485 1 0 78 2 15 0 0 0 17 0 0 25 3 2 1003 596 0 0 1 14 0 0 0 0 0 0 0 0 0 0 0 0 0 0 0 0 0 0 0 0 1 0 0 0 0 0 0 1 0 1 0 0 0 0
0 0 1 0 0 2 2 0 23 0 2 2 237 2 3 15 1 1 2 0 1 353 1 57 293 11 1298 7 0 1 0 1 0 4 0 297 0 0 0 0 0 0 2 0 1 0 26 0 0 1 0 0 4 0 0 10 0 11 16 25 180 0 0 0 3 0 0 4
8 1 0 0 0 52 502 110 0 3 0 1 0 82 1 0 229 0 2 0 30 0 3364 9 0 2908 3478 78 3 108 0 0 0 41 0 11 95 0 0 0 0 0 0 0 0 0 0 0 0 6 25 0 1 0 1 0 89 2 0 30 382 0 0 0 0 0 0 7
0 0 0 0 5 20 4 14 91 860 0 713 4 1 40 0 0 0 0 3758 0 0 0 507 0 0 0 1718 8 0 0 0 0 10 0 0 0 75 0 2 2 0 24 0 0 33 0 0 0 0 0 0 0 16 0 0 0 106 0 0 0 27 0 0 0 0 0 0
1 0 0 5 0 321 3 3 94 9 15 65 74 0 814 0 0 0 0 8 6 38 15 13 0 0 0 24 3 2 0 150 1 397 0 0 0 0 3 2 0 1 1 2 0 2 0 2 3 0 0 0 0 0 0 0 0 2 0 0 0 0 0 0 0 0 0 1
8 2 52 20 321 0 540 3025 151 2697 17 4022 101 150 872 0 6 4 4 23 0 1 16 24 0 12 2 113 68 4 1 330 1 59 0 0 0 6 0 25 2 16 7 9 0 111 0 7 10 0 0 0 0 26 0 0 0 31 1 0 0 33 2 0 0 3 0 15
1438 2 502 4 3 540 0 840 21 2508 2 73 23 3020 23 1 48 0 1 6 96 0 379 51 0 75 65 4801 210 2238 0 6 3 84 0 2 0 3 0 11 8 0 5 2 0 5 0 0 4 1 0 0 0 7 1 0 0 95 0 0 0 63 2 7 0 0 0 4
66 0 110 14 3 3025 840 0 27 405 18 205 40 3187 28 0 106 2 13 7 1 1 42 2 1 90 1 34 93 16 1 53 1 21 0 0 0 1 1 7 3 13 0 1 0 9 1 4 1 0 0 0 0 4 0 0 0 15 1 0 0 5 1 0 0 2 0 2
0 23 0 91 94 151 21 27 0 46 8 396 116 8 531 1 4 1 2 109 0 572 0 1860 95 10 299 286 14 0 0 2 1 11 0 2 0 9 2 8 5 0 181 19 1 96 1 2 13 2 0 0 0 18 1 18 0 123 6 0 1 25 3 10 0 1 0 4
4 0 3 860 9 2697 2508 405 46 0 1 1951 34 202 26 0 0 0 0 956 0 0 1 49 0 0 0 1431 179 2 0 4 1 103 0 0 0 15 0 9 3 0 31 3 0 67 0 0 6 0 0 0 0 25 0 0 0 209 0 0 0 38 0 0 0 0 0 0
1 2 0 0 15 17 2 18 8 1 0 34 777 64 14 0 126 1650 816 0 3 4 14 3 23 1078 34 2 213 5 55 127 2 1252 0 3 0 0 4 0 0 1 0 0 28 0 67 0 0 0 0 0 1 0 0 0 0 0 23 17 26 0 4 0 6 9 0 6
2 2 1 713 65 4022 73 205 396 1951 34 0 39 44 834 0 0 27 15 1878 0 2 0 478 0 21 3 619 73 1 0 3 0 66 0 0 0 52 4 50 6 1 34 38 0 630 0 0 20 0 0 0 0 91 0 0 0 86 0 0 0 60 0 2 0 0 0 7
1 237 0 4 74 101 23 40 116 34 777 39 0 6 30 2 0 3 1 7 6 184 3 28 1086 45 834 31 40 5 392 237 0 437 1 47 0 0 24 2 4 13 3 0 254 2 819 4 9 0 0 0 0 0 0 20 0 1 282 20 83 2 19 0 29 83 0 54
1485 2 82 1 0 150 3020 3187 8 202 64 44 6 0 5 0 334 21 62 2 3 0 71 4 1 190 27 19 2185 156 2 94 0 76 0 1 0 0 0 1 0 0 0 0 1 0 0 0 2 0 0 0 0 0 0 0 0 2 0 0 0 3 0 1 0 0 0 1
1 3 1 40 814 872 23 28 531 26 14 834 30 5 0 2 1 2 0 45 19 60 14 81 0 6 42 114 16 12 0 28 0 9 0 0 0 3 2 7 2 0 24 15 0 90 0 0 6 1 0 0 0 8 0 4 0 10 0 0 3 9 1 4 0 0 0 10
0 15 0 0 0 0 1 0 1 0 0 0 2 0 2 0 0 0 0 0 545 1004 747 860 3 2 1281 114 0 2 0 1 0 6 0 9 8 0 0 0 0 0 0 0 0 0 0 0 0 356 0 0 0 0 70 149 213 94 0 0 292 15 1 2 0 0 0 3
78 1 229 0 0 6 48 106 4 0 126 0 0 334 1 0 0 22 1472 0 25 0 1655 0 0 756 274 2 191 298 0 1 10 1348 0 11 56 0 0 0 0 0 0 0 0 0 1 0 0 1 21 0 15 0 0 0 14 0 0 70 205 0 0 0 0 0 0 6
2 1 0 0 0 4 0 2 1 0 1650 27 3 21 2 0 22 0 929 0 0 0 2 0 2 484 8 0 29 2 2 5 1 64 0 0 0 0 0 0 0 0 0 0 0 0 2 0 0 0 1 0 0 0 0 0 0 0 1 17 15 0 0 0 3 0 0 0
15 2 2 0 0 4 1 13 2 0 816 15 1 62 0 0 1472 929 0 0 2 2 30 0 1 1794 106 0 119 22 0 3 10 793 0 8 2 0 0 0 0 0 0 0 0 0 2 0 0 0 4 0 1 0 0 1 0 0 5 39 94 0 0 0 1 0 0 3
0 0 0 3758 8 23 6 7 109 956 0 1878 7 2 45 0 0 0 0 0 0 0 0 259 0 0 0 762 15 0 0 1 0 11 0 0 0 95 0 12 1 0 22 38 0 45 0 0 2 0 0 0 0 63 0 0 0 119 0 0 0 94 0 0 0 0 0 0
0 1 30 0 6 0 96 1 0 0 3 0 6 3 19 545 25 0 2 0 0 2 6646 31 0 3 46 1615 32 3875 0 0 24 1141 0 0 3 0 0 0 0 0 1 0 0 0 0 0 0 115 0 0 0 0 103 15 93 68 0 0 25 20 1 14 0 0 0 5
0 353 0 0 38 1 0 1 572 0 4 2 184 0 60 1004 0 0 2 0 2 0 9 965 150 9 631 14 0 0 1 1 0 10 1 12 4 0 0 0 1 0 13 0 4 0 11 0 0 62 1 0 1 0 16 331 21 102 13 5 102 11 0 5 0 0 0 1
17 1 3364 0 15 16 379 42 0 1 14 0 3 71 14 747 1655 2 30 0 6646 9 0 70 0 415 3455 432 51 814 0 0 9 1443 0 3 70 0 0 0 0 0 1 0 0 0 0 0 0 388 10 0 0 0 37 48 864 5 0 8 753 2 0 1 0 0 0 2
0 57 9 507 13 24 51 2 1860 49 3 478 28 4 81 860 0 0 0 259 31 965 70 0 48 18 734 1863 17 2 0 0 2 32 0 4 0 20 0 4 10 1 109 20 0 11 0 0 6 65 0 0 0 21 28 63 12 854 4 0 39 319 4 13 0 0 0 30
0 293 0 0 0 0 0 1 95 0 23 0 1086 1 0 3 0 2 1 0 0 150 0 48 0 6 1012 1 1 0 6 3 0 4 0 37 0 0 0 0 0 0 1 0 5 0 86 0 0 0 0 0 0 0 0 6 0 0 260 15 76 0 1 0 4 5 0 9
25 11 2908 0 0 12 75 90 10 0 1078 21 45 190 6 2 756 484 1794 0 3 9 415 18 6 0 5782 7 57 42 328 17 0 196 0 43 29 0 0 0 0 0 0 0 7 0 135 0 0 2 32 0 77 0 0 2 7 0 54 575 993 0 0 0 62 0 0 27
3 1298 3478 0 0 2 65 1 299 0 34 3 834 27 42 1281 274 8 106 0 46 631 3455 734 1012 5782 0 280 26 26 402 2 1 752 0 407 178 0 0 0 0 0 0 0 21 0 217 0 0 109 82 1 68 0 6 123 459 9 208 576 4272 0 0 0 52 0 0 51
2 7 78 1718 24 113 4801 34 286 1431 2 619 31 19 114 114 2 0 0 762 1615 14 432 1863 1 7 280 0 105 1118 0 1 18 169 1 0 1 14 0 34 37 0 89 4 0 33 0 0 34 24 0 0 0 16 47 6 14 1015 0 0 12 403 14 53 0 0 1 53
1003 0 3 8 3 68 210 93 14 179 213 73 40 2185 16 0 191 29 119 15 32 0 51 17 1 57 26 105 0 1643 0 171 1051 1104 0 1 0 0 0 0 2 0 10 0 2 0 1 0 0 2 0 0 0 0 2 1 0 23 1 0 1 14 2 3 0 0 0 8
596 1 108 0 2 4 2238 16 0 2 5 1 5 156 12 2 298 2 22 0 3875 0 814 2 0 42 26 1118 1643 0 0 6 291 930 1 0 2 0 0 0 1 0 2 0 0 0 0 0 0 12 0 0 0 0 41 2 12 17 0 0 13 16 2 16 0 0 1 6
0 0 0 0 0 1 0 1 0 0 55 0 392 2 0 0 0 2 0 0 0 1 0 0 6 328 402 0 0 0 0 0 0 0 0 6 0 0 0 0 0 0 0 0 27 0 129 0 0 0 0 1 0 0 0 0 0 0 19 18 31 0 0 0 24 1 0 0
0 1 0 0 150 330 6 53 2 4 127 3 237 94 28 1 1 5 3 1 0 1 0 0 3 17 2 1 171 6 0 0 2 659 0 1 0 0 0 1 0 5 0 0 1 0 2 0 0 0 0 0 0 0 0 0 0 0 1 0 0 0 0 0 0 2 0 2
1 0 0 0 1 1 3 1 1 1 2 0 0 0 0 0 10 1 10 0 24 0 9 2 0 0 1 18 1051 291 0 2 0 749 0 0 0 0 0 0 0 0 3 0 0 0 0 0 0 0 0 0 0 0 2 0 0 2 0 0 0 4 0 0 0 0 0 0
14 4 41 10 397 59 84 21 11 103 1252 66 437 76 9 6 1348 64 793 11 1141 10 1443 32 4 196 752 169 1104 930 0 659 749 0 0 10 6 0 0 1 3 2 2 0 1 1 4 0 0 9 3 0 4 0 23 2 6 56 6 41 132 63 4 24 2 1 1 9
0 0 0 0 0 0 0 0 0 0 0 0 1 0 0 0 0 0 0 0 0 1 0 0 0 0 0 1 0 1 0 0 0 0 0 0 1 0 0 10 1250 48 1 11 17 13 1 1237 0 0 3 4 14 0 0 0 1 0 0 26 5 3 869 251 1 0 2 17
0 297 11 0 0 0 2 0 2 0 3 0 47 1 0 9 11 0 8 0 0 12 3 4 37 43 407 0 1 0 6 1 0 10 0 0 0 1 5 0 2 0 68 0 1 1 77 0 26 8 1 0 2 0 5 336 1 196 523 8 2105 1 0 2 0 0 0 11
0 0 95 0 0 0 0 0 0 0 0 0 0 0 0 8 56 0 2 0 3 4 70 0 0 29 178 1 0 2 0 0 0 6 1 0 0 1 0 82 431 56 0 1 0 2 0 35 1 0 148 0 3 0 61 1 2022 1 0 1202 3798 97 3 5 0 0 0 8
0 0 0 75 0 6 3 1 9 15 0 52 0 0 3 0 0 0 0 95 0 0 0 20 0 0 0 14 0 0 0 0 0 0 0 1 1 0 3 5 27 3 82 1544 1 760 0 5 23 0 0 0 0 2982 0 2 0 575 0 0 2 1976 12 0 0 2 0 16
0 0 0 0 3 0 0 1 2 0 4 4 24 0 2 0 0 0 0 0 0 0 0 0 0 0 0 0 0 0 0 0 0 0 0 5 0 3 0 714 1 3 42 7 45 32 44 1 1108 0 0 1 0 2 3 14 1 22 3 6 3 7 2 3 0 334 0 386
0 0 0 2 2 25 11 7 8 9 0 50 2 1 7 0 0 0 0 12 0 0 0 4 0 0 0 34 0 0 0 1 0 1 10 0 82 5 714 0 727 2826 42 1874 11 3568 1 170 1103 0 1 2 2 22 0 4 24 28 1 22 5 168 48 4 0 108 0 65
0 0 0 2 0 2 8 3 5 3 0 6 4 0 2 0 0 0 0 1 0 1 0 10 0 0 0 37 2 1 0 0 0 3 1250 2 431 27 1 727 0 597 11 3020 6 54 0 3101 16 0 260 2 128 12 2 0 434 108 0 487 81 6193 296 2778 0 0 3 134
0 0 0 0 1 16 0 13 0 0 1 1 13 0 0 0 0 0 0 0 0 0 0 1 0 0 0 0 0 0 0 5 0 2 48 0 56 3 3 2826 597 0 7 290 28 172 7 4670 15 0 2 6 2 11 1 0 16 2 0 58 3 15 14 19 0 137 0 94
0 2 0 24 1 7 5 0 181 31 0 34 3 0 24 0 0 0 0 22 1 13 1 109 1 0 0 89 10 2 0 0 3 2 1 68 0 82 42 42 11 7 0 58 9 358 38 11 376 1 0 0 2 84 0 428 0 2468 211 2 266 131 8 0 0 4 0 11
0 0 0 0 2 9 2 1 19 3 0 38 0 0 15 0 0 0 0 38 0 0 0 20 0 0 0 4 0 0 0 0 0 0 11 0 1 1544 7 1874 3020 290 58 0 1 2282 0 544 18 0 0 0 0 1757 0 0 0 109 0 0 0 1975 227 3 0 3 2 220
0 1 0 0 0 0 0 0 1 0 28 0 254 1 0 0 0 0 0 0 0 4 0 0 5 7 21 0 2 0 27 1 0 1 17 1 0 1 45 11 6 28 9 1 0 32 746 119 17 0 19 1876 119 1 5 0 11 5 46 985 11 5 331 14 71 262 1 1606
0 0 0 33 2 111 5 9 96 67 0 630 2 0 90 0 0 0 0 45 0 0 0 11 0 0 0 33 0 0 0 0 0 1 13 1 2 760 32 3568 54 172 358 2282 32 0 1 147 620 0 0 9 5 2728 0 0 1 740 0 9 5 1188 122 1 0 4 0 243
0 26 0 0 0 0 0 1 1 0 67 0 819 0 0 0 1 2 2 0 0 11 0 0 86 135 217 0 1 0 129 2 0 4 1 77 0 0 44 1 0 7 38 0 746 1 0 5 0 0 1 0 0 0 0 37 0 3 861 67 878 0 43 0 368 121 0 124
0 0 0 0 2 7 0 4 2 0 0 0 4 0 0 0 0 0 0 0 0 0 0 0 0 0 0 0 0 0 0 0 0 0 1237 0 35 5 1 170 3101 4670 11 544 119 147 5 0 18 0 5 12 20 12 0 0 7 14 0 88 4 39 1323 183 5 186 5 149
0 0 0 0 3 10 4 1 13 6 0 20 9 2 6 0 0 0 0 2 0 0 0 6 0 0 0 34 0 0 0 0 0 0 0 26 1 23 1108 1103 16 15 376 18 17 620 0 18 0 1 0 2 1 12 44 49 15 305 4 8 44 87 10 21 0 42 0 64
0 1 6 0 0 0 1 0 2 0 0 0 0 0 1 356 1 0 0 0 115 62 388 65 0 2 109 24 2 12 0 0 0 9 0 8 0 0 0 0 0 0 1 0 0 0 0 0 1 0 1 0 0 0 1021 1232 1209 919 3 5 1344 183 0 0 0 0 0 4
0 0 25 0 0 0 0 0 0 0 0 0 0 0 0 0 21 1 4 0 0 1 10 0 0 32 82 0 0 0 0 0 0 3 3 1 148 0 0 1 260 2 0 0 19 0 1 5 0 1 0 25 1397 0 33 0 682 0 0 950 165 86 3 218 0 0 0 1036
0 0 0 0 0 0 0 0 0 0 0 0 0 0 0 0 0 0 0 0 0 0 0 0 0 0 1 0 0 0 1 0 0 0 4 0 0 0 1 2 2 6 0 0 1876 9 0 12 2 0 25 0 706 0 7 0 12 1 0 108 1 0 24 21 0 8 0 160
0 4 1 0 0 0 0 0 0 0 1 0 0 0 0 0 15 0 1 0 0 1 0 0 0 77 68 0 0 0 0 0 0 4 14 2 3 0 0 2 128 2 2 0 119 5 0 20 1 0 1397 706 0 0 25 1 57 2 0 1495 82 5 10 251 0 0 1 833
0 0 0 16 0 26 7 4 18 25 0 91 0 0 8 0 0 0 0 63 0 0 0 21 0 0 0 16 0 0 0 0 0 0 0 0 0 2982 2 22 12 11 84 1757 1 2728 0 12 12 0 0 0 0 0 0 0 0 127 0 0 0 1212 33 0 0 0 0 62
1 0 1 0 0 0 1 0 1 0 0 0 0 0 0 70 0 0 0 0 103 16 37 28 0 0 6 47 2 41 0 0 2 23 0 5 61 0 3 0 2 1 0 0 5 0 0 0 44 1021 33 7 25 0 0 25 7089 81 0 8 78 1730 7 3033 0 0 3 941
0 10 0 0 0 0 0 0 18 0 0 0 20 0 4 149 0 0 1 0 15 331 48 63 6 2 123 6 1 2 0 0 0 2 0 336 1 2 14 4 0 0 428 0 0 0 37 0 49 1232 0 0 1 0 25 0 11 1200 121 3 706 7 0 2 0 0 0 8
0 0 89 0 0 0 0 0 0 0 0 0 0 0 0 213 14 0 0 0 93 21 864 12 0 7 459 14 0 12 0 0 0 6 1 1 2022 0 1 24 434 16 0 0 11 1 0 7 15 1209 682 12 57 0 7089 11 0 58 0 290 2864 722 2 415 0 0 0 858
0 11 2 106 2 31 95 15 123 209 0 86 1 2 10 94 0 0 0 119 68 102 5 854 0 0 9 1015 23 17 0 0 2 56 0 196 1 575 22 28 108 2 2468 109 5 740 3 14 305 919 0 1 2 127 81 1200 58 0 146 1 712 2095 47 12 0 2 5 71
0 16 0 0 0 1 0 1 6 0 23 0 282 0 0 0 0 1 5 0 0 13 0 4 260 54 208 0 1 0 19 1 0 6 0 523 0 0 3 1 0 0 211 0 46 0 861 0 4 3 0 0 0 0 0 121 0 146 0 12 1219 0 1 0 4 5 0 70
0 25 30 0 0 0 0 0 0 0 17 0 20 0 0 0 70 17 39 0 0 5 8 0 15 575 576 0 0 0 18 0 0 41 26 8 1202 0 6 22 487 58 2 0 985 9 67 88 8 5 950 108 1495 0 8 3 290 1 12 0 4397 31 25 55 590 34 0 130
0 180 382 0 0 0 0 0 1 0 26 0 83 0 3 292 205 15 94 0 25 102 753 39 76 993 4272 12 1 13 31 0 0 132 5 2105 3798 2 3 5 81 3 266 0 11 5 878 4 44 1344 165 1 82 0 78 706 2864 712 1219 4397 0 137 9 6 286 1 0 335
1 0 0 27 0 33 63 5 25 38 0 60 2 3 9 15 0 0 0 94 20 11 2 319 0 0 0 403 14 16 0 0 4 63 3 1 97 1976 7 168 6193 15 131 1975 5 1188 0 39 87 183 86 0 5 1212 1730 7 722 2095 0 31 137 0 172 1583 0 0 5 235
0 0 0 0 0 2 2 1 3 0 4 0 19 0 1 1 0 0 0 0 1 0 0 4 1 0 0 14 2 2 0 0 0 4 869 0 3 12 2 48 296 14 8 227 331 122 43 1323 10 0 3 24 10 33 7 0 2 47 1 25 9 172 0 1182 2 52 978 1211
1 0 0 0 0 0 7 0 10 0 0 2 0 1 4 2 0 0 0 0 14 5 1 13 0 0 0 53 3 16 0 0 0 24 251 2 5 0 3 4 2778 19 0 3 14 1 0 183 21 0 218 21 251 0 3033 2 415 12 0 55 6 1583 1182 0 0 2 258 1524
0 3 0 0 0 0 0 0 0 0 6 0 29 0 0 0 0 3 1 0 0 0 0 0 4 62 52 0 0 0 24 0 0 2 1 0 0 0 0 0 0 0 0 0 71 0 368 5 0 0 0 0 0 0 0 0 0 0 4 590 286 0 2 0 0 6 0 14
0 0 0 0 0 3 0 2 1 0 9 0 83 0 0 0 0 0 0 0 0 0 0 0 5 0 0 0 0 0 1 2 0 1 0 0 0 2 334 108 0 137 4 3 262 4 121 186 42 0 0 8 0 0 0 0 0 2 5 34 1 0 52 2 6 0 0 708
0 0 0 0 0 0 0 0 0 0 0 0 0 0 0 0 0 0 0 0 0 0 0 0 0 0 0 1 0 1 0 0 0 1 2 0 0 0 0 0 3 0 0 2 1 0 0 5 0 0 0 0 1 0 3 0 0 5 0 0 0 5 978 258 0 0 0 445
0 4 7 0 1 15 4 2 4 0 6 7 54 1 10 3 6 0 3 0 5 1 2 30 9 27 51 53 8 6 0 2 0 9 17 11 8 16 386 65 134 94 11 220 1606 243 124 149 64 4 1036 160 833 62 941 8 858 71 70 130 335 235 1211 1524 14 708 445 0
