0 0 15 0 0 0 220 71 3 2 3 3 0 1723 1 0 22 0 4 0 1 0 12 0 0 17 8 6 708 215 0 3 5 12 0 0 0 0 0 1 0 1 0 0 0 0 0 0 0 1 0 0 0 0 0 0 0 1 0 0 0 3 0 0 0 0 0 0
0 0 1 0 2 0 2 0 43 0 0 1 130 0 9 3 3 0 3 0 0 236 1 44 558 9 953 0 1 0 0 0 1 2 0 131 8 0 0 0 2 0 2 0 11 1 35 0 0 2 1 0 2 0 0 7 2 3 25 21 165 0 0 0 4 0 0 4
15 1 0 0 0 16 93 312 0 5 0 0 0 137 0 1 1857 0 14 0 205 1 2218 1 0 1679 2726 45 24 108 0 0 0 27 0 2 23 0 0 0 0 0 0 0 0 0 0 0 0 3 3 0 0 0 0 3 17 0 0 19 131 0 0 0 0 0 0 1
0 0 0 0 1 15 2 6 66 1044 1 398 2 4 23 0 0 0 0 1502 0 2 0 582 1 0 0 2063 9 0 0 0 0 4 0 0 0 167 0 7 0 1 14 19 0 22 0 1 0 0 0 0 0 45 0 0 0 17 0 0 0 33 0 0 0 0 0 0
0 2 0 1 0 244 1 4 98 3 1 20 27 1 784 1 0 0 0 6 5 11 5 47 0 0 3 9 1 0 0 190 1 189 0 0 0 1 6 4 0 0 0 0 0 9 0 0 9 1 0 0 0 0 1 1 0 1 0 0 1 0 0 0 0 0 0 0
0 0 16 15 244 0 304 1827 104 2568 18 2804 86 104 1441 0 0 2 0 14 1 7 8 86 0 0 6 122 147 1 0 79 0 43 0 0 0 15 4 157 0 24 14 48 1 138 4 4 15 0 0 0 0 40 0 0 0 36 0 0 0 22 18 0 0 19 0 15
220 2 93 2 1 304 0 613 3 2376 9 8 5 1513 8 0 1 3 2 0 104 0 131 21 0 6 12 4634 97 1813 0 3 1 37 0 1 0 6 0 6 0 0 3 11 0 2 0 0 0 0 0 0 0 5 1 0 0 10 0 0 4 9 2 0 0 0 0 2
71 0 312 6 4 1827 613 0 16 483 2 145 16 2228 40 0 51 0 1 11 16 4 150 16 0 12 34 51 57 233 0 351 0 65 0 0 0 4 2 12 1 3 2 3 0 4 0 1 0 0 0 0 0 1 0 0 0 11 0 0 0 1 0 0 0 4 0 2
3 43 0 66 98 104 3 16 0 27 7 247 23 1 393 0 2 0 0 46 0 365 3 1777 83 1 163 114 23 0 0 9 0 3 0 2 0 14 3 9 3 2 199 28 0 15 2 0 9 8 0 0 0 9 1 21 0 197 6 0 9 37 11 1 0 1 0 3
2 0 5 1044 3 2568 2376 483 27 0 27 1491 48 358 41 0 0 1 1 844 3 0 12 35 0 0 0 976 236 1 0 12 1 93 0 0 0 26 2 43 1 2 22 22 0 30 2 0 4 0 0 0 0 43 0 0 0 60 0 0 0 48 0 2 0 0 0 4
3 0 0 1 1 18 9 2 7 27 0 23 801 4 2 0 23 1857 405 3 1 0 1 3 3 834 31 28 145 4 27 81 2 1303 0 9 0 0 1 0 0 0 0 0 86 0 175 0 0 0 0 0 0 0 0 1 0 0 16 101 67 0 4 0 50 8 0 5
3 1 0 398 20 2804 8 145 247 1491 23 0 53 67 263 0 0 1 3 2192 0 0 0 241 0 0 0 473 126 0 0 25 0 56 0 0 0 46 3 101 0 3 19 122 1 319 1 3 8 0 0 0 0 120 0 0 0 34 0 0 0 56 1 0 0 0 0 1
0 130 0 2 27 86 5 16 23 48 801 53 0 9 38 0 0 8 1 17 0 40 0 21 794 27 388 22 57 0 276 61 0 525 0 25 0 5 10 22 0 25 5 32 295 8 909 11 9 0 0 0 0 16 0 10 1 7 173 129 59 10 16 0 62 37 0 125
1723 0 137 4 1 104 1513 2228 1 358 4 67 9 0 18 0 57 3 0 11 14 1 80 8 0 7 12 85 1205 669 0 298 1 43 0 0 0 0 0 2 0 3 2 0 0 1 1 0 0 0 0 0 0 0 0 0 0 1 0 0 0 0 1 0 0 6 0 4
1 9 0 23 784 1441 8 40 393 41 2 263 38 18 0 4 0 0 0 30 25 41 7 282 3 1 47 101 31 2 0 8 0 20 0 1 0 6 8 9 0 3 7 29 0 16 1 0 20 2 0 0 0 14 1 1 1 14 0 0 2 14 2 0 0 0 0 4
0 3 1 0 1 0 0 0 0 0 0 0 0 0 4 0 1 0 0 0 682 1275 1624 822 1 0 441 127 0 1 0 0 0 22 0 7 2 0 0 0 0 1 4 0 0 0 0 0 2 806 0 0 0 0 27 183 123 94 1 0 298 8 0 4 0 0 0 4
22 3 1857 0 0 0 1 51 2 0 23 0 0 57 0 1 0 35 1205 0 15 2 1016 0 0 1140 1217 4 129 101 0 0 3 1099 0 4 15 0 0 0 0 0 0 0 0 0 0 0 0 1 5 0 0 0 0 4 5 0 1 29 78 0 0 0 0 0 0 6
0 0 0 0 0 2 3 0 0 1 1857 1 8 3 0 0 35 0 637 0 0 0 0 0 0 402 11 0 10 3 0 2 2 207 0 1 0 0 0 0 0 0 0 0 0 0 1 0 0 0 0 0 0 0 0 0 0 0 0 9 14 0 0 0 0 0 0 1
4 3 14 0 0 0 2 1 0 1 405 3 1 0 0 0 1205 637 0 0 1 0 8 0 0 1060 179 6 12 1 0 0 2 568 0 3 3 0 0 0 0 0 0 0 0 0 1 0 0 0 0 0 2 0 0 0 0 0 0 26 38 0 0 0 0 0 0 0
0 0 0 1502 6 14 0 11 46 844 3 2192 17 11 30 0 0 0 0 0 0 0 0 121 0 0 0 714 18 0 0 0 0 12 0 0 0 79 0 23 1 3 11 153 1 37 0 0 4 0 0 0 0 81 0 1 0 26 0 0 0 91 0 0 0 0 0 0
1 0 205 0 5 1 104 16 0 3 1 0 0 14 25 682 15 0 1 0 0 3 4854 70 0 10 57 1765 69 2988 0 1 6 1393 0 2 0 0 0 0 0 0 3 0 0 0 0 0 0 108 0 0 0 0 12 10 24 21 0 0 21 3 0 1 0 0 0 2
0 236 1 2 11 7 0 4 365 0 0 0 40 1 41 1275 2 0 0 0 3 0 6 813 181 6 612 0 0 0 1 1 0 2 0 16 3 2 1 0 1 0 41 2 9 0 35 0 0 106 0 0 1 0 3 245 8 47 11 4 232 1 0 1 0 0 0 3
12 1 2218 0 5 8 131 150 3 12 1 0 0 80 7 1624 1016 0 8 0 4854 6 0 129 0 113 2745 368 60 304 0 1 8 1960 0 1 1 0 0 0 0 0 1 0 0 0 0 0 1 232 0 0 0 0 7 48 144 10 0 0 383 4 0 0 0 0 0 4
0 44 1 582 47 86 21 16 1777 35 3 241 21 8 282 822 0 0 0 121 70 813 129 0 92 1 475 1348 48 20 0 2 0 80 2 11 1 17 0 9 3 2 161 20 0 8 0 5 4 98 0 0 0 10 7 30 3 1041 2 0 43 82 30 11 0 0 3 45
0 558 0 1 0 0 0 0 83 0 3 0 794 0 3 1 0 0 0 0 0 181 0 92 0 5 886 0 0 0 0 0 0 0 0 124 0 0 0 1 0 0 22 0 42 0 335 0 0 0 0 0 0 0 0 25 0 8 432 26 149 0 0 0 16 4 0 15
17 9 1679 0 0 0 6 12 1 0 834 0 27 7 1 0 1140 402 1060 0 10 6 113 1 5 0 3957 2 23 14 343 3 9 323 0 64 24 0 0 0 0 0 0 0 10 0 71 0 0 0 15 1 16 0 0 2 4 0 49 468 649 0 0 0 71 0 0 16
8 953 2726 0 3 6 12 34 163 0 31 0 388 12 47 441 1217 11 179 0 57 612 2745 475 886 3957 0 113 37 27 157 0 1 1015 0 990 126 0 0 0 5 0 22 0 22 0 284 0 6 92 25 0 11 0 6 163 179 38 289 468 4626 2 0 3 90 0 0 43
6 0 45 2063 9 122 4634 51 114 976 28 473 22 85 101 127 4 0 6 714 1765 0 368 1348 0 2 113 0 300 1109 0 3 11 326 2 0 0 39 0 36 0 3 65 48 0 29 0 2 3 12 0 0 0 62 7 2 3 220 0 0 7 138 6 2 0 0 0 20
708 1 24 9 1 147 97 57 23 236 145 126 57 1205 31 0 129 10 12 18 69 0 60 48 0 23 37 300 0 1288 0 179 986 1131 0 1 0 0 2 6 0 5 1 0 0 1 4 5 4 9 0 0 0 0 2 0 0 33 0 0 0 4 13 0 0 10 0 19
215 0 108 0 0 1 1813 233 0 1 4 0 0 669 2 1 101 3 1 0 2988 0 304 20 0 14 27 1109 1288 0 0 2 83 885 0 0 0 0 0 0 0 0 6 0 0 0 0 0 0 28 0 0 0 0 6 3 2 53 0 0 4 9 2 4 0 0 1 8
0 0 0 0 0 0 0 0 0 0 27 0 276 0 0 0 0 0 0 0 0 1 0 0 0 343 157 0 0 0 0 0 0 0 0 3 1 0 0 0 0 0 0 0 5 0 76 0 0 0 0 0 0 0 0 0 0 0 8 29 40 0 0 0 19 0 0 1
3 0 0 0 190 79 3 351 9 12 81 25 61 298 8 0 0 2 0 0 1 1 1 2 0 3 0 3 179 2 0 0 0 450 0 0 0 0 0 0 0 2 0 0 0 0 0 1 0 0 0 0 0 0 0 0 0 0 0 0 0 0 0 0 0 2 0 5
5 1 0 0 1 0 1 0 0 1 2 0 0 1 0 0 3 2 2 0 6 0 8 0 0 9 1 11 986 83 0 0 0 467 0 0 0 0 0 1 0 0 0 0 0 0 0 0 0 2 0 0 0 0 0 0 0 2 0 0 0 0 3 1 0 2 0 0
12 2 27 4 189 43 37 65 3 93 1303 56 525 43 20 22 1099 207 568 12 1393 2 1960 80 0 323 1015 326 1131 885 0 450 467 0 2 7 12 0 0 8 0 8 4 0 2 1 5 2 2 38 5 0 2 1 9 6 40 118 4 33 184 28 15 6 1 15 4 11
0 0 0 0 0 0 0 0 0 0 0 0 0 0 0 0 0 0 0 0 0 0 0 2 0 0 0 2 0 0 0 0 0 2 0 0 0 1 0 3 601 55 2 10 1 0 0 1212 0 1 1 0 1 0 1 0 0 2 0 0 2 5 527 127 0 2 0 14
0 131 2 0 0 0 1 0 2 0 9 0 25 0 1 7 4 1 3 0 2 16 1 11 124 64 990 0 1 0 3 0 0 7 0 0 5 0 3 1 2 1 93 0 0 0 134 7 33 4 13 0 1 0 2 325 1 84 556 21 1804 0 1 1 2 0 0 20
0 8 23 0 0 0 0 0 0 0 0 0 0 0 0 2 15 0 3 0 0 3 1 1 0 24 126 0 0 0 1 0 0 12 0 5 0 0 0 1 312 17 1 3 0 0 0 35 0 1 894 4 29 0 70 0 2626 0 0 2253 3065 33 1 21 0 0 0 13
0 0 0 167 1 15 6 4 14 26 0 46 5 0 6 0 0 0 0 79 0 2 0 17 0 0 0 39 0 0 0 0 0 0 1 0 0 0 4 38 3 11 98 348 7 614 0 5 35 0 0 0 0 2456 0 1 0 560 0 0 0 833 30 0 0 0 0 20
0 0 0 0 6 4 0 2 3 2 1 3 10 0 8 0 0 0 0 0 0 1 0 0 0 0 0 0 2 0 0 0 0 0 0 3 0 4 0 230 4 18 188 6 6 7 4 1 702 2 0 0 0 7 2 12 7 37 0 0 9 6 3 0 0 37 0 118
1 0 0 7 4 157 6 12 9 43 0 101 22 2 9 0 0 0 0 23 0 0 0 9 1 0 0 36 6 0 0 0 1 8 3 1 1 38 230 0 389 2737 117 2006 12 2138 3 59 771 0 0 0 0 69 0 6 0 51 0 1 3 78 72 0 0 38 0 48
0 2 0 0 0 0 0 1 3 1 0 0 0 0 0 0 0 0 0 1 0 1 0 3 0 0 5 0 0 0 0 0 0 0 601 2 312 3 4 389 0 799 6 1553 4 8 2 2540 5 0 163 3 65 0 188 0 411 184 0 48 136 5361 148 2067 0 2 0 149
1 0 0 1 0 24 0 3 2 2 0 3 25 3 3 1 0 0 0 3 0 0 0 2 0 0 0 3 5 0 0 2 0 8 55 1 17 11 18 2737 799 0 55 508 4 190 2 2749 111 0 2 0 0 26 5 1 19 27 0 0 9 36 61 4 0 293 0 85
0 2 0 14 0 14 3 2 199 22 0 19 5 2 7 4 0 0 0 11 3 41 1 161 22 0 22 65 1 6 0 0 0 4 2 93 1 98 188 117 6 55 0 69 17 366 42 23 463 0 2 7 2 51 0 342 1 1621 89 2 165 104 60 0 0 18 0 23
0 0 0 19 0 48 11 3 28 22 0 122 32 0 29 0 0 0 0 153 0 2 0 20 0 0 0 48 0 0 0 0 0 0 10 0 3 348 6 2006 1553 508 69 0 22 1971 9 594 15 0 0 0 0 1429 0 0 1 25 0 0 0 1210 289 1 0 27 0 105
0 11 0 0 0 1 0 0 0 0 86 1 295 0 0 0 0 0 0 1 0 9 0 0 42 10 22 0 0 0 5 0 0 2 1 0 0 7 6 12 4 4 17 22 0 13 856 6 4 0 2 1803 69 5 4 0 1 15 2 260 8 22 71 2 8 96 0 1545
0 1 0 22 9 138 2 4 15 30 0 319 8 1 16 0 0 0 0 37 0 0 0 8 0 0 0 29 1 0 0 0 0 1 0 0 0 614 7 2138 8 190 366 1971 13 0 5 47 413 0 0 0 0 1896 0 0 0 247 0 1 0 225 126 0 0 22 0 30
0 35 0 0 0 4 0 0 2 2 175 1 909 1 1 0 0 1 1 0 0 35 0 0 335 71 284 0 4 0 76 0 0 5 0 134 0 0 4 3 2 2 42 9 856 5 0 1 2 0 0 1 0 1 1 21 0 4 1302 25 699 4 10 0 371 68 0 255
0 0 0 1 0 4 0 1 0 0 0 3 11 0 0 0 0 0 0 0 0 0 0 5 0 0 0 2 5 0 0 1 0 2 1212 7 35 5 1 59 2540 2749 23 594 6 47 1 0 14 2 7 0 6 18 5 0 9 15 0 0 3 44 1795 105 0 156 4 166
0 0 0 0 9 15 0 0 9 4 0 8 9 0 20 2 0 0 0 4 0 0 1 4 0 0 6 3 4 0 0 0 0 2 0 33 0 35 702 771 5 111 463 15 4 413 2 14 0 6 0 0 0 37 22 16 14 270 3 0 50 60 26 0 0 6 1 16
1 2 3 0 1 0 0 0 8 0 0 0 0 0 2 806 1 0 0 0 108 106 232 98 0 0 92 12 9 28 0 0 2 38 1 4 1 0 2 0 0 0 0 0 0 0 0 2 6 0 2 0 0 0 326 468 941 879 0 1 634 104 9 11 0 0 0 11
0 1 3 0 0 0 0 0 0 0 0 0 0 0 0 0 5 0 0 0 0 0 0 0 0 15 25 0 0 0 0 0 0 5 1 13 894 0 0 0 163 2 2 0 2 0 0 7 0 2 0 11 1067 0 9 0 1247 3 0 381 485 1 2 85 0 0 0 683
0 0 0 0 0 0 0 0 0 0 0 0 0 0 0 0 0 0 0 0 0 0 0 0 0 1 0 0 0 0 0 0 0 0 0 0 4 0 0 0 3 0 7 0 1803 0 1 0 0 0 11 0 840 0 1 0 2 2 0 365 3 2 1 4 0 0 0 425
0 2 0 0 0 0 0 0 0 0 0 0 0 0 0 0 0 0 2 0 0 1 0 0 0 16 11 0 0 0 0 0 0 2 1 1 29 0 0 0 65 0 2 0 69 0 0 6 0 0 1067 840 0 0 12 2 54 0 0 1360 76 0 2 48 0 0 1 704
0 0 0 45 0 40 5 1 9 43 0 120 16 0 14 0 0 0 0 81 0 0 0 10 0 0 0 62 0 0 0 0 0 1 0 0 0 2456 7 69 0 26 51 1429 5 1896 1 18 37 0 0 0 0 0 0 0 0 110 0 0 0 295 22 0 0 3 0 9
0 0 0 0 1 0 1 0 1 0 0 0 0 0 1 27 0 0 0 0 12 3 7 7 0 0 6 7 2 6 0 0 0 9 1 2 70 0 2 0 188 5 0 0 4 0 1 5 22 326 9 1 12 0 0 2 5172 246 0 7 39 1030 22 2905 0 0 1 1130
0 7 3 0 1 0 0 0 21 0 1 0 10 0 1 183 4 0 0 1 10 245 48 30 25 2 163 2 0 3 0 0 0 6 0 325 0 1 12 6 0 1 342 0 0 0 21 0 16 468 0 0 2 0 2 0 8 624 83 3 678 2 2 0 0 0 0 6
0 2 17 0 0 0 0 0 0 0 0 0 1 0 1 123 5 0 0 0 24 8 144 3 0 4 179 3 0 2 0 0 0 40 0 1 2626 0 7 0 411 19 1 1 1 0 0 9 14 941 1247 2 54 0 5172 8 0 70 0 158 3515 239 14 189 0 0 0 1420
1 3 0 17 1 36 10 11 197 60 0 34 7 1 14 94 0 0 0 26 21 47 10 1041 8 0 38 220 33 53 0 0 2 118 2 84 0 560 37 51 184 27 1621 25 15 247 4 15 270 879 3 2 0 110 246 624 70 0 37 1 219 3033 181 25 0 5 9 128
0 25 0 0 0 0 0 0 6 0 16 0 173 0 0 1 1 0 0 0 0 11 0 2 432 49 289 0 0 0 8 0 0 4 0 556 0 0 0 0 0 0 89 0 2 0 1302 0 3 0 0 0 0 0 0 83 0 37 0 11 918 0 0 0 2 0 0 3
0 21 19 0 0 0 0 0 0 0 101 0 129 0 0 0 29 9 26 0 0 4 0 0 26 468 468 0 0 0 29 0 0 33 0 21 2253 0 0 1 48 0 2 0 260 1 25 0 0 1 381 365 1360 0 7 3 158 1 11 0 2849 1 0 11 306 0 0 160
0 165 131 0 1 0 4 0 9 0 67 0 59 0 2 298 78 14 38 0 21 232 383 43 149 649 4626 7 0 4 40 0 0 184 2 1804 3065 0 9 3 136 9 165 0 8 0 699 3 50 634 485 3 76 0 39 678 3515 219 918 2849 0 36 6 44 197 0 0 412
3 0 0 33 0 22 9 1 37 48 0 56 10 0 14 8 0 0 0 91 3 1 4 82 0 0 2 138 4 9 0 0 0 28 5 0 33 833 6 78 5361 36 104 1210 22 225 4 44 60 104 1 2 0 295 1030 2 239 3033 0 1 36 0 272 334 0 3 13 317
0 0 0 0 0 18 2 0 11 0 4 1 16 1 2 0 0 0 0 0 0 0 0 30 0 0 0 6 13 2 0 0 3 15 527 1 1 30 3 72 148 61 60 289 71 126 10 1795 26 9 2 1 2 22 22 2 14 181 0 0 6 272 0 792 0 169 956 1165
0 0 0 0 0 0 0 0 1 2 0 0 0 0 0 4 0 0 0 0 1 1 0 11 0 0 3 2 0 4 0 0 1 6 127 1 21 0 0 0 2067 4 0 1 2 0 0 105 0 11 85 4 48 0 2905 0 189 25 0 11 44 334 792 0 0 0 184 1303
0 4 0 0 0 0 0 0 0 0 50 0 62 0 0 0 0 0 0 0 0 0 0 0 16 71 90 0 0 0 19 0 0 1 0 2 0 0 0 0 0 0 0 0 8 0 371 0 0 0 0 0 0 0 0 0 0 0 2 306 197 0 0 0 0 0 0 6
0 0 0 0 0 19 0 4 1 0 8 0 37 6 0 0 0 0 0 0 0 0 0 0 4 0 0 0 10 0 0 2 2 15 2 0 0 0 37 38 2 293 18 27 96 22 68 156 6 0 0 0 0 3 0 0 0 5 0 0 0 3 169 0 0 0 0 503
0 0 0 0 0 0 0 0 0 0 0 0 0 0 0 0 0 0 0 0 0 0 0 3 0 0 0 0 0 1 0 0 0 4 0 0 0 0 0 0 0 0 0 0 0 0 0 4 1 0 0 0 1 0 1 0 0 9 0 0 0 13 956 184 0 0 0 365
0 4 1 0 0 15 2 2 3 4 5 1 125 4 4 4 6 1 0 0 2 3 4 45 15 16 43 20 19 8 1 5 0 11 14 20 13 20 118 48 149 85 23 105 1545 30 255 166 16 11 683 425 704 9 1130 6 1420 128 3 160 412 317 1165 1303 6 503 365 0
