0 0 33 0 0 2 620 53 0 33 3 7 2 1734 0 0 44 1 7 4 1 0 70 1 0 7 3 26 1204 160 0 0 22 13 0 0 0 0 0 0 0 0 0 0 0 0 0 0 0 1 0 0 0 0 0 1 0 1 0 0 0 0 0 0 0 0 0 0
0 0 0 0 0 1 0 1 92 1 6 0 107 1 5 3 1 0 3 0 0 319 0 149 696 14 1852 14 3 0 0 0 0 2 0 213 17 0 0 0 0 0 2 0 5 0 20 0 0 3 2 0 0 0 0 8 0 0 27 16 483 0 0 0 0 0 0 1
33 0 0 0 0 6 40 365 3 8 1 1 0 233 1 0 2220 1 42 0 35 0 2081 0 0 1354 3542 9 29 22 0 0 0 114 0 4 102 0 0 0 0 0 0 0 0 0 0 0 0 4 9 0 0 0 1 0 28 0 0 7 225 0 0 1 0 0 0 4
0 0 0 0 4 19 10 14 63 853 0 550 0 19 18 0 0 0 0 2822 0 0 0 537 0 0 0 1135 24 0 0 0 0 45 0 0 0 220 1 5 2 0 14 4 0 40 0 0 11 0 0 0 0 43 0 0 0 143 0 0 0 10 0 1 0 0 0 0
0 0 0 4 0 215 1 14 112 1 14 98 54 0 692 0 0 0 0 6 2 1 12 16 0 0 0 21 2 0 0 278 0 325 0 0 0 0 0 2 0 0 1 0 0 3 0 0 1 0 0 0 0 0 0 0 0 0 0 0 0 0 0 0 0 0 0 1
2 1 6 19 215 0 189 1623 109 2787 38 3723 29 85 898 1 0 3 3 94 1 0 6 19 1 2 4 178 68 4 0 2 0 37 0 0 0 4 2 10 4 2 9 3 0 115 0 0 7 1 0 0 0 17 0 0 1 61 1 0 0 40 2 0 0 0 0 6
620 0 40 10 1 189 0 706 8 1832 5 15 3 1047 11 0 7 2 4 17 14 0 198 34 1 0 2 5588 219 1248 0 0 25 56 0 0 0 0 0 1 4 0 2 1 0 5 0 0 2 1 0 0 0 10 0 0 0 22 0 0 1 8 0 0 0 0 0 1
53 1 365 14 14 1623 706 0 37 1059 39 378 48 2266 28 0 35 9 4 41 24 0 501 2 0 7 5 83 33 187 0 101 0 38 0 0 0 0 0 4 0 1 0 0 0 4 0 0 2 2 0 0 0 1 0 1 1 19 0 0 0 10 0 0 0 0 0 3
0 92 3 63 112 109 8 37 0 12 34 211 43 10 405 2 1 1 1 27 0 482 0 2146 68 10 169 224 9 0 0 6 0 16 0 1 0 12 4 4 3 0 120 15 0 24 2 0 2 5 0 0 0 14 0 3 0 101 4 0 6 38 0 0 0 0 1 2
33 1 8 853 1 2787 1832 1059 12 0 5 1044 1 351 25 0 0 1 3 663 0 0 25 33 0 0 1 1628 149 0 0 0 4 74 0 0 0 2 0 1 4 0 9 3 0 19 1 0 6 0 0 0 0 17 0 0 0 154 0 0 0 17 2 0 0 0 0 2
3 6 1 0 14 38 5 39 34 5 0 30 348 93 1 0 20 1263 949 1 0 3 0 1 55 751 38 7 91 2 28 258 1 1203 0 5 0 0 0 0 0 0 0 0 53 0 182 0 0 0 0 0 0 0 0 1 0 0 14 19 47 0 0 0 3 0 0 30
7 0 1 550 98 3723 15 378 211 1044 30 0 14 182 972 0 1 2 6 1834 0 0 0 387 0 0 2 192 139 0 0 3 0 93 0 0 0 62 4 45 2 1 11 66 0 1068 0 1 19 2 0 0 0 78 0 0 0 96 0 0 0 60 2 0 0 0 0 9
2 107 0 0 54 29 3 48 43 1 348 14 0 15 8 1 0 0 0 8 1 76 2 52 1126 21 292 4 1 0 255 139 0 350 0 18 1 1 0 3 1 0 2 0 75 1 476 1 2 0 0 0 0 0 0 2 0 0 75 16 143 1 0 0 10 0 0 55
1734 1 233 19 0 85 1047 2266 10 351 93 182 15 0 0 0 186 32 60 44 8 0 315 7 1 25 13 42 1173 368 0 63 0 70 0 1 0 0 0 1 0 0 0 0 0 0 0 0 0 0 0 0 0 0 0 0 0 2 0 1 2 0 0 0 0 0 0 2
0 5 1 18 692 898 11 28 405 25 1 972 8 0 0 3 1 1 0 10 47 11 25 104 0 0 8 132 4 3 0 2 0 13 0 0 0 13 8 2 1 1 1 16 0 36 0 0 4 5 0 0 0 23 0 0 2 15 0 0 0 14 0 0 0 0 0 1
0 3 0 0 0 1 0 0 2 0 0 0 1 0 3 0 0 0 0 0 787 837 893 527 0 0 693 139 0 3 0 0 0 7 0 0 0 0 0 0 0 0 18 0 0 0 0 0 1 895 0 0 0 0 18 74 214 63 0 0 320 33 0 1 0 0 0 2
44 1 2220 0 0 0 7 35 1 0 20 1 0 186 1 0 0 3 1429 0 14 1 1138 1 0 818 350 0 321 172 0 1 22 1598 0 0 4 0 0 0 0 0 0 0 0 0 0 0 0 1 0 0 0 0 0 0 3 0 0 0 28 0 0 0 0 0 0 1
1 0 1 0 0 3 2 9 1 1 1263 2 0 32 1 0 3 0 364 0 0 0 0 1 0 238 0 0 39 0 0 16 0 42 0 0 0 0 0 0 0 0 0 0 0 0 15 0 0 0 0 0 0 0 0 0 0 0 0 6 4 0 0 0 1 0 0 0
7 3 42 0 0 3 4 4 1 3 949 6 0 60 0 0 1429 364 0 0 1 4 4 1 0 1195 88 4 137 3 0 13 0 841 0 1 2 0 0 0 0 0 0 0 0 0 0 0 0 0 2 0 0 0 0 0 0 0 1 3 28 0 0 0 0 0 0 0
4 0 0 2822 6 94 17 41 27 663 1 1834 8 44 10 0 0 0 0 0 0 0 0 315 0 0 0 464 49 0 0 1 0 31 0 0 0 32 1 6 7 1 12 22 0 59 0 1 30 0 0 0 0 70 0 0 0 205 0 0 0 82 0 0 0 0 0 1
1 0 35 0 2 1 14 24 0 0 0 0 1 8 47 787 14 0 1 0 0 8 5682 99 0 0 53 1943 16 2060 0 0 21 882 0 0 0 0 0 0 0 0 4 0 0 0 0 0 0 154 0 0 0 0 29 1 29 45 0 0 5 31 0 2 0 0 0 0
0 319 0 0 1 0 0 0 482 0 3 0 76 0 11 837 1 0 4 0 8 0 5 690 135 7 1113 22 1 0 0 0 0 2 0 8 4 0 1 0 0 0 31 0 0 0 5 0 0 86 0 0 0 0 1 210 8 32 3 1 136 9 0 0 0 0 0 1
70 0 2081 0 12 6 198 501 0 25 0 0 2 315 25 893 1138 0 4 0 5682 5 0 36 0 13 1042 426 95 512 0 0 9 1671 0 0 3 0 1 0 1 0 0 0 0 1 0 0 4 349 0 0 0 0 2 8 302 4 0 0 281 5 0 1 0 0 0 2
1 149 0 537 16 19 34 2 2146 33 1 387 52 7 104 527 1 1 1 315 99 690 36 0 115 6 410 2489 22 1 0 0 1 18 0 4 0 73 1 6 6 0 81 73 0 43 0 0 10 92 0 0 0 42 22 34 9 688 2 0 36 279 8 4 0 0 2 6
0 696 0 0 0 1 1 0 68 0 55 0 1126 1 0 0 0 0 0 0 0 135 0 115 0 13 1003 3 0 0 7 1 0 6 0 30 0 0 0 0 0 0 4 0 22 0 109 0 0 0 0 0 0 0 0 3 0 1 223 11 174 0 0 0 4 1 0 13
7 14 1354 0 0 2 0 7 10 0 751 0 21 25 0 0 818 238 1195 0 0 7 13 6 13 0 2862 2 34 0 138 7 1 91 0 16 61 0 0 0 0 0 0 0 19 0 184 0 0 1 6 0 3 0 0 1 1 0 22 278 787 0 0 0 45 0 0 7
3 1852 3542 0 0 4 2 5 169 1 38 2 292 13 8 693 350 0 88 0 53 1113 1042 410 1003 2862 0 265 39 2 174 0 0 500 0 208 303 0 0 0 0 0 4 0 5 1 95 0 0 179 16 1 3 0 1 145 236 10 64 271 3978 4 0 0 19 0 0 26
26 14 9 1135 21 178 5588 83 224 1628 7 192 4 42 132 139 0 0 4 464 1943 22 426 2489 3 2 265 0 266 1654 0 1 50 343 3 0 0 4 0 3 19 0 53 10 0 40 0 0 11 71 0 0 0 21 23 5 11 581 0 0 9 290 7 5 0 0 1 25
1204 3 29 24 2 68 219 33 9 149 91 139 1 1173 4 0 321 39 137 49 16 1 95 22 0 34 39 266 0 877 0 41 1290 1134 0 0 1 0 0 0 0 0 0 0 0 0 0 0 0 8 0 0 0 0 1 0 0 1 1 1 5 2 0 0 0 0 0 1
160 0 22 0 0 4 1248 187 0 0 2 0 0 368 3 3 172 0 3 0 2060 0 512 1 0 0 2 1654 877 0 0 0 134 696 0 0 0 0 0 0 0 0 0 0 0 0 0 0 0 26 0 0 0 0 8 1 5 2 0 0 0 6 0 1 0 0 0 0
0 0 0 0 0 0 0 0 0 0 28 0 255 0 0 0 0 0 0 0 0 0 0 0 7 138 174 0 0 0 0 2 0 0 0 0 0 0 0 0 0 0 0 0 12 0 77 0 0 0 0 0 0 0 0 0 0 0 6 4 64 0 0 0 3 0 0 4
0 0 0 0 278 2 0 101 6 0 258 3 139 63 2 0 1 16 13 1 0 0 0 0 1 7 0 1 41 0 2 0 0 447 0 0 0 0 0 0 0 0 1 0 0 0 0 0 0 0 0 0 0 0 0 0 0 0 0 0 0 0 0 0 0 0 0 1
22 0 0 0 0 0 25 0 0 4 1 0 0 0 0 0 22 0 0 0 21 0 9 1 0 1 0 50 1290 134 0 0 0 378 0 0 0 0 0 0 0 0 0 0 0 0 0 0 0 1 0 0 0 0 0 0 0 0 0 0 0 1 0 0 0 0 0 0
13 2 114 45 325 37 56 38 16 74 1203 93 350 70 13 7 1598 42 841 31 882 2 1671 18 6 91 500 343 1134 696 0 447 378 0 0 3 13 0 0 1 0 1 2 0 0 4 3 0 0 8 1 0 0 0 11 1 12 12 5 4 93 10 0 0 0 0 0 11
0 0 0 0 0 0 0 0 0 0 0 0 0 0 0 0 0 0 0 0 0 0 0 0 0 0 0 3 0 0 0 0 0 0 0 0 38 0 0 6 468 55 0 15 8 11 0 1379 0 0 29 4 38 0 1 0 22 0 0 24 12 10 971 275 1 0 2 28
0 213 4 0 0 0 0 0 1 0 5 0 18 1 0 0 0 0 1 0 0 8 0 4 30 16 208 0 0 0 0 0 0 3 0 0 1 0 0 0 2 0 78 0 0 2 46 0 1 5 0 0 0 0 0 395 0 100 477 1 1912 0 0 0 0 0 0 17
0 17 102 0 0 0 0 0 0 0 0 0 1 0 0 0 4 0 2 0 0 4 3 0 0 61 303 0 1 0 0 0 0 13 38 1 0 0 0 4 331 127 2 1 1 0 0 330 2 2 2345 0 29 0 4 0 1853 2 0 1283 3021 22 0 26 0 0 1 61
0 0 0 220 0 4 0 0 12 2 0 62 1 0 13 0 0 0 0 32 0 0 0 73 0 0 0 4 0 0 0 0 0 0 0 0 0 0 9 12 2 1 40 343 0 407 0 2 7 0 0 0 0 2179 0 0 0 532 0 0 0 803 5 0 0 0 0 14
0 0 0 1 0 2 0 0 4 0 0 4 0 0 8 0 0 0 0 1 0 1 1 1 0 0 0 0 0 0 0 0 0 0 0 0 0 9 0 221 2 5 102 4 98 28 4 0 778 0 0 0 0 2 0 3 0 95 0 1 0 32 2 0 0 48 0 363
0 0 0 5 2 10 1 4 4 1 0 45 3 1 2 0 0 0 0 6 0 0 0 6 0 0 0 3 0 0 0 0 0 1 6 0 4 12 221 0 299 2067 60 2133 42 3093 3 50 958 3 1 2 3 37 0 0 3 48 0 9 6 364 46 0 2 9 0 102
0 0 0 2 0 4 4 0 3 4 0 2 1 0 1 0 0 0 0 7 0 0 1 6 0 0 0 19 0 0 0 0 0 0 468 2 331 2 2 299 0 618 7 1300 1 10 0 1546 14 11 295 1 23 0 64 2 575 77 0 35 11 5431 97 1844 0 0 1 92
0 0 0 0 0 2 0 1 0 0 0 1 0 0 1 0 0 0 0 1 0 0 0 0 0 0 0 0 0 0 0 0 0 1 55 0 127 1 5 2067 618 0 8 694 31 284 2 1565 10 2 5 2 3 8 8 0 119 12 0 9 12 193 36 8 3 108 0 48
0 2 0 14 1 9 2 0 120 9 0 11 2 0 1 18 0 0 0 12 4 31 0 81 4 0 4 53 0 0 0 1 0 2 0 78 2 40 102 60 7 8 0 33 6 224 63 8 215 6 0 2 7 27 0 444 0 1765 100 4 255 100 18 0 0 0 0 34
0 0 0 4 0 3 1 0 15 3 0 66 0 0 16 0 0 0 0 22 0 0 0 73 0 0 0 10 0 0 0 0 0 0 15 0 1 343 4 2133 1300 694 33 0 2 1520 0 386 15 0 1 1 3 1027 0 0 0 132 0 1 4 1877 170 1 0 0 0 121
0 5 0 0 0 0 0 0 0 0 53 0 75 0 0 0 0 0 0 0 0 0 0 0 22 19 5 0 0 0 12 0 0 0 8 0 1 0 98 42 1 31 6 2 0 55 393 56 2 0 5 1027 291 9 1 0 0 4 10 494 21 0 376 6 83 257 0 1228
0 0 0 40 3 115 5 4 24 19 0 1068 1 0 36 0 0 0 0 59 0 0 1 43 0 0 1 40 0 0 0 0 0 4 11 2 0 407 28 3093 10 284 224 1520 55 0 0 110 736 0 0 4 24 2051 0 1 0 355 0 6 15 137 190 0 0 1 0 174
0 20 0 0 0 0 0 0 2 1 182 0 476 0 0 0 0 15 0 0 0 5 0 0 109 184 95 0 0 0 77 0 0 3 0 46 0 0 4 3 0 2 63 0 393 0 0 3 6 0 0 0 0 1 0 16 0 22 875 56 571 0 4 0 261 10 0 245
0 0 0 0 0 0 0 0 0 0 0 1 1 0 0 0 0 0 0 1 0 0 0 0 0 0 0 0 0 0 0 0 0 0 1379 0 330 2 0 50 1546 1565 8 386 56 110 3 0 5 0 62 12 62 13 3 0 148 3 2 38 25 45 1388 195 2 2 0 59
0 0 0 11 1 7 2 2 2 6 0 19 2 0 4 1 0 0 0 30 0 0 4 10 0 0 0 11 0 0 0 0 0 0 0 1 2 7 778 958 14 10 215 15 2 736 6 5 0 12 0 0 3 8 62 5 24 149 1 2 16 176 10 1 0 0 0 20
1 3 4 0 0 1 1 2 5 0 0 2 0 0 5 895 1 0 0 0 154 86 349 92 0 1 179 71 8 26 0 0 1 8 0 5 2 0 0 3 11 2 6 0 0 0 0 0 12 0 0 0 1 0 375 1438 276 1946 1 0 1005 674 0 1 0 0 1 6
0 2 9 0 0 0 0 0 0 0 0 0 0 0 0 0 0 0 2 0 0 0 0 0 0 6 16 0 0 0 0 0 0 1 29 0 2345 0 0 1 295 5 0 1 5 0 0 62 0 0 0 2 1373 0 49 0 1318 0 0 814 171 10 8 331 0 0 0 995
0 0 0 0 0 0 0 0 0 0 0 0 0 0 0 0 0 0 0 0 0 0 0 0 0 0 1 0 0 0 0 0 0 0 4 0 0 0 0 2 1 2 2 1 1027 4 0 12 0 0 2 0 744 4 0 0 0 4 0 294 0 0 12 2 0 1 0 60
0 0 0 0 0 0 0 0 0 0 0 0 0 0 0 0 0 0 0 0 0 0 0 0 0 3 3 0 0 0 0 0 0 0 38 0 29 0 0 3 23 3 7 3 291 24 0 62 3 1 1373 744 0 3 4 0 5 2 0 649 45 4 57 53 0 0 2 848
0 0 0 43 0 17 10 1 14 17 0 78 0 0 23 0 0 0 0 70 0 0 0 42 0 0 0 21 0 0 0 0 0 0 0 0 0 2179 2 37 0 8 27 1027 9 2051 1 13 8 0 0 4 3 0 0 0 0 214 1 0 2 136 23 0 0 0 0 18
0 0 1 0 0 0 0 0 0 0 0 0 0 0 0 18 0 0 0 0 29 1 2 22 0 0 1 23 1 8 0 0 0 11 1 0 4 0 0 0 64 8 0 0 1 0 0 3 62 375 49 0 4 0 0 5 5019 7 0 1 11 1321 7 2595 0 0 2 904
1 8 0 0 0 0 0 1 3 0 1 0 2 0 0 74 0 0 0 0 1 210 8 34 3 1 145 5 0 1 0 0 0 1 0 395 0 0 3 0 2 0 444 0 0 1 16 0 5 1438 0 0 0 0 5 0 27 435 69 0 1003 12 0 0 0 0 0 5
0 0 28 0 0 1 0 1 0 0 0 0 0 0 2 214 3 0 0 0 29 8 302 9 0 1 236 11 0 5 0 0 0 12 22 0 1853 0 0 3 575 119 0 0 0 0 0 148 24 276 1318 0 5 0 5019 27 0 33 0 21 1595 620 4 418 0 0 0 819
1 0 0 143 0 61 22 19 101 154 0 96 0 2 15 63 0 0 0 205 45 32 4 688 1 0 10 581 1 2 0 0 0 12 0 100 2 532 95 48 77 12 1765 132 4 355 22 3 149 1946 0 4 2 214 7 435 33 0 49 1 508 3319 46 0 0 0 6 32
0 27 0 0 0 1 0 0 4 0 14 0 75 0 0 0 0 0 1 0 0 3 0 2 223 22 64 0 1 0 6 0 0 5 0 477 0 0 0 0 0 0 100 0 10 0 875 2 1 1 0 0 0 1 0 69 0 49 0 3 1081 0 0 0 0 0 0 134
0 16 7 0 0 0 0 0 0 0 19 0 16 1 0 0 0 6 3 0 0 1 0 0 11 278 271 0 1 0 4 0 0 4 24 1 1283 0 1 9 35 9 4 1 494 6 56 38 2 0 814 294 649 0 1 0 21 1 3 0 2468 3 30 17 118 3 0 63
0 483 225 0 0 0 1 0 6 0 47 0 143 2 0 320 28 4 28 0 5 136 281 36 174 787 3978 9 5 0 64 0 0 93 12 1912 3021 0 0 6 11 12 255 4 21 15 571 25 16 1005 171 0 45 2 11 1003 1595 508 1081 2468 0 192 21 0 79 1 2 262
0 0 0 10 0 40 8 10 38 17 0 60 1 0 14 33 0 0 0 82 31 9 5 279 0 0 4 290 2 6 0 0 1 10 10 0 22 803 32 364 5431 193 100 1877 0 137 0 45 176 674 10 0 4 136 1321 12 620 3319 0 3 192 0 189 1182 0 0 27 347
0 0 0 0 0 2 0 0 0 2 0 2 0 0 0 0 0 0 0 0 0 0 0 8 0 0 0 7 0 0 0 0 0 0 971 0 0 5 2 46 97 36 18 170 376 190 4 1388 10 0 8 12 57 23 7 0 4 46 0 30 21 189 0 642 11 51 885 932
0 0 1 1 0 0 0 0 0 0 0 0 0 0 0 1 0 0 0 0 2 0 1 4 0 0 0 5 0 1 0 0 0 0 275 0 26 0 0 0 1844 8 0 1 6 0 0 195 1 1 331 2 53 0 2595 0 418 0 0 17 0 1182 642 0 0 0 239 760
0 0 0 0 0 0 0 0 0 0 3 0 10 0 0 0 0 1 0 0 0 0 0 0 4 45 19 0 0 0 3 0 0 0 1 0 0 0 0 2 0 3 0 0 83 0 261 2 0 0 0 0 0 0 0 0 0 0 0 118 79 0 11 0 0 5 0 9
0 0 0 0 0 0 0 0 0 0 0 0 0 0 0 0 0 0 0 0 0 0 0 0 1 0 0 0 0 0 0 0 0 0 0 0 0 0 48 9 0 108 0 0 257 1 10 2 0 0 0 1 0 0 0 0 0 0 0 3 1 0 51 0 5 0 0 417
0 0 0 0 0 0 0 0 1 0 0 0 0 0 0 0 0 0 0 0 0 0 0 2 0 0 0 1 0 0 0 0 0 0 2 0 1 0 0 0 1 0 0 0 0 0 0 0 0 1 0 0 2 0 2 0 0 6 0 0 2 27 885 239 0 0 0 492
0 1 4 0 1 6 1 3 2 2 30 9 55 2 1 2 1 0 0 1 0 1 2 6 13 7 26 25 1 0 4 1 0 11 28 17 61 14 363 102 92 48 34 121 1228 174 245 59 20 6 995 60 848 18 904 5 819 32 134 63 262 347 932 760 9 417 492 0
