0 0 39 0 0 49 480 235 1 96 15 9 3 1459 1 0 127 8 3 3 4 0 65 4 0 43 4 4 1181 446 0 0 9 25 0 0 0 0 0 0 0 0 1 0 0 0 0 0 0 0 0 0 0 0 0 0 0 1 0 0 0 1 0 0 0 0 0 0
0 0 5 0 0 0 6 4 29 0 4 0 172 4 2 10 3 0 4 0 1 287 1 114 878 41 1954 11 0 2 3 4 0 15 0 245 8 1 0 0 0 0 5 0 3 0 50 0 0 0 1 0 0 0 0 9 3 5 70 19 206 1 0 0 0 0 0 1
39 5 0 0 0 22 199 118 1 20 1 1 0 183 1 0 619 2 70 0 201 0 2652 8 0 3008 3017 37 21 164 0 0 1 147 0 6 165 0 0 0 0 0 1 0 0 0 1 0 0 0 9 0 1 0 0 2 36 0 0 28 340 0 0 0 0 0 0 6
0 0 0 0 7 25 5 4 81 1019 0 659 0 1 19 0 0 0 0 2211 0 1 0 428 0 0 0 2273 8 0 0 0 4 17 0 0 0 10 0 5 0 0 20 2 0 85 0 0 9 0 0 0 0 16 0 0 0 45 0 0 0 4 0 0 0 0 0 0
0 0 0 7 0 401 1 4 122 6 8 111 51 0 679 1 0 0 0 9 2 3 6 47 0 0 0 10 0 0 0 266 0 287 0 0 0 0 0 0 0 0 1 0 0 0 0 0 0 0 0 0 0 1 0 0 0 1 0 0 0 0 0 0 0 0 0 0
49 0 22 25 401 0 321 2603 122 2836 39 3778 25 139 1337 0 2 6 0 81 1 0 7 29 0 7 0 184 86 8 0 28 7 98 1 0 0 0 0 19 0 7 8 1 0 32 0 0 9 0 0 0 0 10 0 0 0 43 0 0 0 30 0 0 0 0 0 5
480 6 199 5 1 321 0 391 44 1822 18 29 2 1018 27 0 7 1 2 3 81 4 291 86 0 29 14 5704 96 3209 0 0 18 122 0 0 0 0 0 1 2 2 8 1 0 4 0 0 0 1 0 0 0 4 0 0 0 23 0 0 0 17 0 0 0 0 0 0
235 4 118 4 4 2603 391 0 26 1529 56 287 27 4472 27 0 123 2 1 18 3 1 79 6 0 32 1 20 105 42 0 105 1 42 0 0 0 0 0 1 0 0 1 0 0 0 0 0 0 0 0 0 0 0 0 0 0 2 0 0 0 0 0 0 0 0 0 0
1 29 1 81 122 122 44 26 0 105 33 420 95 7 495 1 1 2 12 73 0 503 2 3110 187 18 256 210 22 3 1 15 2 45 3 1 1 35 1 4 4 3 125 63 0 51 0 3 13 15 0 0 1 29 7 20 1 159 3 1 7 74 10 0 0 1 1 10
96 0 20 1019 6 2836 1822 1529 105 0 9 1645 21 648 69 0 0 0 0 1095 1 1 10 84 0 5 1 1430 208 6 0 1 11 374 0 0 0 1 0 2 3 0 55 0 0 62 0 0 16 1 0 0 0 12 0 2 0 231 0 0 0 6 0 0 0 0 0 0
15 4 1 0 8 39 18 56 33 9 0 31 402 144 2 1 61 1709 124 0 3 13 11 1 21 371 19 2 276 16 33 196 3 1307 0 2 0 0 0 0 0 0 0 0 46 0 148 0 0 0 0 1 0 0 0 0 0 0 6 27 37 0 0 0 53 0 0 0
9 0 1 659 111 3778 29 287 420 1645 31 0 28 64 1119 0 0 1 0 1842 0 0 2 802 1 1 2 524 91 0 0 6 2 198 0 0 0 30 3 42 2 34 29 128 0 295 0 0 29 0 0 0 0 110 0 0 0 99 0 0 0 31 0 0 0 0 0 1
3 172 0 0 51 25 2 27 95 21 402 28 0 12 15 0 0 0 1 7 0 123 1 23 1017 28 508 7 40 1 303 154 0 532 0 27 0 0 1 3 0 0 3 0 125 3 991 0 1 0 0 0 0 1 0 5 0 3 137 25 110 0 0 0 70 8 0 34
1459 4 183 1 0 139 1018 4472 7 648 144 64 12 0 2 0 211 12 1 8 6 0 238 0 0 79 3 12 1869 544 2 246 2 59 0 1 0 0 0 0 0 0 1 0 0 0 0 0 0 0 0 0 0 0 0 0 0 2 0 0 0 0 0 0 0 0 0 0
1 2 1 19 679 1337 27 27 495 69 2 1119 15 2 0 2 0 0 0 29 8 3 6 168 0 0 13 112 10 2 0 15 2 16 0 0 0 6 2 1 0 2 1 11 0 32 0 0 6 1 0 0 0 2 0 1 0 16 0 0 1 6 0 0 0 0 0 3
0 10 0 0 1 0 0 0 1 0 1 0 0 0 2 0 0 0 0 0 682 521 553 602 1 4 2343 113 1 0 0 0 0 22 0 0 4 0 0 0 0 0 0 0 0 0 0 0 0 670 0 0 0 0 11 46 386 20 0 0 375 20 0 1 0 0 0 4
127 3 619 0 0 2 7 123 1 0 61 0 0 211 0 0 0 77 1732 0 46 0 1165 10 0 475 420 12 274 319 0 0 31 1066 0 8 31 0 0 0 0 0 0 0 0 0 2 0 0 0 2 0 5 0 0 0 1 0 2 32 138 0 0 0 0 0 0 3
8 0 2 0 0 6 1 2 2 0 1709 1 0 12 0 0 77 0 733 0 0 1 5 0 0 840 22 0 26 2 0 0 4 223 0 3 0 0 0 0 0 0 0 0 0 0 0 0 0 0 0 0 0 0 0 0 0 0 0 6 8 0 0 0 1 0 0 0
3 4 70 0 0 0 2 1 12 0 124 0 1 1 0 0 1732 733 0 0 12 3 37 8 0 1762 130 3 14 5 0 0 3 391 0 4 5 0 0 0 0 0 0 0 0 0 3 0 0 0 2 0 2 0 0 0 0 0 1 29 61 0 0 0 0 0 0 1
3 0 0 2211 9 81 3 18 73 1095 0 1842 7 8 29 0 0 0 0 0 0 0 0 206 0 0 0 817 23 2 0 1 1 48 0 0 0 10 0 18 2 0 20 5 0 44 0 0 19 0 0 0 0 106 0 1 0 264 0 0 0 55 0 0 0 0 0 0
4 1 201 0 2 1 81 3 0 1 3 0 0 6 8 682 46 0 12 0 0 11 6725 202 0 17 38 2176 21 3987 0 0 10 1360 0 0 1 0 0 0 0 0 0 0 0 0 0 0 0 73 0 0 0 0 1 7 6 7 0 0 7 2 1 2 0 0 0 1
0 287 0 1 3 0 4 1 503 1 13 0 123 0 3 521 0 1 3 0 11 0 6 936 140 8 813 29 0 0 2 0 0 5 0 16 1 3 0 1 0 0 9 0 0 1 10 0 1 68 1 0 0 0 6 244 8 27 5 0 65 15 1 2 0 0 1 3
65 1 2652 0 6 7 291 79 2 10 11 2 1 238 6 553 1165 5 37 0 6725 6 0 52 0 460 1416 367 83 884 0 0 6 1697 0 2 35 0 0 0 1 0 3 0 0 0 0 0 0 135 4 0 0 0 4 12 229 2 0 0 445 3 0 0 0 0 0 2
4 114 8 428 47 29 86 6 3110 84 1 802 23 0 168 602 10 0 8 206 202 936 52 0 114 10 675 2956 27 2 0 1 9 56 3 6 2 148 0 9 8 0 78 90 0 156 0 4 13 140 0 0 0 49 19 54 17 514 1 0 48 183 22 18 0 0 4 27
0 878 0 0 0 0 0 0 187 0 21 1 1017 0 0 1 0 0 0 0 0 140 0 114 0 8 890 0 0 0 18 0 0 2 0 55 0 0 0 0 0 0 3 0 5 0 165 0 0 0 0 0 0 0 0 12 0 1 241 6 48 0 0 0 2 1 0 4
43 41 3008 0 0 7 29 32 18 5 371 1 28 79 0 4 475 840 1762 0 17 8 460 10 8 0 4459 3 68 49 170 0 3 174 0 48 50 0 0 0 0 0 0 0 13 0 213 0 0 0 14 9 36 0 0 3 2 0 47 498 771 0 0 0 66 0 0 4
4 1954 3017 0 0 0 14 1 256 1 19 2 508 3 13 2343 420 22 130 0 38 813 1416 675 890 4459 0 199 17 4 100 0 6 511 0 195 243 1 0 0 0 0 1 0 5 0 187 0 0 159 32 1 32 0 2 45 250 15 108 392 3517 4 0 0 23 0 0 29
4 11 37 2273 10 184 5704 20 210 1430 2 524 7 12 112 113 12 0 3 817 2176 29 367 2956 0 3 199 0 77 920 0 0 13 291 0 3 0 1 1 10 9 0 54 6 0 44 0 0 15 75 0 0 0 17 6 16 5 403 0 0 9 69 6 13 0 0 1 30
1181 0 21 8 0 86 96 105 22 208 276 91 40 1869 10 1 274 26 14 23 21 0 83 27 0 68 17 77 0 1715 1 118 1154 859 0 0 0 0 0 0 0 0 0 0 0 0 0 0 0 3 0 0 0 0 0 0 0 3 1 0 0 7 1 0 0 0 1 1
446 2 164 0 0 8 3209 42 3 6 16 0 1 544 2 0 319 2 5 2 3987 0 884 2 0 49 4 920 1715 0 0 0 235 744 0 0 0 0 0 0 0 0 0 0 0 0 0 0 0 2 0 0 0 0 1 1 0 8 0 0 0 7 0 0 0 0 0 1
0 3 0 0 0 0 0 0 1 0 33 0 303 2 0 0 0 0 0 0 0 2 0 0 18 170 100 0 1 0 0 0 0 3 0 2 0 0 0 0 0 0 0 0 12 0 197 0 0 0 0 0 0 0 0 0 0 0 11 24 57 0 0 0 36 0 0 0
0 4 0 0 266 28 0 105 15 1 196 6 154 246 15 0 0 0 0 1 0 0 0 1 0 0 0 0 118 0 0 0 0 457 0 0 0 0 0 0 0 0 0 0 0 0 0 0 0 0 0 0 0 0 0 0 0 0 0 0 0 0 0 0 0 0 0 0
9 0 1 4 0 7 18 1 2 11 3 2 0 2 2 0 31 4 3 1 10 0 6 9 0 3 6 13 1154 235 0 0 0 292 0 0 0 0 0 0 0 0 0 0 0 0 0 0 0 0 0 0 0 0 0 0 0 1 0 0 0 0 0 1 0 0 0 0
25 15 147 17 287 98 122 42 45 374 1307 198 532 59 16 22 1066 223 391 48 1360 5 1697 56 2 174 511 291 859 744 3 457 292 0 0 20 27 0 0 0 1 0 1 0 1 0 8 0 3 6 3 0 9 0 10 4 16 21 10 55 214 37 3 3 0 0 1 2
0 0 0 0 0 1 0 0 3 0 0 0 0 0 0 0 0 0 0 0 0 0 0 3 0 0 0 0 0 0 0 0 0 0 0 0 36 0 0 12 302 74 6 11 7 6 0 1936 2 0 26 7 63 1 0 0 16 5 0 40 3 11 1390 594 0 0 17 21
0 245 6 0 0 0 0 0 1 0 2 0 27 1 0 0 8 3 4 0 0 16 2 6 55 48 195 3 0 0 2 0 0 20 0 0 0 0 1 0 2 2 138 1 1 0 95 0 16 2 4 0 3 0 0 327 2 121 564 14 1995 1 0 2 2 0 0 6
0 8 165 0 0 0 0 0 1 0 0 0 0 0 0 4 31 0 5 0 1 1 35 2 0 50 243 0 0 0 0 0 0 27 36 0 0 0 0 37 463 199 0 4 0 0 0 157 0 0 145 1 23 0 16 1 1798 2 0 1726 3207 31 4 38 0 0 2 8
0 1 0 10 0 0 0 0 35 1 0 30 0 0 6 0 0 0 0 10 0 3 0 148 0 0 1 1 0 0 0 0 0 0 0 0 0 0 2 19 1 8 45 1524 0 608 0 11 8 0 0 0 0 4120 0 0 0 496 0 0 0 1856 9 0 0 0 0 18
0 0 0 0 0 0 0 0 1 0 0 3 1 0 2 0 0 0 0 0 0 0 0 0 0 0 0 1 0 0 0 0 0 0 0 1 0 2 0 823 3 7 147 15 30 36 23 1 1230 0 0 1 0 4 1 8 0 93 1 1 0 18 0 0 2 207 0 143
0 0 0 5 0 19 1 1 4 2 0 42 3 0 1 0 0 0 0 18 0 1 0 9 0 0 0 10 0 0 0 0 0 0 12 0 37 19 823 0 367 3039 70 3228 57 2415 6 121 893 1 1 26 0 42 0 4 17 61 1 23 9 315 76 5 3 38 3 150
0 0 0 0 0 0 2 0 4 3 0 2 0 0 0 0 0 0 0 2 0 0 1 8 0 0 0 9 0 0 0 0 0 1 302 2 463 1 3 367 0 1078 18 2392 19 28 0 1416 34 11 69 3 15 3 46 1 888 76 0 52 36 4712 227 2620 0 0 23 123
0 0 0 0 0 7 2 0 3 0 0 34 0 0 2 0 0 0 0 0 0 0 0 0 0 0 0 0 0 0 0 0 0 0 74 2 199 8 7 3039 1078 0 12 696 45 435 4 3389 37 1 6 10 1 18 0 0 102 17 0 28 3 73 139 68 1 355 1 60
1 5 1 20 1 8 8 1 125 55 0 29 3 1 1 0 0 0 0 20 0 9 3 78 3 0 1 54 0 0 0 0 0 1 6 138 0 45 147 70 18 12 0 115 33 321 51 5 332 4 0 0 2 74 0 560 0 2382 129 0 196 177 51 1 0 9 4 30
0 0 0 2 0 1 1 0 63 0 0 128 0 0 11 0 0 0 0 5 0 0 0 90 0 0 0 6 0 0 0 0 0 0 11 1 4 1524 15 3228 2392 696 115 0 24 1256 0 379 75 3 0 0 0 2038 0 0 13 189 0 0 4 2420 179 2 0 3 3 373
0 3 0 0 0 0 0 0 0 0 46 0 125 0 0 0 0 0 0 0 0 0 0 0 5 13 5 0 0 0 12 0 0 1 7 1 0 0 30 57 19 45 33 24 0 48 671 65 5 0 4 2029 71 20 5 1 3 15 66 585 24 7 216 11 53 296 0 1351
0 0 0 85 0 32 4 0 51 62 0 295 3 0 32 0 0 0 0 44 0 1 0 156 0 0 0 44 0 0 0 0 0 0 6 0 0 608 36 2415 28 435 321 1256 48 0 0 114 663 0 0 2 0 2818 0 0 0 581 0 0 1 716 113 0 0 4 0 164
0 50 1 0 0 0 0 0 0 0 148 0 991 0 0 0 2 0 3 0 0 10 0 0 165 213 187 0 0 0 197 0 0 8 0 95 0 0 23 6 0 4 51 0 671 0 0 5 1 0 0 0 0 0 0 45 0 11 1216 17 990 0 26 0 395 220 0 179
0 0 0 0 0 0 0 0 3 0 0 0 0 0 0 0 0 0 0 0 0 0 0 4 0 0 0 0 0 0 0 0 0 0 1936 0 157 11 1 121 1416 3389 5 379 65 114 5 0 5 0 58 1 19 18 3 0 59 13 0 50 1 42 1439 372 0 4 3 60
0 0 0 9 0 9 0 0 13 16 0 29 1 0 6 0 0 0 0 19 0 1 0 13 0 0 0 15 0 0 0 0 0 3 2 16 0 8 1230 893 34 37 332 75 5 663 1 5 0 1 0 2 0 14 10 14 3 196 1 1 11 77 17 0 0 37 0 28
0 0 0 0 0 0 1 0 15 1 0 0 0 0 1 670 0 0 0 0 73 68 135 140 0 0 159 75 3 2 0 0 0 6 0 2 0 0 0 1 11 1 4 3 0 0 0 0 1 0 4 1 1 1 625 1053 759 807 1 1 1395 236 3 6 0 0 1 9
0 1 9 0 0 0 0 0 0 0 0 0 0 0 0 0 2 0 2 0 0 1 4 0 0 14 32 0 0 0 0 0 0 3 26 4 145 0 0 1 69 6 0 0 4 0 0 58 0 4 0 48 1649 0 19 0 808 2 0 541 461 15 60 395 0 0 4 886
0 0 0 0 0 0 0 0 0 0 1 0 0 0 0 0 0 0 0 0 0 0 0 0 0 9 1 0 0 0 0 0 0 0 7 0 1 0 1 26 3 10 0 0 2029 2 0 1 2 1 48 0 633 0 2 0 11 1 0 459 22 0 12 23 1 8 3 302
0 0 1 0 0 0 0 0 1 0 0 0 0 0 0 0 5 0 2 0 0 0 0 0 0 36 32 0 0 0 0 0 0 9 63 3 23 0 0 0 15 1 2 0 71 0 0 19 0 1 1649 633 0 0 14 0 86 2 0 816 147 2 75 208 0 1 6 464
0 0 0 16 1 10 4 0 29 12 0 110 1 0 2 0 0 0 0 106 0 0 0 49 0 0 0 17 0 0 0 0 0 0 1 0 0 4120 4 42 3 18 74 2038 20 2818 0 18 14 1 0 0 0 0 0 0 0 294 1 0 1 580 18 0 0 1 0 29
0 0 0 0 0 0 0 0 7 0 0 0 0 0 0 11 0 0 0 0 1 6 4 19 0 0 2 6 0 1 0 0 0 10 0 0 16 0 1 0 46 0 0 0 5 0 0 3 10 625 19 2 14 0 0 3 6214 11 0 5 97 2218 4 2606 0 0 3 1250
0 9 2 0 0 0 0 0 20 2 0 0 5 0 1 46 0 0 0 1 7 244 12 54 12 3 45 16 0 1 0 0 0 4 0 327 1 0 8 4 1 0 560 0 1 0 45 0 14 1053 0 0 0 0 3 0 10 1203 104 1 933 28 0 18 0 1 0 4
0 3 36 0 0 0 0 0 1 0 0 0 0 0 0 386 1 0 0 0 6 8 229 17 0 2 250 5 0 0 0 0 0 16 16 2 1798 0 0 17 888 102 0 13 3 0 0 59 3 759 808 11 86 0 6214 10 0 45 0 597 3285 517 7 557 0 0 2 1185
1 5 0 45 1 43 23 2 159 231 0 99 3 2 16 20 0 0 0 264 7 27 2 514 1 0 15 403 3 8 0 0 1 21 5 121 2 496 93 61 76 17 2382 189 15 581 11 13 196 807 2 1 2 294 11 1203 45 0 65 0 858 3177 47 15 0 1 3 46
0 70 0 0 0 0 0 0 3 0 6 0 137 0 0 0 2 0 1 0 0 5 0 1 241 47 108 0 1 0 11 0 0 10 0 564 0 0 1 1 0 0 129 0 66 0 1216 0 1 1 0 0 0 1 0 104 0 65 0 3 1274 0 0 0 2 0 0 18
0 19 28 0 0 0 0 0 1 0 27 0 25 0 0 0 32 6 29 0 0 0 0 0 6 498 392 0 0 0 24 0 0 55 40 14 1726 0 1 23 52 28 0 0 585 0 17 50 1 1 541 459 816 0 5 1 597 0 3 0 2963 2 17 55 206 14 1 58
0 206 340 0 0 0 0 0 7 0 37 0 110 0 1 375 138 8 61 0 7 65 445 48 48 771 3517 9 0 0 57 0 0 214 3 1995 3207 0 0 9 36 3 196 4 24 1 990 1 11 1395 461 22 147 1 97 933 3285 858 1274 2963 0 235 8 23 204 2 3 286
1 1 0 4 0 30 17 0 74 6 0 31 0 0 6 20 0 0 0 55 2 15 3 183 0 0 4 69 7 7 0 0 0 37 11 1 31 1856 18 315 4712 73 177 2420 7 716 0 42 77 236 15 0 2 580 2218 28 517 3177 0 2 235 0 205 2017 0 0 56 445
0 0 0 0 0 0 0 0 10 0 0 0 0 0 0 0 0 0 0 0 1 1 0 22 0 0 0 6 1 0 0 0 0 3 1390 0 4 9 0 76 227 139 51 179 216 113 26 1439 17 3 60 12 75 18 4 0 7 47 0 17 8 205 0 829 2 11 1384 1233
0 0 0 0 0 0 0 0 0 0 0 0 0 0 0 1 0 0 0 0 2 2 0 18 0 0 0 13 0 0 0 0 1 3 594 2 38 0 0 5 2620 68 1 2 11 0 0 372 0 6 395 23 208 0 2606 18 557 15 0 55 23 2017 829 0 0 0 225 680
0 0 0 0 0 0 0 0 0 0 53 0 70 0 0 0 0 1 0 0 0 0 0 0 2 66 23 0 0 0 36 0 0 0 0 2 0 0 2 3 0 1 0 0 53 0 395 0 0 0 0 1 0 0 0 0 0 0 2 206 204 0 2 0 0 3 0 6
0 0 0 0 0 0 0 0 1 0 0 0 8 0 0 0 0 0 0 0 0 0 0 0 1 0 0 0 0 0 0 0 0 0 0 0 0 0 207 38 0 355 9 3 296 4 220 4 37 0 0 8 1 1 0 1 0 1 0 14 2 0 11 0 3 0 0 733
0 0 0 0 0 0 0 0 1 0 0 0 0 0 0 0 0 0 0 0 0 1 0 4 0 0 0 1 1 0 0 0 0 1 17 0 2 0 0 3 23 1 4 3 0 0 0 3 0 1 4 3 6 0 3 0 2 3 0 1 3 56 1384 225 0 0 0 302
0 1 6 0 0 5 0 0 10 0 0 1 34 0 3 4 3 0 1 0 1 3 2 27 4 4 29 30 1 1 0 0 0 2 21 6 8 18 143 150 123 60 30 373 1351 164 179 60 28 9 886 302 464 29 1250 4 1185 46 18 58 286 445 1233 680 6 733 302 0
