0 0 34 0 0 9 746 92 0 2 5 0 0 1900 0 0 10 4 2 0 9 0 44 0 0 13 1 5 855 129 1 1 3 11 0 0 0 0 0 0 0 0 0 0 0 0 0 0 0 0 0 0 0 0 0 0 0 0 0 0 0 1 0 0 0 0 0 0
0 0 1 0 2 0 0 0 23 0 3 0 67 0 0 12 0 0 0 0 0 252 0 67 312 3 1100 0 0 0 0 0 0 0 0 268 1 0 0 0 0 0 0 0 1 0 3 0 0 0 0 0 0 0 0 3 0 1 26 12 180 0 0 0 1 0 0 0
34 1 0 0 0 49 54 161 0 0 0 0 1 154 2 0 1124 0 17 0 35 0 2049 2 0 999 1981 5 36 40 0 0 3 37 0 4 23 0 0 0 0 0 0 0 0 0 0 0 0 0 10 0 1 0 0 0 1 0 0 60 222 0 0 0 0 0 0 0
0 0 0 0 17 13 17 0 76 857 0 367 4 1 76 0 0 0 0 1421 0 3 0 705 1 0 3 2331 6 0 0 0 0 7 0 0 0 8 0 0 0 1 14 1 0 36 0 0 5 1 0 0 0 15 0 7 0 135 0 0 0 90 0 0 0 0 0 0
0 2 0 17 0 247 1 0 33 12 10 80 51 0 866 0 0 0 1 14 1 1 1 55 1 1 1 29 0 0 0 151 0 192 0 0 0 0 2 2 0 0 2 0 0 4 0 0 1 0 0 0 0 0 0 0 0 1 0 0 0 0 0 0 0 0 0 1
9 0 49 13 247 0 438 1906 64 3859 64 3992 115 174 995 0 6 18 10 187 4 1 31 27 4 34 4 258 50 5 1 18 1 51 0 0 0 3 0 2 0 1 5 0 0 36 0 4 11 0 0 0 0 9 0 1 0 56 1 0 0 31 0 0 0 3 0 13
746 0 54 17 1 438 0 449 7 945 9 25 18 1812 36 0 1 0 10 27 52 0 76 53 0 6 31 6504 212 1470 0 2 19 101 0 0 0 0 0 1 0 0 6 1 0 1 0 0 1 1 0 0 0 1 0 5 0 11 0 0 0 7 0 0 0 0 0 1
92 0 161 0 0 1906 449 0 12 453 18 12 20 3028 17 0 42 5 3 2 13 0 205 4 1 29 5 35 52 43 0 10 1 32 0 0 0 0 0 0 0 0 0 0 0 0 0 0 0 0 0 0 0 1 0 0 0 0 0 0 0 1 0 0 0 0 0 1
0 23 0 76 33 64 7 12 0 17 7 202 53 1 154 0 0 0 0 71 0 440 0 2186 88 3 195 146 14 0 1 12 1 28 2 1 0 1 0 1 0 0 96 1 0 2 1 0 3 11 0 0 0 1 0 76 0 91 1 0 1 16 0 1 0 0 0 5
2 0 0 857 12 3859 945 453 17 0 34 325 52 930 37 0 0 0 13 1075 0 0 0 46 0 3 0 1663 98 0 0 5 1 117 0 0 0 0 2 0 0 0 9 0 0 38 0 0 2 0 0 0 0 4 0 7 0 162 0 0 0 17 0 0 0 0 0 3
5 3 0 0 10 64 9 18 7 34 0 34 467 36 1 0 5 993 511 6 0 2 0 0 9 688 4 0 66 6 54 204 1 1119 0 0 0 0 0 0 0 0 0 0 5 0 30 0 0 0 0 0 0 0 0 0 0 0 2 18 6 0 0 0 10 0 0 0
0 0 0 367 80 3992 25 12 202 325 34 0 83 10 1152 0 1 4 3 1268 0 0 0 545 2 10 0 145 22 0 0 6 0 76 0 0 0 20 3 18 1 1 23 4 0 304 1 0 20 0 0 0 0 36 1 1 0 143 1 0 0 43 0 0 0 0 0 8
0 67 1 4 51 115 18 20 53 52 467 83 0 10 72 0 0 6 6 21 0 55 2 38 691 115 749 24 2 0 283 133 0 581 0 1 0 1 0 1 1 4 0 1 89 16 533 3 2 0 0 0 0 8 0 0 0 5 188 60 46 3 1 0 54 6 0 52
1900 0 154 1 0 174 1812 3028 1 930 36 10 10 0 5 0 62 3 17 3 22 0 268 1 0 25 5 15 1376 379 0 83 2 64 0 0 0 0 0 0 0 0 0 0 0 0 0 0 0 0 0 0 0 0 0 0 0 0 0 0 0 1 0 0 0 0 0 0
0 0 2 76 866 995 36 17 154 37 1 1152 72 5 0 0 0 0 0 76 21 22 4 376 10 0 33 237 16 7 1 23 0 54 0 0 0 7 2 2 0 0 4 4 0 41 3 0 7 3 0 0 0 29 2 0 0 28 1 0 0 32 0 1 0 0 0 8
0 12 0 0 0 0 0 0 0 0 0 0 0 0 0 0 0 0 0 0 210 159 582 810 0 1 1433 178 0 0 0 0 0 4 0 4 25 0 0 0 2 0 0 0 0 0 0 0 2 243 0 0 0 0 17 94 53 37 0 2 431 5 2 0 0 0 0 1
10 0 1124 0 0 6 1 42 0 0 5 1 0 62 0 0 0 0 1615 0 45 0 1786 1 0 393 216 0 250 241 0 0 49 1353 0 1 3 0 0 0 0 0 0 0 0 0 0 0 0 0 1 0 0 0 0 0 0 0 0 8 25 0 0 0 0 0 0 0
4 0 0 0 0 18 0 5 0 0 993 4 6 3 0 0 0 0 490 0 0 0 0 0 0 748 0 0 10 4 0 3 0 15 0 0 0 0 0 0 0 0 0 0 0 0 0 0 0 0 0 0 0 0 0 0 0 0 0 0 0 0 0 0 0 0 0 0
2 0 17 0 1 10 10 3 0 13 511 3 6 17 0 0 1615 490 0 1 6 0 17 1 0 907 49 3 28 7 0 2 13 937 0 0 0 0 0 0 0 0 0 0 0 0 0 0 0 0 0 0 0 0 0 0 0 0 1 1 6 0 0 0 0 0 0 0
0 0 0 1421 14 187 27 2 71 1075 6 1268 21 3 76 0 0 0 1 0 0 0 0 225 3 1 0 416 17 0 0 3 0 24 0 0 0 42 0 4 4 0 21 7 0 88 0 0 12 0 0 0 0 74 2 9 0 642 0 0 0 214 0 0 0 0 0 5
9 0 35 0 1 4 52 13 0 0 0 0 0 22 21 210 45 0 6 0 0 2 6269 10 0 1 3 1342 30 3045 0 0 14 1172 0 0 3 0 0 0 0 0 0 0 0 0 0 0 1 74 0 0 0 0 8 14 22 8 0 0 9 5 0 1 0 0 0 5
0 252 0 3 1 1 0 0 440 0 2 0 55 0 22 159 0 0 0 0 2 0 3 545 106 1 746 3 0 0 1 0 0 0 0 23 0 0 0 0 0 0 0 0 0 0 8 0 0 38 0 0 0 0 1 297 3 11 29 0 84 4 0 0 0 0 0 1
44 0 2049 0 1 31 76 205 0 0 0 0 2 268 4 582 1786 0 17 0 6269 3 0 64 0 77 1353 227 98 739 0 0 9 1279 0 0 315 0 0 0 6 0 0 0 0 0 0 0 1 83 3 0 0 0 2 33 46 4 0 5 895 7 0 0 0 0 0 0
0 67 2 705 55 27 53 4 2186 46 0 545 38 1 376 810 1 0 1 225 10 545 64 0 55 1 503 1776 13 1 0 12 4 33 1 3 1 36 0 0 8 0 35 17 0 23 0 0 16 265 0 0 0 19 71 170 26 608 1 0 66 301 2 0 0 0 4 14
0 312 0 1 1 4 0 1 88 0 9 2 691 0 10 0 0 0 0 3 0 106 0 55 0 5 1097 2 0 0 4 1 0 24 0 5 0 1 0 0 0 0 0 1 10 2 120 0 0 0 0 1 0 3 0 4 0 3 221 12 141 2 0 0 5 1 0 13
13 3 999 0 1 34 6 29 3 3 688 10 115 25 0 1 393 748 907 1 1 1 77 1 5 0 3082 2 24 14 246 8 4 64 0 8 0 0 0 0 0 0 0 0 6 0 148 0 0 0 5 0 6 0 0 1 0 0 16 511 529 0 0 0 103 0 0 1
1 1100 1981 3 1 4 31 5 195 0 4 0 749 5 33 1433 216 0 49 0 3 746 1353 503 1097 3082 0 77 3 3 163 1 1 305 0 364 356 0 0 0 3 0 7 0 4 0 207 0 0 21 23 0 4 0 1 197 32 6 136 445 5251 3 0 0 69 0 0 5
5 0 5 2331 29 258 6504 35 146 1663 0 145 24 15 237 178 0 0 3 416 1342 3 227 1776 2 2 77 0 93 1740 0 1 37 379 0 0 2 101 0 3 9 0 47 0 0 32 0 0 7 90 0 0 0 15 44 31 12 424 0 0 12 169 2 6 0 0 0 13
855 0 36 6 0 50 212 52 14 98 66 22 2 1376 16 0 250 10 28 17 30 0 98 13 0 24 3 93 0 1808 0 70 1311 561 0 0 0 0 0 0 0 0 0 0 0 0 0 0 0 1 0 0 0 0 0 0 1 0 0 0 1 1 0 0 0 0 0 0
129 0 40 0 0 5 1470 43 0 0 6 0 0 379 7 0 241 4 7 0 3045 0 739 1 0 14 3 1740 1808 0 0 0 311 905 0 0 0 0 0 0 0 0 0 0 0 1 0 0 0 1 0 0 0 1 5 0 0 0 0 0 3 5 0 1 0 0 0 0
1 0 0 0 0 1 0 0 1 0 54 0 283 0 1 0 0 0 0 0 0 1 0 0 4 246 163 0 0 0 0 1 0 0 0 0 0 0 0 0 0 0 0 0 5 0 159 0 0 0 0 1 0 0 0 0 0 0 11 22 15 0 0 0 16 0 0 0
1 0 0 0 151 18 2 10 12 5 204 6 133 83 23 0 0 3 2 3 0 0 0 12 1 8 1 1 70 0 1 0 0 370 0 0 0 0 0 0 0 0 0 0 0 1 0 0 0 0 0 0 0 0 0 0 0 0 0 0 0 0 0 0 0 0 0 2
3 0 3 0 0 1 19 1 1 1 1 0 0 2 0 0 49 0 13 0 14 0 9 4 0 4 1 37 1311 311 0 0 0 424 0 0 0 0 0 0 0 0 0 0 0 0 0 0 0 1 0 0 0 0 0 0 0 0 0 0 0 0 0 0 0 0 0 0
11 0 37 7 192 51 101 32 28 117 1119 76 581 64 54 4 1353 15 937 24 1172 0 1279 33 24 64 305 379 561 905 0 370 424 0 0 0 3 0 0 0 0 2 1 0 0 1 2 0 3 2 0 0 0 1 6 3 1 1 14 10 31 2 0 1 0 0 0 4
0 0 0 0 0 0 0 0 2 0 0 0 0 0 0 0 0 0 0 0 0 0 0 1 0 0 0 0 0 0 0 0 0 0 0 0 15 0 0 3 678 61 2 4 2 0 0 1032 0 0 122 1 32 1 3 0 6 10 0 92 0 24 1111 465 0 0 8 12
0 268 4 0 0 0 0 0 1 0 0 0 1 0 0 4 1 0 0 0 0 23 0 3 5 8 364 0 0 0 0 0 0 0 0 0 0 0 1 0 0 0 54 0 4 0 34 0 1 26 0 0 2 0 0 360 0 34 368 5 1138 1 0 0 0 0 0 3
0 1 23 0 0 0 0 0 0 0 0 0 0 0 0 25 3 0 0 0 3 0 315 1 0 0 356 2 0 0 0 0 0 3 15 0 0 0 1 48 323 127 0 2 1 0 0 107 2 0 379 1 26 0 151 0 2492 0 0 1247 2203 29 3 8 0 0 1 85
0 0 0 8 0 3 0 0 1 0 0 20 1 0 7 0 0 0 0 42 0 0 0 36 1 0 0 101 0 0 0 0 0 0 0 0 0 0 0 5 7 8 9 953 0 187 1 11 6 0 0 0 0 649 0 0 0 268 0 0 0 2612 16 0 0 0 0 34
0 0 0 0 2 0 0 0 0 2 0 3 0 0 2 0 0 0 0 0 0 0 0 0 0 0 0 0 0 0 0 0 0 0 0 1 1 0 0 170 0 4 46 0 35 43 1 0 601 0 0 0 0 3 0 26 0 87 1 1 0 6 0 0 0 135 0 94
0 0 0 0 2 2 1 0 1 0 0 18 1 0 2 0 0 0 0 4 0 0 0 0 0 0 0 3 0 0 0 0 0 0 3 0 48 5 170 0 590 1589 34 1489 10 2899 0 22 748 0 2 3 6 75 0 6 1 158 1 33 1 457 12 0 0 0 0 24
0 0 0 0 0 0 0 0 0 0 0 1 1 0 0 2 0 0 0 4 0 0 6 8 0 0 3 9 0 0 0 0 0 0 678 0 323 7 0 590 0 503 3 1922 6 57 0 1384 11 0 63 0 14 4 68 0 72 137 0 81 23 4816 109 2151 0 0 4 43
0 0 0 1 0 1 0 0 0 0 0 1 4 0 0 0 0 0 0 0 0 0 0 0 0 0 0 0 0 0 0 0 0 2 61 0 127 8 4 1589 503 0 41 301 18 104 2 2120 32 0 22 2 0 30 1 0 8 30 1 157 2 63 20 9 0 15 0 68
0 0 0 14 2 5 6 0 96 9 0 23 0 0 4 0 0 0 0 21 0 0 0 35 0 0 7 47 0 0 0 0 0 1 2 54 0 9 46 34 3 41 0 4 1 145 9 14 246 0 1 0 3 27 0 740 0 1394 75 2 136 54 10 0 0 11 1 32
0 0 0 1 0 0 1 0 1 0 0 4 1 0 4 0 0 0 0 7 0 0 0 17 1 0 0 0 0 0 0 0 0 0 4 0 2 953 0 1489 1922 301 4 0 9 1193 0 206 7 0 0 1 2 739 0 0 0 157 1 0 0 1140 110 0 0 0 0 78
0 1 0 0 0 0 0 0 0 0 5 0 89 0 0 0 0 0 0 0 0 0 0 0 10 6 4 0 0 0 5 0 0 0 2 4 1 0 35 10 6 18 1 9 0 39 352 92 1 0 6 1092 457 10 0 5 2 7 57 486 7 2 177 0 27 267 0 1192
0 0 0 36 4 36 1 0 2 38 0 304 16 0 41 0 0 0 0 88 0 0 0 23 2 0 0 32 0 1 0 1 0 1 0 0 0 187 43 2899 57 104 145 1193 39 0 2 59 723 0 0 10 36 2225 1 1 0 1186 2 23 4 229 65 0 1 2 0 135
0 3 0 0 0 0 0 0 1 0 30 1 533 0 3 0 0 0 0 0 0 8 0 0 120 148 207 0 0 0 159 0 0 2 0 34 0 1 1 0 0 2 9 0 352 2 0 0 5 2 0 0 0 0 0 69 0 11 899 32 687 3 2 0 328 19 0 85
0 0 0 0 0 4 0 0 0 0 0 0 3 0 0 0 0 0 0 0 0 0 0 0 0 0 0 0 0 0 0 0 0 0 1032 0 107 11 0 22 1384 2120 14 206 92 59 0 0 7 0 117 6 40 23 1 0 6 53 0 163 4 126 1083 128 0 11 3 47
0 0 0 5 1 11 1 0 3 2 0 20 2 0 7 2 0 0 0 12 1 0 1 16 0 0 0 7 0 0 0 0 0 3 0 1 2 6 601 748 11 32 246 7 1 723 5 7 0 16 0 1 7 5 57 47 66 206 0 5 25 66 5 1 0 7 0 37
0 0 0 1 0 0 1 0 11 0 0 0 0 0 3 243 0 0 0 0 74 38 83 265 0 0 21 90 1 1 0 0 1 2 0 26 0 0 0 0 0 0 0 0 0 0 2 0 16 0 0 0 0 0 171 823 684 866 5 1 1304 317 1 2 0 0 2 16
0 0 10 0 0 0 0 0 0 0 0 0 0 0 0 0 1 0 0 0 0 0 3 0 0 5 23 0 0 0 0 0 0 0 122 0 379 0 0 2 63 22 1 0 6 0 0 117 0 0 0 2 1176 0 127 0 944 0 0 228 134 1 105 243 0 0 5 1046
0 0 0 0 0 0 0 0 0 0 0 0 0 0 0 0 0 0 0 0 0 0 0 0 1 0 0 0 0 0 1 0 0 0 1 0 1 0 0 3 0 2 0 1 1092 10 0 6 1 0 2 0 455 0 0 0 0 2 0 215 0 0 6 0 0 1 0 58
0 0 1 0 0 0 0 0 0 0 0 0 0 0 0 0 0 0 0 0 0 0 0 0 0 6 4 0 0 0 0 0 0 0 32 2 26 0 0 6 14 0 3 2 457 36 0 40 7 0 1176 455 0 11 9 4 22 9 0 902 44 4 61 51 0 0 4 847
0 0 0 15 0 9 1 1 1 4 0 36 8 0 29 0 0 0 0 74 0 0 0 19 3 0 0 15 0 1 0 0 0 1 1 0 0 649 3 75 4 30 27 739 10 2225 0 23 5 0 0 0 11 0 0 0 0 480 4 0 0 189 52 0 0 0 0 67
0 0 0 0 0 0 0 0 0 0 0 1 0 0 2 17 0 0 0 2 8 1 2 71 0 0 1 44 0 5 0 0 0 6 3 0 151 0 0 0 68 1 0 0 0 1 0 1 57 171 127 0 9 0 0 2 4461 2 0 5 101 1904 58 1636 0 0 45 998
0 3 0 7 0 1 5 0 76 7 0 1 0 0 0 94 0 0 0 9 14 297 33 170 4 1 197 31 0 0 0 0 0 3 0 360 0 0 26 6 0 0 740 0 5 1 69 0 47 823 0 0 4 0 2 0 9 1167 201 5 500 8 1 0 0 1 0 4
0 0 1 0 0 0 0 0 0 0 0 0 0 0 0 53 0 0 0 0 22 3 46 26 0 0 32 12 1 0 0 0 0 1 6 0 2492 0 0 1 72 8 0 0 2 0 0 6 66 684 944 0 22 0 4461 9 0 0 0 195 2107 28 12 109 0 0 7 1309
0 1 0 135 1 56 11 0 91 162 0 143 5 0 28 37 0 0 0 642 8 11 4 608 3 0 6 424 0 0 0 0 0 1 10 34 0 268 87 158 137 30 1394 157 7 1186 11 53 206 866 0 2 9 480 2 1167 0 0 46 2 143 2312 105 4 0 5 12 117
0 26 0 0 0 1 0 0 1 0 2 1 188 0 1 0 0 0 1 0 0 29 0 1 221 16 136 0 0 0 11 0 0 14 0 368 0 0 1 1 0 1 75 1 57 2 899 0 0 5 0 0 0 4 0 201 0 46 0 5 944 2 0 0 6 2 0 243
0 12 60 0 0 0 0 0 0 0 18 0 60 0 0 2 8 0 1 0 0 0 5 0 12 511 445 0 0 0 22 0 0 10 92 5 1247 0 1 33 81 157 2 0 486 23 32 163 5 1 228 215 902 0 5 5 195 2 5 0 1654 11 11 10 340 11 0 57
0 180 222 0 0 0 0 0 1 0 6 0 46 0 0 431 25 0 6 0 9 84 895 66 141 529 5251 12 1 3 15 0 0 31 0 1138 2203 0 0 1 23 2 136 0 7 4 687 4 25 1304 134 0 44 0 101 500 2107 143 944 1654 0 38 4 0 124 0 0 266
1 0 0 90 0 31 7 1 16 17 0 43 3 1 32 5 0 0 0 214 5 4 7 301 2 0 3 169 1 5 0 0 0 2 24 1 29 2612 6 457 4816 63 54 1140 2 229 3 126 66 317 1 0 4 189 1904 8 28 2312 2 11 38 0 232 753 0 0 42 192
0 0 0 0 0 0 0 0 0 0 0 0 1 0 0 2 0 0 0 0 0 0 0 2 0 0 0 2 0 0 0 0 0 0 1111 0 3 16 0 12 109 20 10 110 177 65 2 1083 5 1 105 6 61 52 58 1 12 105 0 11 4 232 0 1155 0 23 771 1079
0 0 0 0 0 0 0 0 1 0 0 0 0 0 1 0 0 0 0 0 1 0 0 0 0 0 0 6 0 1 0 0 0 1 465 0 8 0 0 0 2151 9 0 0 0 0 0 128 1 2 243 0 51 0 1636 0 109 4 0 10 0 753 1155 0 0 0 143 332
0 1 0 0 0 0 0 0 0 0 10 0 54 0 0 0 0 0 0 0 0 0 0 0 5 103 69 0 0 0 16 0 0 0 0 0 0 0 0 0 0 0 0 0 27 1 328 0 0 0 0 0 0 0 0 0 0 0 6 340 124 0 0 0 0 0 0 2
0 0 0 0 0 3 0 0 0 0 0 0 6 0 0 0 0 0 0 0 0 0 0 0 1 0 0 0 0 0 0 0 0 0 0 0 0 0 135 0 0 15 11 0 267 2 19 11 7 0 0 1 0 0 0 1 0 5 2 11 0 0 23 0 0 0 0 532
0 0 0 0 0 0 0 0 0 0 0 0 0 0 0 0 0 0 0 0 0 0 0 4 0 0 0 0 0 0 0 0 0 0 8 0 1 0 0 0 4 0 1 0 0 0 0 3 0 2 5 0 4 0 45 0 7 12 0 0 0 42 771 143 0 0 0 423
0 0 0 0 1 13 1 1 5 3 0 8 52 0 8 1 0 0 0 5 5 1 0 14 13 1 5 13 0 0 0 2 0 4 12 3 85 34 94 24 43 68 32 78 1192 135 85 47 37 16 1046 58 847 67 998 4 1309 117 243 57 266 192 1079 332 2 532 423 0
