0 1 52 0 0 10 881 258 3 17 6 4 0 1319 0 0 69 12 63 2 4 0 50 0 0 115 6 20 697 164 0 0 1 13 0 0 0 0 0 0 0 0 0 0 0 0 0 0 0 0 0 0 0 0 0 0 0 2 0 0 0 2 0 0 0 0 0 1
1 0 0 0 0 2 3 3 39 0 3 1 45 3 1 6 5 0 4 0 0 393 2 103 417 8 1977 7 3 1 0 0 0 5 1 156 8 0 0 0 1 0 0 0 1 0 31 0 0 1 1 0 0 0 0 8 2 1 10 31 266 0 0 0 3 0 0 5
52 0 0 0 0 8 217 121 3 5 1 0 0 96 1 0 556 4 28 0 128 0 2057 1 0 2979 2557 78 12 88 0 0 3 85 0 4 46 0 0 0 0 0 1 0 0 1 0 0 0 1 4 0 3 0 0 1 22 0 0 24 196 1 0 0 0 0 0 1
0 0 0 0 2 29 4 12 56 514 0 733 1 9 35 0 0 0 0 2487 0 1 0 598 3 0 0 1231 8 0 0 0 1 21 0 0 0 249 1 4 0 1 35 3 0 137 3 0 19 0 0 0 0 157 0 0 0 44 0 0 0 11 0 0 0 0 0 2
0 0 0 2 0 265 1 0 64 3 4 22 0 0 668 0 0 0 0 6 0 1 0 13 0 0 0 15 0 0 0 39 0 223 0 0 0 0 10 1 0 2 2 0 0 1 4 0 10 0 0 0 0 0 0 0 0 1 0 0 0 0 0 0 0 0 0 0
10 2 8 29 265 0 283 2461 139 2054 55 3103 4 70 1171 1 3 9 3 136 0 3 3 11 0 18 6 139 33 4 1 23 2 61 0 0 0 4 0 10 0 3 7 0 3 56 6 0 11 0 0 0 0 13 0 2 1 23 0 0 1 25 1 2 0 0 0 13
881 3 217 4 1 283 0 310 5 2911 6 19 0 1430 22 0 58 0 6 8 32 0 345 46 0 87 57 4657 344 1574 0 0 15 92 0 1 0 2 0 0 0 0 3 0 1 4 0 0 3 0 0 0 0 2 0 0 0 18 0 0 0 3 0 0 0 0 0 4
258 3 121 12 0 2461 310 0 35 723 44 142 7 2433 10 0 103 5 22 20 5 1 89 4 1 72 11 61 36 45 1 370 2 31 0 0 0 0 0 1 0 1 4 0 0 4 5 1 5 0 0 0 0 1 0 1 0 13 0 0 0 1 0 0 0 0 0 7
3 39 3 56 64 139 5 35 0 27 9 350 26 10 275 7 2 5 2 57 17 680 12 2211 121 17 202 171 11 10 0 1 1 65 0 1 0 12 1 4 1 2 211 8 4 22 12 1 7 3 0 0 0 15 1 26 6 120 2 2 7 32 9 0 0 0 0 7
17 0 5 514 3 2054 2911 723 27 0 23 2075 1 322 31 0 0 2 0 1635 0 0 3 25 0 1 3 1370 94 4 0 0 1 126 0 0 0 6 0 1 0 0 10 1 0 70 3 0 5 0 0 0 0 18 0 1 0 33 0 0 0 6 0 0 0 0 0 2
6 3 1 0 4 55 6 44 9 23 0 40 826 52 6 0 39 1281 141 10 3 3 5 5 9 866 12 4 224 8 8 195 6 1102 0 0 0 0 0 1 0 0 2 0 29 2 113 1 4 1 0 0 0 1 0 0 0 1 3 15 16 0 0 0 13 0 0 1
4 1 0 733 22 3103 19 142 350 2075 40 0 1 33 845 0 0 8 3 1954 0 2 0 518 0 3 2 295 40 2 0 2 1 93 0 0 0 21 0 27 0 0 22 12 3 703 9 0 22 0 0 0 0 92 1 0 0 48 0 0 0 50 1 0 0 0 0 9
0 45 0 1 0 4 0 7 26 1 826 1 0 2 11 2 0 0 0 0 0 31 2 25 668 18 648 5 14 0 114 35 0 15 0 12 0 0 0 0 0 0 0 0 137 0 684 0 2 0 0 0 1 1 0 5 0 0 121 69 170 1 0 0 64 0 0 1
1319 3 96 9 0 70 1430 2433 10 322 52 33 2 0 1 0 117 22 36 10 9 0 116 1 0 97 12 132 2016 197 3 8 7 37 0 0 0 0 1 0 0 1 2 0 0 0 0 1 2 0 0 0 0 0 0 1 0 4 0 0 0 0 0 0 0 0 0 1
0 1 1 35 668 1171 22 10 275 31 6 845 11 1 0 2 1 1 0 49 36 21 21 156 1 0 2 166 3 3 0 14 2 36 0 0 0 7 1 1 1 0 6 1 0 22 12 0 22 1 0 0 0 17 0 1 1 13 0 0 0 9 0 1 0 0 0 0
0 6 0 0 0 1 0 0 7 0 0 0 2 0 2 0 0 0 0 0 850 1067 574 459 0 0 1255 125 0 0 0 0 0 8 0 1 0 0 0 0 0 0 1 0 0 0 1 0 0 555 0 0 0 0 10 154 345 99 0 0 109 24 1 3 0 0 0 4
69 5 556 0 0 3 58 103 2 0 39 0 0 117 1 0 0 65 1080 0 25 1 1042 0 0 626 495 9 117 145 0 0 2 934 0 5 5 0 0 0 0 0 0 0 0 0 0 0 0 0 1 0 0 0 0 0 1 0 0 11 44 0 0 0 0 0 0 2
12 0 4 0 0 9 0 5 5 2 1281 8 0 22 1 0 65 0 378 0 4 0 10 0 0 566 6 0 95 13 0 10 3 251 0 0 0 0 0 0 0 0 0 0 2 0 3 0 0 0 0 0 0 0 0 0 0 0 1 5 5 0 0 0 3 0 0 0
63 4 28 0 0 3 6 22 2 0 141 3 0 36 0 0 1080 378 0 0 10 0 47 0 0 1707 45 2 134 52 0 0 9 430 0 0 0 0 0 0 0 0 0 0 0 0 1 0 0 0 1 0 0 0 0 0 1 0 0 10 13 0 0 0 0 0 0 0
2 0 0 2487 6 136 8 20 57 1635 10 1954 0 10 49 0 0 0 0 0 0 0 0 178 0 0 0 1132 25 0 0 0 1 29 0 0 0 32 1 25 0 1 9 12 1 125 7 0 33 0 0 0 0 162 0 0 0 55 0 0 0 61 0 0 0 0 0 3
4 0 128 0 0 0 32 5 17 0 3 0 0 9 36 850 25 4 10 0 0 5 6148 30 0 28 47 1727 13 2446 0 0 11 1364 0 0 0 0 0 0 0 0 1 0 0 0 2 0 0 57 0 0 0 0 6 21 7 58 0 0 9 10 0 6 0 0 0 3
0 393 0 1 1 3 0 1 680 0 3 2 31 0 21 1067 1 0 0 0 5 0 6 760 143 2 858 18 3 1 0 0 0 4 0 16 1 0 0 0 0 0 9 0 5 0 16 0 0 44 0 0 0 0 1 252 15 63 3 1 86 6 0 2 0 0 0 3
50 2 2057 0 0 3 345 89 12 3 5 0 2 116 21 574 1042 10 47 0 6148 6 0 18 0 276 2025 382 18 458 0 0 7 1712 0 1 10 0 0 0 0 0 0 0 0 0 2 0 1 261 1 0 0 0 3 31 428 21 0 2 164 5 0 1 0 0 0 1
0 103 1 598 13 11 46 4 2211 25 5 518 25 1 156 459 0 0 0 178 30 760 18 0 117 6 654 1995 17 7 0 0 4 29 1 2 0 44 2 6 1 0 67 12 3 69 4 0 17 49 0 0 0 70 4 134 15 565 2 0 23 233 10 2 0 0 4 20
0 417 0 3 0 0 0 1 121 0 9 0 668 0 1 0 0 0 0 0 0 143 0 117 0 5 1215 0 2 0 4 1 0 2 0 30 0 0 0 0 0 0 3 0 18 0 234 0 0 0 0 0 0 0 0 1 0 2 228 40 180 0 0 0 6 0 0 5
115 8 2979 0 0 18 87 72 17 1 866 3 18 97 0 0 626 566 1707 0 28 2 276 6 5 0 3426 29 159 51 250 13 10 517 0 18 14 0 0 0 0 0 0 0 11 0 153 0 0 0 6 4 10 0 0 1 0 0 34 273 511 0 0 0 33 0 0 4
6 1977 2557 0 0 6 57 11 202 3 12 2 648 12 2 1255 495 6 45 0 47 858 2025 654 1215 3426 0 441 48 16 35 2 9 518 0 327 192 0 0 0 0 0 8 0 14 0 225 0 0 142 22 0 17 0 0 177 426 50 171 575 4791 9 0 1 41 0 0 31
20 7 78 1231 15 139 4657 61 171 1370 4 295 5 132 166 125 9 0 2 1132 1727 18 382 1995 0 29 441 0 192 1168 0 0 73 383 0 1 2 34 0 6 0 0 55 2 1 147 8 0 39 21 0 0 0 76 3 38 6 272 0 0 12 101 3 2 0 0 1 14
697 3 12 8 0 33 344 36 11 94 224 40 14 2016 3 0 117 95 134 25 13 3 18 17 2 159 48 192 0 1144 4 81 1106 961 0 0 0 0 1 1 0 2 4 0 2 2 1 1 3 2 0 0 0 0 0 0 0 12 0 0 1 3 0 0 0 0 0 0
164 1 88 0 0 4 1574 45 10 4 8 2 0 197 3 0 145 13 52 0 2446 1 458 7 0 51 16 1168 1144 0 0 0 181 758 0 0 0 0 0 0 0 0 2 0 1 1 0 0 0 2 0 0 0 0 0 5 2 26 0 0 2 8 0 0 0 0 0 0
0 0 0 0 0 1 0 1 0 0 8 0 114 3 0 0 0 0 0 0 0 0 0 0 4 250 35 0 4 0 0 0 0 8 0 1 0 0 0 0 0 0 0 0 4 0 54 0 0 0 0 0 0 0 0 0 0 0 7 10 28 0 0 0 8 0 0 0
0 0 0 0 39 23 0 370 1 0 195 2 35 8 14 0 0 10 0 0 0 0 0 0 1 13 2 0 81 0 0 0 0 421 0 0 0 0 0 0 0 0 0 0 1 0 2 0 1 0 0 0 0 0 0 0 0 0 0 0 0 0 0 0 0 0 0 0
1 0 3 1 0 2 15 2 1 1 6 1 0 7 2 0 2 3 9 1 11 0 7 4 0 10 9 73 1106 181 0 0 0 464 0 0 0 0 0 0 0 0 1 0 1 0 0 1 1 0 0 0 0 0 0 0 0 5 0 0 0 1 0 0 0 0 0 2
13 5 85 21 223 61 92 31 65 126 1102 93 15 37 36 8 934 251 430 29 1364 4 1712 29 2 517 518 383 961 758 8 421 464 0 0 5 6 0 0 3 0 3 3 0 4 34 22 2 16 8 0 1 0 2 2 5 12 38 2 15 59 25 1 0 0 0 0 5
0 1 0 0 0 0 0 0 0 0 0 0 0 0 0 0 0 0 0 0 0 0 0 1 0 0 0 0 0 0 0 0 0 0 0 0 6 0 0 2 749 14 0 7 3 8 0 1084 1 0 14 5 16 3 1 0 1 4 0 35 1 10 1122 481 0 0 3 16
0 156 4 0 0 0 1 0 1 0 0 0 12 0 0 1 5 0 0 0 0 16 1 2 30 18 327 1 0 0 1 0 0 5 0 0 4 2 1 0 10 3 55 0 0 1 138 1 2 13 5 0 1 0 1 351 2 71 434 3 1983 4 1 0 0 0 0 5
0 8 46 0 0 0 0 0 0 0 0 0 0 0 0 0 5 0 0 0 0 1 10 0 0 14 192 2 0 0 0 0 0 6 6 4 0 0 0 1 435 55 0 9 0 1 0 51 0 0 1196 0 26 0 57 1 2026 2 0 2085 2807 278 1 18 0 0 0 49
0 0 0 249 0 4 2 0 12 6 0 21 0 0 7 0 0 0 0 32 0 0 0 44 0 0 0 34 0 0 0 0 0 0 0 2 0 0 8 20 1 8 44 642 0 779 2 7 25 0 0 0 0 3499 0 1 0 668 1 0 1 2526 6 0 0 0 0 15
0 0 0 1 10 0 0 0 1 0 0 0 0 1 1 0 0 0 0 1 0 0 0 2 0 0 0 0 1 0 0 0 0 0 0 1 0 8 0 303 0 51 69 4 113 44 35 0 903 0 0 0 0 4 0 11 1 43 0 0 2 14 1 0 1 37 0 396
0 0 0 4 1 10 0 1 4 1 1 27 0 0 1 0 0 0 0 25 0 0 0 6 0 0 0 6 1 0 0 0 0 3 2 0 1 20 303 0 69 1778 16 1832 30 3445 2 38 544 0 0 10 1 109 2 2 2 54 0 4 1 370 24 0 0 0 2 22
0 1 0 0 0 0 0 0 1 0 0 0 0 0 1 0 0 0 0 0 0 0 0 1 0 0 0 0 0 0 0 0 0 0 749 10 435 1 0 69 0 695 1 1429 4 5 0 1692 4 1 121 2 64 4 27 2 366 68 0 217 50 3659 154 2097 0 0 23 67
0 0 0 1 2 3 0 1 2 0 0 0 0 1 0 0 0 0 0 1 0 0 0 0 0 0 0 0 2 0 0 0 0 3 14 3 55 8 51 1778 695 0 8 532 68 242 6 2641 43 0 10 9 2 27 2 2 8 40 0 29 4 160 41 4 1 21 1 41
0 0 1 35 2 7 3 4 211 10 2 22 0 2 6 1 0 0 0 9 1 9 0 67 3 0 8 55 4 2 0 0 1 3 0 55 0 44 69 16 1 8 0 11 15 198 97 3 275 0 0 1 1 35 0 662 1 1994 83 2 128 52 4 1 0 0 0 12
0 0 0 3 0 0 0 0 8 1 0 12 0 0 1 0 0 0 0 12 0 0 0 12 0 0 0 2 0 0 0 0 0 0 7 0 9 642 4 1832 1429 532 11 0 12 1716 0 260 7 0 1 1 2 1437 1 2 6 49 0 2 2 2809 79 0 0 0 0 80
0 1 0 0 0 3 1 0 4 0 29 3 137 0 0 0 0 2 0 1 0 5 0 3 18 11 14 1 2 1 4 1 1 4 3 0 0 0 113 30 4 68 15 12 0 83 583 88 56 0 6 1778 277 18 5 9 11 15 0 569 1 16 342 5 71 392 0 1292
0 0 1 137 1 56 4 4 22 70 2 703 0 0 22 0 0 0 0 125 0 0 0 69 0 0 0 147 2 1 0 0 0 34 8 1 1 779 44 3445 5 242 198 1716 83 0 17 137 524 1 0 34 10 1857 0 12 1 492 0 20 3 307 109 2 0 0 0 198
0 31 0 3 4 6 0 5 12 3 113 9 684 0 12 1 0 3 1 7 2 16 2 4 234 153 225 8 1 0 54 2 0 22 0 138 0 2 35 2 0 6 97 0 583 17 0 3 32 0 0 0 0 7 0 76 1 42 919 56 917 3 3 0 329 28 0 42
0 0 0 0 0 0 0 1 1 0 1 0 0 1 0 0 0 0 0 0 0 0 0 0 0 0 0 0 1 0 0 0 1 2 1084 1 51 7 0 38 1692 2641 3 260 88 137 3 0 23 0 25 19 25 44 2 0 15 13 0 77 4 40 1158 146 1 16 8 105
0 0 0 19 10 11 3 5 7 5 4 22 2 2 22 0 0 0 0 33 0 0 1 17 0 0 0 39 3 0 0 1 1 16 1 2 0 25 903 544 4 43 275 7 56 524 32 23 0 16 0 7 0 22 23 45 21 219 3 16 4 86 24 1 0 7 0 29
0 1 1 0 0 0 0 0 3 0 1 0 0 0 1 555 0 0 0 0 57 44 261 49 0 0 142 21 2 2 0 0 0 8 0 13 0 0 0 0 1 0 0 0 0 1 0 0 16 0 2 0 0 0 537 874 1164 627 0 0 618 304 1 9 0 0 0 37
0 1 4 0 0 0 0 0 0 0 0 0 0 0 0 0 1 0 1 0 0 0 1 0 0 6 22 0 0 0 0 0 0 0 14 5 1196 0 0 0 121 10 0 1 6 0 0 25 0 2 0 14 563 0 9 7 1633 1 0 779 445 33 8 77 0 0 0 982
0 0 0 0 0 0 0 0 0 0 0 0 0 0 0 0 0 0 0 0 0 0 0 0 0 4 0 0 0 0 0 0 0 1 5 0 0 0 0 10 2 9 1 1 1778 34 0 19 7 0 14 0 574 1 4 0 6 2 0 246 0 0 28 16 0 2 0 213
0 0 3 0 0 0 0 0 0 0 0 0 1 0 0 0 0 0 0 0 0 0 0 0 0 10 17 0 0 0 0 0 0 0 16 1 26 0 0 1 64 2 1 2 277 10 0 25 0 0 563 574 0 3 16 5 36 2 0 1493 75 10 64 79 1 0 3 619
0 0 0 157 0 13 2 1 15 18 1 92 1 0 17 0 0 0 0 162 0 0 0 70 0 0 0 76 0 0 0 0 0 2 3 0 0 3499 4 109 4 27 35 1437 18 1857 7 44 22 0 0 1 3 0 0 0 0 74 0 0 0 479 47 3 0 0 0 48
0 0 0 0 0 0 0 0 1 0 0 1 0 0 0 10 0 0 0 0 6 1 3 4 0 0 0 3 0 0 0 0 0 2 1 1 57 0 0 2 27 2 0 1 5 0 0 2 23 537 9 4 16 0 0 13 4898 16 0 7 14 1869 51 1797 0 0 28 1033
0 8 1 0 0 2 0 1 26 1 0 0 5 1 1 154 0 0 0 0 21 252 31 134 1 1 177 38 0 5 0 0 0 5 0 351 1 1 11 2 2 2 662 2 9 12 76 0 45 874 7 0 5 0 13 0 24 1089 87 2 1152 20 1 5 0 0 0 17
0 2 22 0 0 1 0 0 6 0 0 0 0 0 1 345 1 0 1 0 7 15 428 15 0 0 426 6 0 2 0 0 0 12 1 2 2026 0 1 2 366 8 1 6 11 1 1 15 21 1164 1633 6 36 0 4898 24 0 42 0 187 1846 588 6 277 0 0 4 1300
2 1 0 44 1 23 18 13 120 33 1 48 0 4 13 99 0 0 0 55 58 63 21 565 2 0 50 272 12 26 0 0 5 38 4 71 2 668 43 54 68 40 1994 49 15 492 42 13 219 627 1 2 2 74 16 1089 42 0 85 2 525 1952 46 5 0 0 6 54
0 10 0 0 0 0 0 0 2 0 3 0 121 0 0 0 0 1 0 0 0 3 0 2 228 34 171 0 0 0 7 0 0 2 0 434 0 1 0 0 0 0 83 0 0 0 919 0 3 0 0 0 0 0 0 87 0 85 0 5 1058 0 0 0 1 0 0 0
0 31 24 0 0 0 0 0 2 0 15 0 69 0 0 0 11 5 10 0 0 1 2 0 40 273 575 0 0 0 10 0 0 15 35 3 2085 0 0 4 217 29 2 2 569 20 56 77 16 0 779 246 1493 0 7 2 187 2 5 0 2492 52 64 51 163 8 1 163
0 266 196 0 0 1 0 0 7 0 16 0 170 0 0 109 44 5 13 0 9 86 164 23 180 511 4791 12 1 2 28 0 0 59 1 1983 2807 1 2 1 50 4 128 2 1 3 917 4 4 618 445 0 75 0 14 1152 1846 525 1058 2492 0 193 7 3 104 0 0 343
2 0 1 11 0 25 3 1 32 6 0 50 1 0 9 24 0 0 0 61 10 6 5 233 0 0 9 101 3 8 0 0 1 25 10 4 278 2526 14 370 3659 160 52 2809 16 307 3 40 86 304 33 0 10 479 1869 20 588 1952 0 52 193 0 178 2011 0 0 73 538
0 0 0 0 0 1 0 0 9 0 0 1 0 0 0 1 0 0 0 0 0 0 0 10 0 0 0 3 0 0 0 0 0 1 1122 1 1 6 1 24 154 41 4 79 342 109 3 1158 24 1 8 28 64 47 51 1 6 46 0 64 7 178 0 887 4 83 692 1440
0 0 0 0 0 2 0 0 0 0 0 0 0 0 1 3 0 0 0 0 6 2 1 2 0 0 1 2 0 0 0 0 0 0 481 0 18 0 0 0 2097 4 1 0 5 2 0 146 1 9 77 16 79 3 1797 5 277 5 0 51 3 2011 887 0 0 0 187 601
0 3 0 0 0 0 0 0 0 0 13 0 64 0 0 0 0 3 0 0 0 0 0 0 6 33 41 0 0 0 8 0 0 0 0 0 0 0 1 0 0 1 0 0 71 0 329 1 0 0 0 0 1 0 0 0 0 0 1 163 104 0 4 0 0 4 0 0
0 0 0 0 0 0 0 0 0 0 0 0 0 0 0 0 0 0 0 0 0 0 0 0 0 0 0 0 0 0 0 0 0 0 0 0 0 0 37 0 0 21 0 0 392 0 28 16 7 0 0 2 0 0 0 0 0 0 0 8 0 0 83 0 4 0 0 386
0 0 0 0 0 0 0 0 0 0 0 0 0 0 0 0 0 0 0 0 0 0 0 4 0 0 0 1 0 0 0 0 0 0 3 0 0 0 0 2 23 1 0 0 0 0 0 8 0 0 0 0 3 0 28 0 4 6 0 1 0 73 692 187 0 0 0 379
1 5 1 2 0 13 4 7 7 2 1 9 1 1 0 4 2 0 0 3 3 3 1 20 5 4 31 14 0 0 0 0 2 5 16 5 49 15 396 22 67 41 12 80 1292 198 42 105 29 37 982 213 619 48 1033 17 1300 54 0 163 343 538 1440 601 0 386 379 0
