0 0 30 0 0 5 317 167 0 6 2 2 1 1240 0 0 65 4 3 0 2 0 23 0 0 29 5 3 1489 561 0 0 1 14 0 0 0 0 0 0 0 0 0 0 0 0 0 0 0 0 0 0 0 0 1 0 0 1 0 0 0 0 0 0 0 0 0 0
0 0 0 2 4 0 0 1 40 0 0 0 91 1 12 15 2 0 0 0 0 411 0 124 663 7 1331 0 1 0 0 0 1 2 0 508 4 0 0 0 0 0 4 0 0 0 31 0 2 2 1 0 3 0 0 21 0 7 104 8 337 0 0 1 2 0 0 6
30 0 0 0 0 15 142 229 0 6 1 0 0 129 1 1 1726 0 2 0 56 1 3881 0 0 1318 2055 20 23 115 0 0 0 94 0 11 75 0 0 0 0 0 0 0 0 0 0 0 0 2 4 0 0 0 0 2 10 0 0 0 243 1 0 0 0 0 0 3
0 2 0 0 9 15 3 9 53 1351 1 433 1 2 23 0 0 0 0 2296 0 2 0 485 0 0 0 1464 7 0 0 0 0 4 0 0 0 198 0 7 0 0 13 15 0 42 0 0 4 0 0 0 0 43 0 0 0 71 0 0 0 94 0 0 0 0 0 2
0 4 0 9 0 284 4 4 142 3 33 66 50 1 999 0 0 0 0 11 1 15 0 82 0 0 0 20 0 0 0 35 0 171 0 0 0 0 1 2 0 0 2 0 0 13 0 0 2 0 0 0 0 0 0 0 0 0 0 0 0 0 0 0 0 0 0 0
5 0 15 15 284 0 250 2640 83 3798 74 4534 114 45 668 0 7 8 9 128 2 4 13 51 1 12 2 358 99 4 0 38 5 124 0 0 0 4 0 13 4 2 6 3 0 193 1 0 5 0 0 0 0 19 0 0 0 43 0 0 0 27 1 0 0 1 1 13
317 0 142 3 4 250 0 624 0 1813 17 13 23 1901 46 2 13 4 6 1 68 0 135 111 0 11 21 4976 343 1220 0 3 22 156 0 0 0 0 0 1 2 0 8 5 0 1 0 0 3 1 0 0 0 1 0 2 0 24 0 0 2 13 0 0 0 0 1 6
167 1 229 9 4 2640 624 0 6 557 24 598 12 1943 38 0 155 9 8 18 13 0 203 6 0 116 2 37 91 167 0 573 5 64 0 0 0 0 0 0 0 0 2 0 0 14 0 0 1 0 0 0 0 0 0 0 0 3 1 0 0 0 0 0 0 0 0 0
0 40 0 53 142 83 0 6 0 30 6 372 30 1 331 2 1 0 0 69 0 542 0 2282 144 4 113 95 18 0 0 1 0 18 0 3 0 3 0 7 4 2 181 12 0 62 3 2 16 3 0 0 1 12 1 14 1 120 1 0 2 32 6 1 0 0 0 13
6 0 6 1351 3 3798 1813 557 30 0 24 1061 50 167 33 0 0 0 1 1002 1 0 5 95 0 2 0 987 228 1 0 12 1 194 0 0 0 8 0 6 8 0 34 3 0 109 0 0 4 3 0 0 0 68 0 2 0 290 0 0 0 41 0 1 0 0 0 1
2 0 1 1 33 74 17 24 6 24 0 53 317 34 10 0 71 1550 167 6 2 5 5 2 25 585 10 2 128 2 46 299 0 1301 0 0 0 0 0 0 0 0 0 0 13 0 160 0 0 0 0 0 1 0 0 0 0 0 4 4 9 0 0 0 22 0 0 1
2 0 0 433 66 4534 13 598 372 1061 53 0 33 84 966 0 3 18 8 1966 0 3 0 358 0 3 0 184 90 0 1 1 0 116 0 1 0 15 4 106 0 1 34 58 0 757 1 1 45 0 0 0 0 84 0 1 0 49 0 0 0 60 0 0 0 0 0 6
1 91 0 1 50 114 23 12 30 50 317 33 0 1 57 1 0 0 0 3 5 50 5 30 1078 38 273 26 12 4 185 93 2 428 0 10 2 0 9 7 4 3 3 0 38 7 945 0 5 2 0 0 0 2 2 5 1 3 161 39 166 6 0 0 82 1 0 92
1240 1 129 2 1 45 1901 1943 1 167 34 84 1 0 3 0 178 11 15 18 16 0 136 4 0 58 32 20 1849 816 0 44 3 52 0 1 0 0 0 1 0 0 1 0 0 0 0 0 0 1 0 0 0 0 0 1 1 2 0 0 0 2 0 1 0 0 0 2
0 12 1 23 999 668 46 38 331 33 10 966 57 3 0 0 0 3 0 30 18 13 15 267 20 4 28 105 17 7 0 1 0 27 0 0 0 3 3 4 3 2 9 8 0 44 3 0 3 4 0 0 0 1 1 0 1 9 0 0 1 18 0 1 0 0 0 13
0 15 1 0 0 0 2 0 2 0 0 0 1 0 0 0 0 0 0 0 471 1276 1021 285 3 2 1064 123 0 1 0 0 0 3 0 2 11 0 1 0 1 1 0 0 0 0 0 0 0 802 1 0 0 0 20 80 185 6 0 2 321 6 1 15 0 0 0 3
65 2 1726 0 0 7 13 155 1 0 71 3 0 178 0 0 0 51 1274 1 61 0 1461 0 0 1004 677 0 195 236 0 4 17 1844 0 4 27 0 0 0 0 0 0 0 0 0 0 0 0 1 1 0 0 0 0 1 1 0 0 0 85 0 0 0 0 0 0 3
4 0 0 0 0 8 4 9 0 0 1550 18 0 11 3 0 51 0 601 2 2 0 1 0 0 575 0 0 36 0 0 17 0 204 0 0 0 0 0 0 0 0 0 0 1 0 3 0 0 0 0 0 0 0 0 0 0 0 0 0 2 0 0 0 3 0 0 0
3 0 2 0 0 9 6 8 0 1 167 8 0 15 0 0 1274 601 0 3 5 0 4 0 0 949 26 1 64 3 0 9 1 395 0 1 1 0 0 0 0 0 0 0 0 0 1 0 0 0 0 0 0 0 0 0 0 0 1 2 10 0 0 0 1 0 0 0
0 0 0 2296 11 128 1 18 69 1002 6 1966 3 18 30 0 1 2 3 0 0 1 0 125 0 0 0 467 20 0 0 0 0 15 0 0 0 63 0 31 2 0 11 134 0 93 0 0 3 0 0 0 0 112 0 1 0 68 0 0 0 362 11 0 0 0 1 6
2 0 56 0 1 2 68 13 0 1 2 0 5 16 18 471 61 2 5 0 0 7 5982 86 0 16 42 1900 40 2827 0 2 12 875 0 0 3 0 0 0 0 0 0 0 0 0 2 0 0 63 0 0 0 0 26 11 22 3 0 0 11 3 0 27 0 0 0 6
0 411 1 2 15 4 0 0 542 0 5 3 50 0 13 1276 0 0 0 1 7 0 9 826 133 8 1407 34 0 0 0 1 0 7 0 95 10 0 0 0 0 0 8 0 0 0 39 1 2 148 0 0 0 0 12 445 28 33 3 1 495 11 0 6 6 0 0 6
23 0 3881 0 0 13 135 203 0 5 5 0 5 136 15 1021 1461 1 4 0 5982 9 0 59 0 75 1816 503 81 1177 0 4 11 1974 0 0 36 0 0 0 0 0 0 0 0 0 0 0 1 335 2 0 0 0 14 33 353 7 0 0 358 8 2 9 0 0 2 7
0 124 0 485 82 51 111 6 2282 95 2 358 30 4 267 285 0 0 0 125 86 826 59 0 185 8 469 1693 10 0 0 0 4 32 11 9 3 29 0 12 15 5 156 79 0 53 1 6 35 168 0 0 0 42 64 136 38 742 3 0 64 315 33 42 0 1 5 112
0 663 0 0 0 1 0 0 144 0 25 0 1078 0 20 3 0 0 0 0 0 133 0 185 0 1 1166 0 0 0 2 3 0 7 0 13 0 0 0 0 0 0 1 0 1 0 191 0 0 0 0 0 0 0 0 5 0 0 283 7 120 0 0 0 16 0 0 4
29 7 1318 0 0 12 11 116 4 2 585 3 38 58 4 2 1004 575 949 0 16 8 75 8 1 0 3335 3 51 15 198 6 3 120 0 26 59 0 0 0 0 0 1 0 7 0 223 0 0 0 22 0 26 0 0 3 1 0 65 267 703 0 0 0 98 0 0 28
5 1331 2055 0 0 2 21 2 113 0 10 0 273 32 28 1064 677 0 26 0 42 1407 1816 469 1166 3335 0 252 53 6 57 2 1 439 1 535 261 0 0 0 1 0 11 0 1 0 102 0 1 175 68 0 18 0 3 91 209 13 179 343 4316 6 1 7 41 0 0 90
3 0 20 1464 20 358 4976 37 95 987 2 184 26 20 105 123 0 0 1 467 1900 34 503 1693 0 3 252 0 114 1842 0 2 14 368 7 0 1 62 0 5 14 5 67 16 0 47 0 4 11 97 0 0 0 68 34 21 14 474 0 0 33 266 22 37 0 0 5 91
1489 1 23 7 0 99 343 91 18 228 128 90 12 1849 17 0 195 36 64 20 40 0 81 10 0 51 53 114 0 1352 0 147 1012 721 0 2 1 0 0 0 2 0 3 0 0 1 2 0 2 0 0 0 0 0 1 1 0 13 1 0 6 9 1 1 0 0 0 8
561 0 115 0 0 4 1220 167 0 1 2 0 4 816 7 1 236 0 3 0 2827 0 1177 0 0 15 6 1842 1352 0 0 1 181 741 1 0 2 0 0 0 0 0 1 0 0 0 0 0 1 23 0 0 0 0 14 0 7 5 0 0 5 17 4 15 0 0 1 6
0 0 0 0 0 0 0 0 0 0 46 1 185 0 0 0 0 0 0 0 0 0 0 0 2 198 57 0 0 0 0 0 0 1 0 0 0 0 0 0 0 0 0 0 2 0 55 0 0 0 0 0 0 0 0 0 0 0 0 3 10 0 0 0 15 0 0 0
0 0 0 0 35 38 3 573 1 12 299 1 93 44 1 0 4 17 9 0 2 1 4 0 3 6 2 2 147 1 0 0 0 373 0 0 0 0 0 1 0 0 0 0 0 0 2 0 0 0 0 0 0 0 0 0 0 0 0 0 0 0 0 0 0 0 0 0
1 1 0 0 0 5 22 5 0 1 0 0 2 3 0 0 17 0 1 0 12 0 11 4 0 3 1 14 1012 181 0 0 0 500 0 0 1 0 0 0 0 0 0 0 0 0 0 0 0 0 0 0 0 0 0 0 0 0 0 0 0 0 0 0 0 0 0 1
14 2 94 4 171 124 156 64 18 194 1301 116 428 52 27 3 1844 204 395 15 875 7 1974 32 7 120 439 368 721 741 1 373 500 0 3 6 7 0 0 1 5 1 2 0 0 0 6 2 6 18 4 0 1 2 7 2 25 21 5 10 129 11 3 7 1 1 1 18
0 0 0 0 0 0 0 0 0 0 0 0 0 0 0 0 0 0 0 0 0 0 0 11 0 0 1 7 0 1 0 0 0 3 0 0 12 0 0 9 770 118 2 13 14 1 0 1135 0 0 27 0 15 2 1 0 9 8 0 34 7 17 979 921 0 1 9 50
0 508 11 0 0 0 0 0 3 0 0 1 10 1 0 2 4 0 1 0 0 95 0 9 13 26 535 0 2 0 0 0 0 6 0 0 0 0 4 0 0 0 52 0 0 1 67 1 29 16 2 0 0 0 0 492 1 150 444 4 1631 2 0 1 2 0 0 3
0 4 75 0 0 0 0 0 0 0 0 0 2 0 0 11 27 0 1 0 3 10 36 3 0 59 261 1 1 2 0 0 1 7 12 0 0 1 0 16 232 42 0 0 0 0 0 84 0 5 1840 0 41 0 42 0 2972 2 0 2005 2780 38 1 21 0 0 0 115
0 0 0 198 0 4 0 0 3 8 0 15 0 0 3 0 0 0 0 63 0 0 0 29 0 0 0 62 0 0 0 0 0 0 0 0 1 0 3 9 2 5 28 626 1 615 2 2 9 0 0 0 0 2056 0 1 0 492 0 0 0 2572 13 0 0 0 0 10
0 0 0 0 1 0 0 0 0 0 0 4 9 0 3 1 0 0 0 0 0 0 0 0 0 0 0 0 0 0 0 0 0 0 0 4 0 3 0 249 1 1 153 11 27 77 7 0 937 1 0 0 0 8 5 32 5 103 0 0 3 42 0 0 0 22 0 293
0 0 0 7 2 13 1 0 7 6 0 106 7 1 4 0 0 0 0 31 0 0 0 12 0 0 0 5 0 0 0 1 0 1 9 0 16 9 249 0 465 2010 80 3309 55 3162 8 111 963 1 1 7 4 102 2 2 40 75 0 19 4 262 82 4 1 62 0 102
0 0 0 0 0 4 2 0 4 8 0 0 4 0 3 1 0 0 0 2 0 0 0 15 0 0 1 14 2 0 0 0 0 5 770 0 232 2 1 465 0 447 3 1842 13 6 4 2114 12 27 309 0 31 1 82 0 530 111 0 66 20 6047 152 2377 0 4 4 145
0 0 0 0 0 2 0 0 2 0 0 1 3 0 2 1 0 0 0 0 0 0 0 5 0 0 0 5 0 0 0 0 0 1 118 0 42 5 1 2010 447 0 16 450 38 233 2 3252 56 0 22 1 5 9 5 0 77 12 0 23 5 58 61 50 1 238 0 90
0 4 0 13 2 6 8 2 181 34 0 34 3 1 9 0 0 0 0 11 0 8 0 156 1 1 11 67 3 1 0 0 0 2 2 52 0 28 153 80 3 16 0 16 8 349 53 17 422 0 0 3 3 37 0 331 2 1570 120 8 110 138 20 0 0 7 2 21
0 0 0 15 0 3 5 0 12 3 0 58 0 0 8 0 0 0 0 134 0 0 0 79 0 0 0 16 0 0 0 0 0 0 13 0 0 626 11 3309 1842 450 16 0 86 1805 1 138 28 2 0 0 6 1460 0 0 5 51 0 1 0 1511 202 4 0 19 1 335
0 0 0 0 0 0 0 0 0 0 13 0 38 0 0 0 0 1 0 0 0 0 0 0 1 7 1 0 0 0 2 0 0 0 14 0 0 1 27 55 13 38 8 86 0 134 404 128 8 0 33 1297 303 11 7 1 2 6 4 485 14 4 115 6 6 398 0 1302
0 0 0 42 13 193 1 14 62 109 0 757 7 0 44 0 0 0 0 93 0 0 0 53 0 0 0 47 1 0 0 0 0 0 1 1 0 615 77 3162 6 233 349 1805 134 0 5 138 856 0 1 8 8 1994 1 7 0 353 2 15 2 697 120 1 2 26 0 203
0 31 0 0 0 1 0 0 3 0 160 1 945 0 3 0 0 3 1 0 2 39 0 1 191 223 102 0 2 0 55 2 0 6 0 67 0 2 7 8 4 2 53 1 404 5 0 5 12 0 0 0 0 2 3 87 8 44 707 22 238 6 3 1 298 82 0 188
0 0 0 0 0 0 0 0 2 0 0 1 0 0 0 0 0 0 0 0 0 1 0 6 0 0 0 4 0 0 0 0 0 2 1135 1 84 2 0 111 2114 3252 17 138 128 138 5 0 14 1 64 3 22 13 5 2 79 15 0 40 12 46 1714 601 5 65 1 157
0 2 0 4 2 5 3 1 16 4 0 45 5 0 3 0 0 0 0 3 0 2 1 35 0 0 1 11 2 1 0 0 0 6 0 29 0 9 937 963 12 56 422 28 8 856 12 14 0 2 0 1 1 15 9 28 4 315 5 6 21 92 4 0 0 26 0 32
0 2 2 0 0 0 1 0 3 3 0 0 2 1 4 802 1 0 0 0 63 148 335 168 0 0 175 97 0 23 0 0 0 18 0 16 5 0 1 1 27 0 0 2 0 0 0 1 2 0 0 0 1 0 596 1150 622 465 1 7 1272 725 3 5 0 0 0 28
0 1 4 0 0 0 0 0 0 0 0 0 0 0 0 1 1 0 0 0 0 0 2 0 0 22 68 0 0 0 0 0 0 4 27 2 1840 0 0 1 309 22 0 0 33 1 0 64 0 0 0 15 1365 0 93 0 1582 0 0 596 611 20 8 372 0 0 2 1305
0 0 0 0 0 0 0 0 0 0 0 0 0 0 0 0 0 0 0 0 0 0 0 0 0 0 0 0 0 0 0 0 0 0 0 0 0 0 0 7 0 1 3 0 1297 8 0 3 1 0 15 0 505 1 0 0 1 1 0 185 0 0 2 1 0 7 0 43
0 3 0 0 0 0 0 0 1 0 1 0 0 0 0 0 0 0 0 0 0 0 0 0 0 26 18 0 0 0 0 0 0 1 15 0 41 0 0 4 31 5 3 6 303 8 0 22 1 1 1365 505 0 1 8 0 7 5 0 1392 98 7 4 71 0 0 0 737
0 0 0 43 0 19 1 0 12 68 0 84 2 0 1 0 0 0 0 112 0 0 0 42 0 0 0 68 0 0 0 0 0 2 2 0 0 2056 8 102 1 9 37 1460 11 1994 2 13 15 0 0 1 1 0 0 0 0 106 0 1 0 1064 30 0 0 3 0 64
1 0 0 0 0 0 0 0 1 0 0 0 2 0 1 20 0 0 0 0 26 12 14 64 0 0 3 34 1 14 0 0 0 7 1 0 42 0 5 2 82 5 0 0 7 1 3 5 9 596 93 0 8 0 0 11 5682 10 0 9 48 1843 42 2402 0 7 0 1144
0 21 2 0 0 0 2 0 14 2 0 1 5 1 0 80 1 0 0 1 11 445 33 136 5 3 91 21 1 0 0 0 0 2 0 492 0 1 32 2 0 0 331 0 1 7 87 2 28 1150 0 0 0 0 11 0 3 821 155 4 787 35 1 11 0 1 0 11
0 0 10 0 0 0 0 0 1 0 0 0 1 1 1 185 1 0 0 0 22 28 353 38 0 1 209 14 0 7 0 0 0 25 9 1 2972 0 5 40 530 77 2 5 2 0 8 79 4 622 1582 1 7 0 5682 3 0 14 0 78 1938 246 20 513 0 2 0 1235
1 7 0 71 0 43 24 3 120 290 0 49 3 2 9 6 0 0 0 68 3 33 7 742 0 0 13 474 13 5 0 0 0 21 8 150 2 492 103 75 111 12 1570 51 6 353 44 15 315 465 0 1 5 106 10 821 14 0 156 2 236 2119 88 2 0 5 5 92
0 104 0 0 0 0 0 1 1 0 4 0 161 0 0 0 0 0 1 0 0 3 0 3 283 65 179 0 1 0 0 0 0 5 0 444 0 0 0 0 0 0 120 0 4 2 707 0 5 1 0 0 0 0 0 155 0 156 0 12 1026 0 0 1 0 0 0 12
0 8 0 0 0 0 0 0 0 0 4 0 39 0 0 2 0 0 2 0 0 1 0 0 7 267 343 0 0 0 3 0 0 10 34 4 2005 0 0 19 66 23 8 1 485 15 22 40 6 7 596 185 1392 1 9 4 78 2 12 0 3351 8 2 29 90 24 0 131
0 337 243 0 0 0 2 0 2 0 9 0 166 0 1 321 85 2 10 0 11 495 358 64 120 703 4316 33 6 5 10 0 0 129 7 1631 2780 0 3 4 20 5 110 0 14 2 238 12 21 1272 611 0 98 0 48 787 1938 236 1026 3351 0 188 4 13 292 0 1 488
0 0 1 94 0 27 13 0 32 41 0 60 6 2 18 6 0 0 0 362 3 11 8 315 0 0 6 266 9 17 0 0 0 11 17 2 38 2572 42 262 6047 58 138 1511 4 697 6 46 92 725 20 0 7 1064 1843 35 246 2119 0 8 188 0 248 1137 0 12 14 427
0 0 0 0 0 1 0 0 6 0 0 0 0 0 0 1 0 0 0 11 0 0 2 33 0 0 1 22 1 4 0 0 0 3 979 0 1 13 0 82 152 61 20 202 115 120 3 1714 4 3 8 2 4 30 42 1 20 88 0 2 4 248 0 1133 0 58 1029 644
0 1 0 0 0 0 0 0 1 1 0 0 0 1 1 15 0 0 0 0 27 6 9 42 0 0 7 37 1 15 0 0 0 7 921 1 21 0 0 4 2377 50 0 4 6 1 1 601 0 5 372 1 71 0 2402 11 513 2 1 29 13 1137 1133 0 0 5 97 926
0 2 0 0 0 0 0 0 0 0 22 0 82 0 0 0 0 3 1 0 0 6 0 0 16 98 41 0 0 0 15 0 0 1 0 2 0 0 0 1 0 1 0 0 6 2 298 5 0 0 0 0 0 0 0 0 0 0 0 90 292 0 0 0 0 10 0 24
0 0 0 0 0 1 0 0 0 0 0 0 1 0 0 0 0 0 0 0 0 0 0 1 0 0 0 0 0 0 0 0 0 1 1 0 0 0 22 62 4 238 7 19 398 26 82 65 26 0 0 7 0 3 7 1 2 5 0 24 0 12 58 5 10 0 0 527
0 0 0 0 0 1 1 0 0 0 0 0 0 0 0 0 0 0 0 1 0 0 2 5 0 0 0 5 0 1 0 0 0 1 9 0 0 0 0 0 4 0 2 1 0 0 0 1 0 0 2 0 0 0 0 0 0 5 0 0 1 14 1029 97 0 0 0 177
0 6 3 2 0 13 6 0 13 1 1 6 92 2 13 3 3 0 0 6 6 6 7 112 4 28 90 91 8 6 0 0 1 18 50 3 115 10 293 102 145 90 21 335 1302 203 188 157 32 28 1305 43 737 64 1144 11 1235 92 12 131 488 427 644 926 24 527 177 0
