0 0 3 0 0 2 535 56 1 2 0 1 0 1114 0 0 53 0 7 1 2 0 31 2 0 3 2 11 1040 368 0 0 0 10 0 0 0 0 0 0 0 0 0 0 0 0 0 0 0 0 0 0 0 0 0 0 0 0 0 0 0 0 0 0 0 0 0 0
0 0 0 0 0 0 0 0 41 0 1 0 109 0 2 1 6 0 1 0 0 206 0 51 605 18 1836 0 3 0 7 0 0 6 0 169 8 0 0 0 0 0 2 0 0 0 3 0 0 0 1 0 0 0 1 37 0 6 15 14 282 0 0 0 1 0 0 0
3 0 0 0 0 18 219 67 0 6 0 0 0 42 1 0 1096 0 10 0 106 1 2381 0 0 1965 2457 70 5 101 0 1 2 120 0 8 124 0 0 0 0 0 0 0 0 0 0 0 0 1 14 0 0 0 1 4 17 0 0 2 333 1 0 1 0 0 0 2
0 0 0 0 20 49 1 42 86 787 0 701 15 15 29 0 0 0 0 2359 0 0 0 306 0 0 0 1183 26 0 0 0 0 14 0 0 0 35 0 1 0 0 15 0 0 41 0 0 23 0 0 0 0 55 0 0 0 92 0 0 0 2 0 0 0 0 0 0
0 0 0 20 0 99 1 2 173 3 12 51 38 0 782 0 0 0 1 6 10 0 12 81 1 0 1 31 1 1 0 103 0 230 0 0 0 0 0 0 0 1 1 0 0 2 0 0 11 0 0 0 0 0 0 0 0 2 0 0 0 0 0 0 0 0 0 1
2 0 18 49 99 0 301 1445 71 2705 10 2928 36 34 329 0 5 0 2 45 0 0 17 24 0 0 1 620 23 3 0 27 0 29 0 0 0 1 4 3 0 1 3 5 0 22 0 0 6 1 0 0 0 18 0 0 0 17 0 0 0 18 0 0 0 1 0 4
535 0 219 1 1 301 0 663 9 1098 7 2 3 1446 3 0 51 1 1 0 17 0 178 14 0 8 0 4089 177 1402 0 2 12 53 0 0 0 0 0 0 0 0 0 0 0 1 0 0 0 0 0 0 0 0 0 0 0 1 0 0 0 0 0 0 0 0 0 0
56 0 67 42 2 1445 663 0 21 835 31 137 18 3039 47 0 330 4 14 34 7 0 238 13 0 23 6 121 48 113 0 58 3 20 0 0 0 0 0 1 0 2 0 0 0 2 0 0 2 0 0 0 0 1 0 0 0 1 0 0 0 1 0 0 0 0 0 4
1 41 0 86 173 71 9 21 0 36 8 257 86 7 431 0 0 1 3 61 0 485 0 2201 144 3 163 221 12 0 1 18 0 9 0 0 0 9 0 2 0 0 101 12 0 4 0 0 3 0 0 0 0 7 0 9 0 67 0 0 1 37 0 0 0 0 0 7
2 0 6 787 3 2705 1098 835 36 0 9 1111 53 1100 11 0 3 0 2 1200 0 0 2 52 0 3 0 2120 136 1 0 1 0 112 0 0 0 0 0 1 0 0 16 0 0 62 0 0 21 0 0 0 0 30 0 0 0 160 0 0 0 4 0 0 0 0 0 1
0 1 0 0 12 10 7 31 8 9 0 56 736 53 4 0 22 1782 680 15 2 1 0 3 45 401 10 7 179 4 22 199 2 1189 0 4 1 0 0 0 0 0 0 0 53 0 363 0 0 0 0 0 0 0 0 1 0 0 8 25 35 0 0 0 62 1 0 0
1 0 0 701 51 2928 2 137 257 1111 56 0 45 67 844 0 1 2 2 1414 0 0 0 405 0 0 1 263 92 0 0 4 0 88 0 0 0 43 3 13 0 0 11 58 0 173 0 0 37 0 0 0 0 48 0 0 0 45 0 0 0 28 2 0 0 0 0 3
0 109 0 15 38 36 3 18 86 53 736 45 0 12 22 1 2 67 21 8 0 43 1 40 1003 67 752 67 23 2 120 112 0 582 0 33 0 3 6 11 0 2 12 5 35 18 706 0 7 0 0 1 0 7 0 5 0 2 140 32 121 16 4 0 109 8 0 67
1114 0 42 15 0 34 1446 3039 7 1100 53 67 12 0 2 0 175 11 37 12 8 0 205 10 0 29 15 91 1545 537 0 5 0 32 0 0 0 0 0 0 0 0 0 0 0 0 0 0 0 0 0 0 0 0 0 0 0 0 0 0 0 0 0 0 0 1 0 1
0 2 1 29 782 329 3 47 431 11 4 844 22 2 0 2 0 0 2 30 34 2 12 174 1 2 3 89 12 2 0 21 0 14 0 0 0 17 10 6 0 0 7 11 0 26 0 0 5 0 0 0 0 34 0 0 0 13 0 0 0 7 0 0 0 1 0 2
0 1 0 0 0 0 0 0 0 0 0 0 1 0 2 0 0 0 0 0 596 384 912 809 1 0 1242 155 0 1 0 0 0 2 0 0 2 0 0 0 0 0 1 0 0 0 0 0 0 865 2 0 0 0 11 50 220 127 0 0 327 24 0 0 0 0 1 0
53 6 1096 0 0 5 51 330 0 3 22 1 2 175 0 0 0 16 2238 0 27 4 2039 4 0 1542 605 2 190 202 0 0 10 1481 0 1 20 0 0 0 0 0 0 0 0 0 0 0 0 2 3 0 0 0 0 1 0 0 0 1 44 0 0 0 0 0 0 1
0 0 0 0 0 0 1 4 1 0 1782 2 67 11 0 0 16 0 1423 1 0 0 0 0 0 480 3 0 44 1 0 10 0 129 0 0 0 0 0 0 0 0 0 0 0 0 3 0 0 0 0 0 0 0 0 0 0 0 0 4 4 0 0 0 2 0 0 0
7 1 10 0 1 2 1 14 3 2 680 2 21 37 2 0 2238 1423 0 6 1 1 3 0 0 894 109 1 201 7 0 13 0 1103 0 1 11 0 0 0 0 0 0 0 1 0 0 0 0 0 0 0 0 0 0 0 0 0 0 6 16 0 0 0 0 0 0 0
1 0 0 2359 6 45 0 34 61 1200 15 1414 8 12 30 0 0 1 6 0 0 0 0 116 0 2 0 225 17 0 0 0 0 15 0 0 0 22 1 2 0 0 6 5 0 35 0 0 14 0 0 0 0 58 0 0 0 75 0 0 0 11 0 0 0 0 0 4
2 0 106 0 10 0 17 7 0 0 2 0 0 8 34 596 27 0 1 0 0 3 6582 5 0 1 20 1273 39 2281 0 0 38 1275 0 0 0 0 0 0 0 0 0 0 0 0 0 0 0 53 0 0 0 0 9 0 7 46 0 0 1 23 0 1 0 0 0 3
0 206 1 0 0 0 0 0 485 0 1 0 43 0 2 384 4 0 1 0 3 0 1 625 203 8 1012 12 2 0 5 0 0 6 0 23 11 0 0 0 0 0 14 0 0 0 0 0 1 40 1 0 0 0 0 134 4 41 1 4 136 3 0 0 0 0 0 1
31 0 2381 0 12 17 178 238 0 2 0 0 1 205 12 912 2039 0 3 0 6582 1 0 20 0 78 3442 369 48 571 0 0 9 1850 0 0 10 0 0 0 0 0 0 0 0 0 0 0 0 304 4 0 0 0 9 5 179 28 0 0 334 2 0 0 0 0 0 0
2 51 0 306 81 24 14 13 2201 52 3 405 40 10 174 809 4 0 0 116 5 625 20 0 137 4 704 1751 38 1 1 4 6 30 0 7 0 98 1 3 2 0 126 155 0 47 0 1 28 223 0 0 0 112 26 46 25 945 1 0 33 410 4 1 0 0 0 19
0 605 0 0 1 0 0 0 144 0 45 0 1003 0 1 1 0 0 0 0 0 203 0 137 0 11 753 2 1 0 45 0 0 9 0 73 0 0 0 0 0 0 6 0 19 0 191 0 0 0 0 1 0 0 0 2 0 2 236 41 235 0 1 0 14 4 0 14
3 18 1965 0 0 0 8 23 3 3 401 0 67 29 2 0 1542 480 894 2 1 8 78 4 11 0 3056 2 160 5 206 5 2 239 0 24 100 0 0 0 0 0 1 0 11 0 122 0 0 0 8 3 10 0 0 2 0 0 16 360 731 0 0 0 69 0 0 1
2 1836 2457 0 1 1 0 6 163 0 10 1 752 15 3 1242 605 3 109 0 20 1012 3442 704 753 3056 0 68 77 4 56 0 1 638 0 384 306 0 0 0 1 0 4 0 0 0 45 0 0 204 19 1 11 0 6 215 172 22 68 395 5095 2 0 0 17 0 0 14
11 0 70 1183 31 620 4089 121 221 2120 7 263 67 91 89 155 2 0 1 225 1273 12 369 1751 2 2 68 0 370 2000 0 7 194 531 0 0 0 9 0 3 2 0 66 6 0 71 0 0 51 48 0 0 0 53 11 2 5 645 0 0 0 192 0 1 0 0 1 11
1040 3 5 26 1 23 177 48 12 136 179 92 23 1545 12 0 190 44 201 17 39 2 48 38 1 160 77 370 0 1704 0 78 606 1336 0 0 0 0 0 5 0 0 0 0 0 0 0 0 5 0 0 0 0 0 0 0 1 2 0 0 1 0 2 0 0 2 0 5
368 0 101 0 1 3 1402 113 0 1 4 0 2 537 2 1 202 1 7 0 2281 0 571 1 0 5 4 2000 1704 0 0 0 353 634 0 0 0 0 0 0 0 0 0 0 0 0 0 0 0 1 0 0 0 0 1 0 0 2 0 0 1 2 0 0 0 0 0 0
0 7 0 0 0 0 0 0 1 0 22 0 120 0 0 0 0 0 0 0 0 5 0 1 45 206 56 0 0 0 0 0 0 1 0 0 0 0 0 0 0 0 0 0 14 0 75 0 0 0 0 1 0 0 0 0 0 0 14 46 118 0 0 0 66 0 0 0
0 0 1 0 103 27 2 58 18 1 199 4 112 5 21 0 0 10 13 0 0 0 0 4 0 5 0 7 78 0 0 0 0 487 0 0 0 0 0 0 0 0 0 0 0 0 0 0 0 0 0 0 0 0 0 0 0 0 0 0 0 0 0 0 0 0 0 6
0 0 2 0 0 0 12 3 0 0 2 0 0 0 0 0 10 0 0 0 38 0 9 6 0 2 1 194 606 353 0 0 0 430 0 0 0 0 0 0 0 0 0 0 0 0 0 0 0 0 0 0 0 0 0 0 0 0 0 0 0 0 0 0 0 0 0 0
10 6 120 14 230 29 53 20 9 112 1189 88 582 32 14 2 1481 129 1103 15 1275 6 1850 30 9 239 638 531 1336 634 1 487 430 0 0 0 8 0 0 7 0 1 4 0 0 6 1 0 9 3 1 0 1 4 0 1 6 18 1 10 79 10 0 0 0 1 0 4
0 0 0 0 0 0 0 0 0 0 0 0 0 0 0 0 0 0 0 0 0 0 0 0 0 0 0 0 0 0 0 0 0 0 0 0 5 0 0 3 687 41 1 16 4 5 0 1093 0 0 4 8 9 3 1 0 4 2 0 1 2 22 1199 440 0 0 6 16
0 169 8 0 0 0 0 0 0 0 4 0 33 0 0 0 1 0 1 0 0 23 0 7 73 24 384 0 0 0 0 0 0 0 0 0 0 0 1 1 0 0 79 0 3 0 77 0 3 7 0 0 0 0 0 423 0 128 681 2 2143 0 0 0 0 2 0 2
0 8 124 0 0 0 0 0 0 0 1 0 0 0 0 2 20 0 11 0 0 11 10 0 0 100 306 0 0 0 0 0 0 8 5 0 0 0 0 5 229 34 0 2 0 0 0 30 0 0 1217 1 44 0 153 1 2160 1 0 1421 2763 73 2 8 0 0 0 69
0 0 0 35 0 1 0 0 9 0 0 43 3 0 17 0 0 0 0 22 0 0 0 98 0 0 0 9 0 0 0 0 0 0 0 0 0 0 7 11 0 7 48 760 0 580 0 12 11 0 0 0 0 2409 0 2 0 304 0 0 0 582 16 0 0 0 0 23
0 0 0 0 0 4 0 0 0 0 0 3 6 0 10 0 0 0 0 1 0 0 0 1 0 0 0 0 0 0 0 0 0 0 0 1 0 7 0 126 0 1 116 4 17 39 24 0 773 0 0 0 0 12 3 2 2 75 0 0 0 19 0 0 0 92 0 172
0 0 0 1 0 3 0 1 2 1 0 13 11 0 6 0 0 0 0 2 0 0 0 3 0 0 0 3 5 0 0 0 0 7 3 1 5 11 126 0 137 2796 65 3664 11 2578 2 23 765 0 0 3 1 57 0 0 0 43 0 3 2 509 27 0 0 143 0 42
0 0 0 0 0 0 0 0 0 0 0 0 0 0 0 0 0 0 0 0 0 0 0 2 0 0 1 2 0 0 0 0 0 0 687 0 229 0 0 137 0 739 1 814 7 2 0 2671 13 0 290 0 28 1 164 0 496 29 0 47 3 3107 119 2092 0 0 22 109
0 0 0 0 1 1 0 2 0 0 0 0 2 0 0 0 0 0 0 0 0 0 0 0 0 0 0 0 0 0 0 0 0 1 41 0 34 7 1 2796 739 0 11 1068 22 82 2 2568 51 0 32 9 3 10 9 0 22 6 0 15 0 67 61 27 0 198 0 50
0 2 0 15 1 3 0 0 101 16 0 11 12 0 7 1 0 0 0 6 0 14 0 126 6 1 4 66 0 0 0 0 0 4 1 79 0 48 116 65 1 11 0 24 6 225 42 4 207 0 0 1 0 64 0 368 0 1826 82 3 170 164 8 0 0 9 0 21
0 0 0 0 0 5 0 0 12 0 0 58 5 0 11 0 0 0 0 5 0 0 0 155 0 0 0 6 0 0 0 0 0 0 16 0 2 760 4 3664 814 1068 24 0 3 1340 0 166 32 0 2 0 0 1614 1 0 2 140 0 1 0 2445 107 3 0 0 1 152
0 0 0 0 0 0 0 0 0 0 53 0 35 0 0 0 0 0 1 0 0 0 0 0 19 11 0 0 0 0 14 0 0 0 4 3 0 0 17 11 7 22 6 3 0 32 492 64 0 0 27 1135 353 19 1 0 8 3 94 591 11 10 455 11 23 444 1 1600
0 0 0 41 2 22 1 2 4 62 0 173 18 0 26 0 0 0 0 35 0 0 0 47 0 0 0 71 0 0 0 0 0 6 5 0 0 580 39 2578 2 82 225 1340 32 0 1 89 804 0 1 11 9 2545 0 2 0 336 1 1 4 223 65 0 0 11 0 161
0 3 0 0 0 0 0 0 0 0 363 0 706 0 0 0 0 3 0 0 0 0 0 0 191 122 45 0 0 0 75 0 0 1 0 77 0 0 24 2 0 2 42 0 492 1 0 0 1 0 0 0 0 0 0 28 0 15 1015 13 589 0 8 0 268 91 0 229
0 0 0 0 0 0 0 0 0 0 0 0 0 0 0 0 0 0 0 0 0 0 0 1 0 0 0 0 0 0 0 0 0 0 1093 0 30 12 0 23 2671 2568 4 166 64 89 0 0 11 0 28 18 8 38 2 0 26 15 0 21 3 106 1903 378 0 96 6 131
0 0 0 23 11 6 0 2 3 21 0 37 7 0 5 0 0 0 0 14 0 1 0 28 0 0 0 51 5 0 0 0 0 9 0 3 0 11 773 765 13 51 207 32 0 804 1 11 0 2 1 6 1 18 26 6 6 225 3 3 13 106 11 0 0 18 0 29
0 0 1 0 0 1 0 0 0 0 0 0 0 0 0 865 2 0 0 0 53 40 304 223 0 0 204 48 0 1 0 0 0 3 0 7 0 0 0 0 0 0 0 0 0 0 0 0 2 0 1 0 0 0 266 826 786 892 0 1 1039 62 1 0 0 0 0 4
0 1 14 0 0 0 0 0 0 0 0 0 0 0 0 2 3 0 0 0 0 1 4 0 0 8 19 0 0 0 0 0 0 1 4 0 1217 0 0 0 290 32 0 2 27 1 0 28 1 1 0 12 1536 0 14 1 1575 1 0 692 222 11 1 71 0 0 0 858
0 0 0 0 0 0 0 0 0 0 0 0 1 0 0 0 0 0 0 0 0 0 0 0 1 3 1 0 0 0 1 0 0 0 8 0 1 0 0 3 0 9 1 0 1135 11 0 18 6 0 12 0 755 1 0 0 2 2 0 655 5 1 45 7 0 21 0 182
0 0 0 0 0 0 0 0 0 0 0 0 0 0 0 0 0 0 0 0 0 0 0 0 0 10 11 0 0 0 0 0 0 1 9 0 44 0 0 1 28 3 0 0 353 9 0 8 1 0 1536 755 0 0 11 0 18 1 0 1853 92 12 10 88 0 0 4 869
0 0 0 55 0 18 0 1 7 30 0 48 7 0 34 0 0 0 0 58 0 0 0 112 0 0 0 53 0 0 0 0 0 4 3 0 0 2409 12 57 1 10 64 1614 19 2545 0 38 18 0 0 1 0 0 0 0 0 122 0 0 1 212 15 0 0 1 1 35
0 1 1 0 0 0 0 0 0 0 0 0 0 0 0 11 0 0 0 0 9 0 9 26 0 0 6 11 0 1 0 0 0 0 1 0 153 0 3 0 164 9 0 1 1 0 0 2 26 266 14 0 11 0 0 0 6106 220 0 3 68 1327 3 2438 0 0 5 1098
0 37 4 0 0 0 0 0 9 0 1 0 5 0 0 50 1 0 0 0 0 134 5 46 2 2 215 2 0 0 0 0 0 1 0 423 1 2 2 0 0 0 368 0 0 2 28 0 6 826 1 0 0 0 0 0 0 810 76 0 1299 5 0 0 0 1 0 2
0 0 17 0 0 0 0 0 0 0 0 0 0 0 0 220 0 0 0 0 7 4 179 25 0 0 172 5 1 0 0 0 0 6 4 0 2160 0 2 0 496 22 0 2 8 0 0 26 6 786 1575 2 18 0 6106 0 0 24 0 22 2403 189 1 211 0 0 5 1337
0 6 0 92 2 17 1 1 67 160 0 45 2 0 13 127 0 0 0 75 46 41 28 945 2 0 22 645 2 2 0 0 0 18 2 128 1 304 75 43 29 6 1826 140 3 336 15 15 225 892 1 2 1 122 220 810 24 0 63 1 698 2365 47 4 0 0 12 43
0 15 0 0 0 0 0 0 0 0 8 0 140 0 0 0 0 0 0 0 0 1 0 1 236 16 68 0 0 0 14 0 0 1 0 681 0 0 0 0 0 0 82 0 94 1 1015 0 3 0 0 0 0 0 0 76 0 63 0 1 1559 0 0 0 6 7 0 10
0 14 2 0 0 0 0 0 0 0 25 0 32 0 0 0 1 4 6 0 0 4 0 0 41 360 395 0 0 0 46 0 0 10 1 2 1421 0 0 3 47 15 3 1 591 1 13 21 3 1 692 655 1853 0 3 0 22 1 1 0 1863 4 22 3 221 7 0 131
0 282 333 0 0 0 0 0 1 0 35 0 121 0 0 327 44 4 16 0 1 136 334 33 235 731 5095 0 1 1 118 0 0 79 2 2143 2763 0 0 2 3 0 170 0 11 4 589 3 13 1039 222 5 92 1 68 1299 2403 698 1559 1863 0 133 3 1 89 0 0 260
0 0 1 2 0 18 0 1 37 4 0 28 16 0 7 24 0 0 0 11 23 3 2 410 0 0 2 192 0 2 0 0 0 10 22 0 73 582 19 509 3107 67 164 2445 10 223 0 106 106 62 11 1 12 212 1327 5 189 2365 0 4 133 0 366 633 0 3 95 737
0 0 0 0 0 0 0 0 0 0 0 2 4 0 0 0 0 0 0 0 0 0 0 4 1 0 0 0 2 0 0 0 0 0 1199 0 2 16 0 27 119 61 8 107 455 65 8 1903 11 1 1 45 10 15 3 0 1 47 0 22 3 366 0 936 1 32 1009 2196
0 0 1 0 0 0 0 0 0 0 0 0 0 0 0 0 0 0 0 0 1 0 0 1 0 0 0 1 0 0 0 0 0 0 440 0 8 0 0 0 2092 27 0 3 11 0 0 378 0 0 71 7 88 0 2438 0 211 4 0 3 1 633 936 0 0 0 188 1008
0 1 0 0 0 0 0 0 0 0 62 0 109 0 0 0 0 2 0 0 0 0 0 0 14 69 17 0 0 0 66 0 0 0 0 0 0 0 0 0 0 0 0 0 23 0 268 0 0 0 0 0 0 0 0 0 0 0 6 221 89 0 1 0 0 0 0 5
0 0 0 0 0 1 0 0 0 0 1 0 8 1 1 0 0 0 0 0 0 0 0 0 4 0 0 0 2 0 0 0 0 1 0 2 0 0 92 143 0 198 9 0 444 11 91 96 18 0 0 21 0 1 0 1 0 0 7 7 0 3 32 0 0 0 0 622
0 0 0 0 0 0 0 0 0 0 0 0 0 0 0 1 0 0 0 0 0 0 0 0 0 0 0 1 0 0 0 0 0 0 6 0 0 0 0 0 22 0 0 1 1 0 0 6 0 0 0 0 4 1 5 0 5 12 0 0 0 95 1009 188 0 0 0 604
0 0 2 0 1 4 0 4 7 1 0 3 67 1 2 0 1 0 0 4 3 1 0 19 14 1 14 11 5 0 0 6 0 4 16 2 69 23 172 42 109 50 21 152 1600 161 229 131 29 4 858 182 869 35 1098 2 1337 43 10 131 260 737 2196 1008 5 622 604 0
