0 0 36 10 0 9 465 140 4 56 25 17 3 1527 2 0 91 2 16 3 1 0 64 5 0 26 22 57 1569 432 0 0 11 15 0 0 0 0 0 0 0 0 1 0 0 0 0 0 2 0 0 0 0 0 0 0 0 5 1 0 1 2 0 0 0 0 0 0
0 0 3 0 0 0 0 0 40 0 16 2 336 0 1 3 4 0 4 0 0 425 2 43 423 16 2934 2 4 1 5 7 0 8 0 319 8 0 0 0 0 0 17 0 1 0 29 0 0 0 1 1 0 0 0 86 0 23 75 14 434 0 0 0 8 0 0 2
36 3 0 0 1 23 264 142 1 23 0 0 0 292 2 0 1857 1 38 0 82 0 2651 1 0 1304 3467 68 8 141 0 2 0 77 0 15 182 0 0 0 0 0 0 0 0 0 0 0 0 2 26 0 3 0 0 16 11 1 0 65 399 0 0 2 0 0 0 8
10 0 0 0 66 112 33 41 156 1220 0 1049 25 15 105 0 0 0 0 2596 0 1 0 920 0 0 0 1601 49 0 0 0 0 45 0 0 0 854 1 14 1 0 52 81 0 126 0 2 8 0 0 0 0 194 0 0 0 143 0 0 0 59 1 0 0 0 0 4
0 0 1 66 0 182 2 31 97 11 47 84 214 0 814 0 0 0 0 36 8 1 6 124 0 0 1 23 4 3 0 15 0 313 0 0 0 0 0 1 0 0 4 0 0 3 3 0 4 0 0 0 0 0 2 0 1 0 0 0 1 0 0 0 0 0 0 0
9 0 23 112 182 0 188 2727 41 3099 18 3636 103 69 741 0 0 1 1 166 0 2 9 35 0 1 2 333 44 5 0 25 0 34 0 1 0 1 0 6 6 1 7 0 0 12 6 0 5 0 0 0 0 2 0 0 0 73 0 0 0 46 0 2 0 2 1 5
465 0 264 33 2 188 0 302 4 2547 4 34 9 1087 16 0 16 0 1 2 69 1 274 26 0 13 5 4758 329 2096 0 0 6 66 0 0 0 1 0 1 1 0 6 1 0 1 0 1 4 0 0 0 0 2 0 1 0 31 0 0 0 9 1 2 0 0 0 0
140 0 142 41 31 2727 302 0 47 1200 13 254 91 2037 51 0 45 5 5 72 5 1 74 19 0 13 5 79 58 51 0 499 1 20 0 0 0 0 0 4 0 1 4 0 0 2 6 2 0 0 0 0 0 1 0 0 0 4 0 0 0 1 0 0 0 0 0 2
4 40 1 156 97 41 4 47 0 96 14 496 186 6 164 9 1 0 0 155 1 477 6 2072 74 16 244 76 8 7 1 5 0 13 0 6 0 41 1 4 7 0 381 24 1 18 8 2 6 2 2 0 0 8 2 40 1 296 14 1 19 66 9 7 0 0 1 3
56 0 23 1220 11 3099 2547 1200 96 0 5 1466 40 371 43 0 1 0 0 1416 4 1 7 69 0 1 1 2358 261 11 0 2 2 145 0 0 0 7 0 4 2 0 45 0 0 56 0 0 8 0 0 0 0 23 0 0 0 190 0 0 0 1 0 0 0 0 0 0
25 16 0 0 47 18 4 13 14 5 0 27 603 24 2 0 65 1391 829 1 1 10 2 6 26 682 39 4 213 1 53 131 1 1312 0 8 0 0 0 0 0 0 0 0 4 0 168 0 0 0 0 0 0 0 0 0 0 0 21 36 55 0 0 0 35 0 0 0
17 2 0 1049 84 3636 34 254 496 1466 27 0 68 67 1058 0 0 5 4 2622 0 5 0 389 0 7 5 99 80 2 0 3 0 95 0 0 0 675 4 124 2 3 60 49 0 1171 4 7 20 1 0 0 0 223 0 0 0 138 0 0 0 31 12 0 0 0 1 14
3 336 0 25 214 103 9 91 186 40 603 68 0 31 96 1 0 17 2 16 2 176 10 64 789 33 726 58 112 14 178 88 4 607 0 32 0 4 13 13 0 3 8 3 22 9 618 5 23 0 0 0 0 5 0 15 0 7 136 79 250 7 4 1 157 8 0 27
1527 0 292 15 0 69 1087 2037 6 371 24 67 31 0 10 0 195 1 9 23 9 0 216 5 2 15 5 95 2321 592 0 94 0 37 0 0 0 0 0 0 0 0 1 0 0 0 3 1 0 0 0 0 0 0 0 0 0 4 0 0 0 0 0 2 0 0 0 1
2 1 2 105 814 741 16 51 164 43 2 1058 96 10 0 0 0 0 1 103 10 4 12 229 0 0 7 105 12 15 0 20 0 43 0 0 0 13 2 6 3 0 14 10 0 13 9 0 12 0 0 0 0 8 3 0 0 27 0 0 1 15 1 1 0 0 0 3
0 3 0 0 0 0 0 0 9 0 0 0 1 0 0 0 0 0 0 0 527 393 1185 698 1 0 1454 448 1 2 0 0 0 4 0 0 0 0 0 0 0 0 3 0 0 0 0 0 1 1029 0 0 0 0 184 106 107 94 0 0 54 26 2 25 0 0 1 4
91 4 1857 0 0 0 16 45 1 1 65 0 0 195 0 0 0 13 2084 0 15 0 1391 2 0 1307 759 5 127 161 0 0 3 1294 0 7 31 0 0 0 0 0 0 0 0 0 0 0 0 0 4 0 2 0 0 2 0 0 1 40 145 0 0 0 0 0 0 6
2 0 1 0 0 1 0 5 0 0 1391 5 17 1 0 0 13 0 932 0 0 0 0 0 0 620 4 0 12 1 0 0 0 73 0 1 0 0 0 0 0 0 0 0 0 0 3 0 0 0 0 2 0 0 0 0 0 0 1 32 35 0 0 0 0 0 0 0
16 4 38 0 0 1 1 5 0 0 829 4 2 9 1 0 2084 932 0 0 0 0 5 0 0 1173 205 1 28 6 1 0 5 935 0 5 1 0 0 0 0 0 0 0 0 0 2 0 0 0 0 1 1 0 0 0 0 0 2 41 67 0 0 0 0 0 0 1
3 0 0 2596 36 166 2 72 155 1416 1 2622 16 23 103 0 0 0 0 0 0 1 0 421 1 0 0 89 36 1 0 0 0 22 0 0 0 6 0 3 0 0 13 8 0 29 0 0 10 0 0 0 0 18 0 1 0 61 0 0 0 1 0 0 0 0 0 0
1 0 82 0 8 0 69 5 1 4 1 0 2 9 10 527 15 0 0 0 0 1 6566 15 0 0 25 2117 72 3232 0 4 53 1342 0 0 0 0 0 0 1 0 1 0 0 0 2 0 0 118 0 0 0 0 47 5 6 58 0 0 2 15 6 29 0 0 0 8
0 425 0 1 1 2 1 1 477 1 10 5 176 0 4 393 0 0 0 1 1 0 10 894 49 3 1484 8 0 0 1 0 0 8 0 37 2 2 0 0 0 0 129 1 1 0 10 0 0 113 0 0 0 1 13 940 8 203 14 2 114 11 1 2 1 0 1 0
64 2 2651 0 6 9 274 74 6 7 2 0 10 216 12 1185 1391 0 5 0 6566 10 0 40 0 39 1290 640 159 867 0 4 19 1968 1 0 23 0 0 0 0 0 3 0 0 0 0 0 0 633 0 0 0 0 21 26 170 14 0 0 224 4 1 6 0 0 0 4
5 43 1 920 124 35 26 19 2072 69 6 389 64 5 229 698 2 0 0 421 15 894 40 0 33 8 546 1946 35 20 0 0 0 34 4 19 1 133 1 35 38 0 445 65 0 63 2 5 68 222 0 0 0 70 52 102 5 2581 11 0 45 483 29 41 0 0 2 23
0 423 0 0 0 0 0 0 74 0 26 0 789 2 0 1 0 0 0 1 0 49 0 33 0 4 559 0 9 0 4 7 0 4 0 23 0 0 0 0 0 1 1 0 2 0 188 0 0 0 0 0 0 0 0 6 0 0 300 4 127 0 0 0 5 0 0 1
26 16 1304 0 0 1 13 13 16 1 682 7 33 15 0 0 1307 620 1173 0 0 3 39 8 4 0 4378 1 31 6 182 2 6 195 0 56 55 0 0 0 0 0 0 0 5 0 48 0 0 0 20 13 33 0 0 3 2 0 36 626 899 0 0 0 24 0 0 20
22 2934 3467 0 1 2 5 5 244 1 39 5 726 5 7 1454 759 4 205 0 25 1484 1290 546 559 4378 0 312 26 10 47 2 1 722 0 325 380 0 0 0 0 0 11 0 4 0 63 0 1 683 69 4 28 0 2 240 283 21 87 452 4890 1 0 0 28 0 0 50
57 2 68 1601 23 333 4758 79 76 2358 4 99 58 95 105 448 5 0 1 89 2117 8 640 1946 0 1 312 0 293 2214 0 1 26 320 2 0 2 11 0 20 30 1 72 1 0 24 2 2 35 74 0 0 0 3 54 9 6 560 0 0 3 170 28 81 0 0 6 16
1569 4 8 49 4 44 329 58 8 261 213 80 112 2321 12 1 127 12 28 36 72 0 159 35 9 31 26 293 0 2557 1 185 1109 1207 0 4 0 0 0 1 2 0 4 0 0 1 16 1 5 0 0 0 0 0 4 0 1 27 2 0 8 6 2 2 1 0 0 1
432 1 141 0 3 5 2096 51 7 11 1 2 14 592 15 2 161 1 6 1 3232 0 867 20 0 6 10 2214 2557 0 0 1 287 771 2 0 1 0 0 1 7 0 12 0 0 0 1 0 19 14 0 0 0 0 26 1 4 58 0 0 1 33 7 32 0 0 3 5
0 5 0 0 0 0 0 0 1 0 53 0 178 0 0 0 0 0 1 0 0 1 0 0 4 182 47 0 1 0 0 0 1 2 0 1 0 0 0 0 0 0 0 0 2 0 36 0 0 0 0 0 0 0 0 0 0 0 4 35 52 0 0 0 36 0 0 0
0 7 2 0 15 25 0 499 5 2 131 3 88 94 20 0 0 0 0 0 4 0 4 0 7 2 2 1 185 1 0 0 0 215 0 1 0 0 0 0 0 0 0 0 0 0 4 0 0 0 0 0 0 0 0 0 0 0 0 0 0 0 0 0 0 0 0 0
11 0 0 0 0 0 6 1 0 2 1 0 4 0 0 0 3 0 5 0 53 0 19 0 0 6 1 26 1109 287 1 0 0 726 0 0 0 0 0 0 0 0 0 0 0 0 0 0 0 0 0 0 0 0 0 0 0 0 0 0 0 0 0 0 0 0 0 0
15 8 77 45 313 34 66 20 13 145 1312 95 607 37 43 4 1294 73 935 22 1342 8 1968 34 4 195 722 320 1207 771 2 215 726 0 0 12 23 0 0 2 1 1 3 0 0 1 17 3 3 12 5 0 1 0 4 7 4 15 4 48 245 5 4 7 0 1 1 4
0 0 0 0 0 0 0 0 0 0 0 0 0 0 0 0 0 0 0 0 0 0 1 4 0 0 0 2 0 2 0 0 0 0 0 0 25 4 0 3 570 68 1 13 1 0 1 1191 1 1 21 1 4 1 1 0 22 6 0 13 4 51 1295 448 0 0 11 4
0 319 15 0 0 1 0 0 6 0 8 0 32 0 0 0 7 1 5 0 0 37 0 19 23 56 325 0 4 0 1 1 0 12 0 0 1 0 2 0 1 0 99 0 1 3 151 0 1 0 13 0 0 0 1 431 1 85 485 15 1248 0 0 1 0 2 0 14
0 8 182 0 0 0 0 0 0 0 0 0 0 0 0 0 31 0 1 0 0 2 23 1 0 55 380 2 0 1 0 0 0 23 25 1 0 0 0 5 330 134 1 15 1 0 0 148 0 3 940 0 15 0 6 4 1941 5 0 1032 3304 61 4 27 0 0 1 46
0 0 0 854 0 1 1 0 41 7 0 675 4 0 13 0 0 0 0 6 0 2 0 133 0 0 0 11 0 0 0 0 0 0 4 0 0 0 47 155 8 30 170 2449 0 1208 4 43 33 2 0 0 0 2476 0 3 1 1241 0 0 0 1130 101 0 0 0 2 61
0 0 0 1 0 0 0 0 1 0 0 4 13 0 2 0 0 0 0 0 0 0 0 1 0 0 0 0 0 0 0 0 0 0 0 2 0 47 0 206 0 9 120 7 31 44 87 1 706 1 0 0 0 5 0 16 0 103 3 2 0 10 1 0 0 61 0 282
0 0 0 14 1 6 1 4 4 4 0 124 13 0 6 0 0 0 0 3 0 0 0 35 0 0 0 20 1 1 0 0 0 2 3 0 5 155 206 0 200 2181 150 2631 10 3834 30 48 1237 1 0 8 2 75 0 36 6 119 0 2 8 588 31 0 0 2 2 46
0 0 0 1 0 6 1 0 7 2 0 2 0 0 3 0 0 0 0 0 1 0 0 38 0 0 0 30 2 7 0 0 0 1 570 1 330 8 0 200 0 429 16 1667 3 16 1 1220 17 19 34 0 1 3 130 0 580 67 0 21 26 4933 198 2213 0 0 13 50
0 0 0 0 0 1 0 1 0 0 0 3 3 0 0 0 0 0 0 0 0 0 0 0 1 0 0 1 0 0 0 0 0 1 68 0 134 30 9 2181 429 0 36 1100 4 148 6 2262 65 1 8 0 2 17 5 6 74 31 0 8 12 108 19 71 0 134 0 12
1 17 0 52 4 7 6 4 381 45 0 60 8 1 14 3 0 0 0 13 1 129 3 445 1 0 11 72 4 12 0 0 0 3 1 99 1 170 120 150 16 36 0 59 14 865 85 10 260 1 1 1 5 90 3 339 3 2984 109 6 220 115 49 12 0 8 3 27
0 0 0 81 0 0 1 0 24 0 0 49 3 0 10 0 0 0 0 8 0 1 0 65 0 0 0 1 0 0 0 0 0 0 13 0 15 2449 7 2631 1667 1100 59 0 3 1955 5 332 25 3 0 0 1 971 3 1 10 157 0 0 0 1150 237 3 0 0 1 171
0 1 0 0 0 0 0 0 1 0 4 0 22 0 0 0 0 0 0 0 0 1 0 0 2 5 4 0 0 0 2 0 0 0 1 1 1 0 31 10 3 4 14 3 0 38 862 48 9 0 4 1382 121 7 2 2 3 6 8 733 15 1 295 1 125 341 0 1448
0 0 0 126 3 12 1 2 18 56 0 1171 9 0 13 0 0 0 0 29 0 0 0 63 0 0 0 24 1 0 0 0 0 1 0 3 0 1208 44 3834 16 148 865 1955 38 0 5 108 571 0 0 5 16 2324 1 5 0 520 3 4 9 161 255 0 0 9 1 219
0 29 0 0 3 6 0 6 8 0 168 4 618 3 9 0 0 3 2 0 2 10 0 2 188 48 63 2 16 1 36 4 0 17 1 151 0 4 87 30 1 6 85 5 862 5 0 13 32 2 0 0 2 2 3 133 1 16 966 38 923 4 37 4 472 152 0 458
0 0 0 2 0 0 1 2 2 0 0 7 5 1 0 0 0 0 0 0 0 0 0 5 0 0 0 2 1 0 0 0 0 3 1191 0 148 43 1 48 1220 2262 10 332 48 108 13 0 11 1 16 20 11 17 11 1 127 32 0 43 20 113 1945 273 1 35 2 63
2 0 0 8 4 5 4 0 6 8 0 20 23 0 12 1 0 0 0 10 0 0 0 68 0 0 1 35 5 19 0 0 0 3 1 1 0 33 706 1237 17 65 260 25 9 571 32 11 0 2 0 3 3 18 35 13 14 125 1 0 8 73 8 6 0 1 2 26
0 0 2 0 0 0 0 0 2 0 0 1 0 0 0 1029 0 0 0 0 118 113 633 222 0 0 683 74 0 14 0 0 0 12 1 0 3 2 1 1 19 1 1 3 0 0 2 1 2 0 2 0 0 0 1362 1117 534 1295 0 0 1525 312 2 7 0 0 0 14
0 1 26 0 0 0 0 0 2 0 0 0 0 0 0 0 4 0 0 0 0 0 0 0 0 20 69 0 0 0 0 0 0 5 21 13 940 0 0 0 34 8 1 0 4 0 0 16 0 2 0 8 1538 0 34 4 1955 3 0 613 763 5 30 188 0 0 0 1133
0 1 0 0 0 0 0 0 0 0 0 0 0 0 0 0 0 2 1 0 0 0 0 0 0 13 4 0 0 0 0 0 0 0 1 0 0 0 0 8 0 0 1 0 1382 5 0 20 3 0 8 0 617 0 0 0 0 2 0 151 3 0 13 2 0 33 0 173
0 0 3 0 0 0 0 0 0 0 0 0 0 0 0 0 2 0 1 0 0 0 0 0 0 33 28 0 0 0 0 0 0 1 4 0 15 0 0 2 1 2 5 1 121 16 2 11 3 0 1538 617 0 0 7 1 38 6 0 639 147 4 15 29 0 4 1 915
0 0 0 194 0 2 2 1 8 23 0 223 5 0 8 0 0 0 0 18 0 1 0 70 0 0 0 3 0 0 0 0 0 0 1 0 0 2476 5 75 3 17 90 971 7 2324 2 17 18 0 0 0 0 0 0 0 0 344 0 0 0 69 64 0 0 2 0 21
0 0 0 0 2 0 0 0 2 0 0 0 0 0 3 184 0 0 0 0 47 13 21 52 0 0 2 54 4 26 0 0 0 4 1 1 6 0 0 0 130 5 3 3 2 1 3 11 35 1362 34 0 7 0 0 36 5087 339 0 0 30 2282 53 2461 0 0 3 1054
0 86 16 0 0 0 1 0 40 0 0 0 15 0 0 106 2 0 0 1 5 940 26 102 6 3 240 9 0 1 0 0 0 7 0 431 4 3 16 36 0 6 339 1 2 5 133 1 13 1117 4 0 1 0 36 0 88 650 113 3 1083 29 3 3 0 2 0 21
0 0 11 0 1 0 0 0 1 0 0 0 0 0 0 107 0 0 0 0 6 8 170 5 0 2 283 6 1 4 0 0 0 4 22 1 1941 1 0 6 580 74 3 10 3 0 1 127 14 534 1955 0 38 0 5087 88 0 60 0 109 1734 471 93 649 0 2 10 1087
5 23 1 143 0 73 31 4 296 190 0 138 7 4 27 94 0 0 0 61 58 203 14 2581 0 0 21 560 27 58 0 0 0 15 6 85 5 1241 103 119 67 31 2984 157 6 520 16 32 125 1295 3 2 6 344 339 650 60 0 45 1 375 2652 142 36 0 1 10 94
1 75 0 0 0 0 0 0 14 0 21 0 136 0 0 0 1 1 2 0 0 14 0 11 300 36 87 0 2 0 4 0 0 4 0 485 0 0 3 0 0 0 109 0 8 3 966 0 1 0 0 0 0 0 0 113 0 45 0 0 1145 0 1 0 3 9 0 7
0 14 65 0 0 0 0 0 1 0 36 0 79 0 0 0 40 32 41 0 0 2 0 0 4 626 452 0 0 0 35 0 0 48 13 15 1032 0 2 2 21 8 6 0 733 4 38 43 0 0 613 151 639 0 0 3 109 1 0 0 2783 4 14 41 214 19 0 62
1 434 399 0 1 0 0 0 19 0 55 0 250 0 1 54 145 35 67 0 2 114 224 45 127 899 4890 3 8 1 52 0 0 245 4 1248 3304 0 0 8 26 12 220 0 15 9 923 20 8 1525 763 3 147 0 30 1083 1734 375 1145 2783 0 35 13 21 242 17 0 398
2 0 0 59 0 46 9 1 66 1 0 31 7 0 15 26 0 0 0 1 15 11 4 483 0 0 1 170 6 33 0 0 0 5 51 0 61 1130 10 588 4933 108 115 1150 1 161 4 113 73 312 5 0 4 69 2282 29 471 2652 0 4 35 0 422 1563 0 0 50 425
0 0 0 1 0 0 1 0 9 0 0 12 4 0 1 2 0 0 0 0 6 1 1 29 0 0 0 28 2 7 0 0 0 4 1295 0 4 101 1 31 198 19 49 237 295 255 37 1945 8 2 30 13 15 64 53 3 93 142 1 14 13 422 0 1402 1 105 1295 828
0 0 2 0 0 2 2 0 7 0 0 0 1 2 1 25 0 0 0 0 29 2 6 41 0 0 0 81 2 32 0 0 0 7 448 1 27 0 0 0 2213 71 12 3 1 0 4 273 6 7 188 2 29 0 2461 3 649 36 0 41 21 1563 1402 0 0 0 115 942
0 8 0 0 0 0 0 0 0 0 35 0 157 0 0 0 0 0 0 0 0 1 0 0 5 24 28 0 1 0 36 0 0 0 0 0 0 0 0 0 0 0 0 0 125 0 472 1 0 0 0 0 0 0 0 0 0 0 3 214 242 0 1 0 0 2 0 5
0 0 0 0 0 2 0 0 0 0 0 0 8 0 0 0 0 0 0 0 0 0 0 0 0 0 0 0 0 0 0 0 0 1 0 2 0 0 61 2 0 134 8 0 341 9 152 35 1 0 0 33 4 2 0 2 2 1 9 19 17 0 105 0 2 0 0 619
0 0 0 0 0 1 0 0 1 0 0 1 0 0 0 1 0 0 0 0 0 1 0 2 0 0 0 6 0 3 0 0 0 1 11 0 1 2 0 2 13 0 3 1 0 1 0 2 2 0 0 0 1 0 3 0 10 10 0 0 0 50 1295 115 0 0 0 215
0 2 8 4 0 5 0 2 3 0 0 14 27 1 3 4 6 0 1 0 8 0 4 23 1 20 50 16 1 5 0 0 0 4 4 14 46 61 282 46 50 12 27 171 1448 219 458 63 26 14 1133 173 915 21 1054 21 1087 94 7 62 398 425 828 942 5 619 215 0
