0 0 26 0 0 0 255 78 0 1 1 0 0 1191 0 0 72 0 0 0 9 0 55 1 0 2 1 4 588 279 0 0 0 8 0 0 0 0 0 0 0 0 0 0 0 0 0 0 0 0 0 0 0 0 0 0 0 0 0 0 0 0 0 0 0 0 0 0
0 0 0 0 1 0 0 0 49 0 1 0 60 1 3 3 2 1 0 0 1 366 0 87 455 4 1025 0 0 0 2 0 0 8 0 268 4 0 0 0 0 0 4 0 1 0 11 0 0 0 0 0 0 0 0 46 1 3 11 14 312 0 0 0 3 0 0 2
26 0 0 1 0 1 116 69 1 7 0 0 0 133 0 1 2029 0 8 0 59 0 2137 3 0 1212 3179 15 13 54 0 0 0 46 0 1 31 0 0 0 0 0 0 0 0 0 0 0 0 5 3 0 0 0 0 0 46 2 0 0 263 1 0 1 0 0 1 1
0 0 1 0 8 46 36 9 120 726 2 502 2 10 36 0 0 0 0 2584 0 0 2 658 0 0 2 971 42 2 0 1 1 38 0 0 0 31 0 2 0 0 24 0 0 95 0 0 22 0 0 0 0 34 0 0 0 90 0 0 0 3 0 0 0 0 0 1
0 1 0 8 0 214 5 5 51 9 30 156 61 0 721 0 0 0 0 21 0 0 13 29 0 0 1 15 1 0 0 66 0 398 0 0 0 0 2 0 0 0 0 1 0 1 0 0 21 0 0 0 0 0 1 0 0 0 0 0 0 1 0 0 0 0 0 0
0 0 1 46 214 0 223 1313 19 1641 11 3520 13 23 390 0 1 2 4 87 0 0 1 6 0 6 1 39 20 0 0 35 0 28 0 0 0 0 0 3 0 0 1 2 0 7 1 0 0 0 0 0 0 2 0 0 0 27 0 0 0 25 0 0 0 0 0 1
255 0 116 36 5 223 0 350 8 2077 5 41 3 523 10 0 19 1 7 4 26 1 178 234 0 3 4 5840 353 1208 0 3 1 75 0 1 0 0 0 0 0 0 0 0 0 2 0 0 0 0 0 0 0 1 0 0 0 13 0 0 0 0 0 0 0 0 0 0
78 0 69 9 5 1313 350 0 7 1115 11 339 3 3184 12 0 93 3 8 29 6 0 69 8 0 12 3 14 34 37 0 23 0 19 0 0 0 0 0 0 0 0 3 0 0 0 0 0 0 0 0 0 0 0 0 0 0 2 0 0 0 0 0 0 0 0 0 0
0 49 1 120 51 19 8 7 0 35 12 332 22 13 329 1 1 1 6 93 1 446 1 1982 84 8 216 82 24 4 2 4 8 35 1 2 0 8 0 2 0 2 168 23 2 98 2 1 6 14 0 0 0 16 1 30 1 185 2 0 16 88 8 0 0 0 2 6
1 0 7 726 9 1641 2077 1115 35 0 17 1044 12 411 41 0 1 3 15 409 0 0 8 34 0 1 0 668 151 1 0 2 1 151 0 0 0 2 0 2 0 0 20 1 0 82 2 0 10 0 0 0 0 37 0 0 0 134 0 0 0 8 0 0 0 0 0 0
1 1 0 2 30 11 5 11 12 17 0 47 540 17 0 0 0 1033 593 1 0 0 0 0 29 673 57 2 104 0 24 173 1 1146 0 2 0 0 0 0 0 0 0 0 18 0 88 0 0 0 0 0 0 0 0 0 0 0 36 12 20 0 0 0 8 0 0 1
0 0 0 502 156 3520 41 339 332 1044 47 0 6 86 1238 0 0 15 16 1657 0 0 1 317 0 4 2 87 77 0 0 8 0 166 0 0 0 52 1 11 0 0 6 21 0 444 0 0 6 0 0 0 0 29 0 0 0 27 0 0 0 20 0 0 0 0 0 1
0 60 0 2 61 13 3 3 22 12 540 6 0 5 25 3 0 9 0 12 3 21 9 15 873 61 393 16 10 1 203 62 0 356 0 20 1 0 4 2 0 2 2 2 45 9 612 1 1 0 0 1 1 3 0 1 1 1 138 46 185 4 0 0 73 3 0 58
1191 1 133 10 0 23 523 3184 13 411 17 86 5 0 1 0 141 1 1 25 29 0 120 14 0 7 4 38 996 205 0 188 4 43 0 0 0 0 0 0 0 0 1 0 0 0 0 0 0 0 0 0 0 0 0 1 0 1 0 0 0 1 0 0 0 0 0 1
0 3 0 36 721 390 10 12 329 41 0 1238 25 1 0 0 0 0 0 60 23 0 19 149 0 1 7 61 5 0 0 9 0 12 0 0 0 2 2 3 1 0 5 7 0 46 5 0 8 4 0 0 0 12 1 2 4 26 0 0 0 24 0 1 0 0 1 3
0 3 1 0 0 0 0 0 1 0 0 0 3 0 0 0 0 0 0 0 314 1209 861 257 1 0 396 259 0 1 0 0 0 7 2 1 3 0 0 0 1 1 0 0 0 0 0 0 1 534 0 0 0 0 32 67 250 19 0 0 76 14 3 11 0 0 0 4
72 2 2029 0 0 1 19 93 1 1 0 0 0 141 0 0 0 2 1345 0 30 2 1448 1 0 1146 647 5 175 95 0 0 31 1172 0 1 10 0 0 0 0 0 0 0 0 0 0 0 0 4 2 0 0 0 0 7 3 0 0 3 103 1 0 0 0 0 0 0
0 1 0 0 0 2 1 3 1 3 1033 15 9 1 0 0 2 0 518 0 0 0 0 0 0 635 37 0 19 0 1 10 0 57 0 0 0 0 0 0 0 0 0 0 2 0 33 0 0 0 0 0 0 0 0 0 0 0 1 21 13 0 0 0 10 0 0 0
0 0 8 0 0 4 7 8 6 15 593 16 0 1 0 0 1345 518 0 0 3 0 4 0 0 923 95 1 6 0 0 0 1 1031 0 1 3 0 0 0 0 0 1 0 0 0 1 0 0 0 0 0 0 0 0 0 1 0 0 13 16 0 0 0 3 0 0 0
0 0 0 2584 21 87 4 29 93 409 1 1657 12 25 60 0 0 0 0 0 0 0 0 156 0 0 0 140 24 0 0 2 0 40 0 0 0 36 0 0 0 0 8 7 0 74 0 0 20 0 0 0 0 62 0 0 0 44 0 0 0 29 0 0 0 0 0 0
9 1 59 0 0 0 26 6 1 0 0 0 3 29 23 314 30 0 3 0 0 6 5044 3 0 1 82 1360 45 2264 0 0 59 949 0 0 1 0 0 0 1 0 0 0 0 0 0 0 1 27 0 0 0 0 10 2 5 13 0 0 0 17 1 11 0 0 1 6
0 366 0 0 0 0 1 0 446 0 0 0 21 0 0 1209 2 0 0 0 6 0 11 905 127 1 1061 55 0 1 1 0 0 4 0 7 2 0 0 0 0 1 11 1 0 0 7 1 0 85 2 0 0 0 5 290 19 24 5 4 126 7 2 0 2 0 0 2
55 0 2137 2 13 1 178 69 1 8 0 1 9 120 19 861 1448 0 4 0 5044 11 0 15 0 11 2087 192 104 510 0 0 19 1276 0 0 7 0 0 0 0 0 2 0 0 0 0 0 0 223 1 0 0 0 17 10 309 9 0 0 141 6 0 5 0 0 0 6
1 87 3 658 29 6 234 8 1982 34 0 317 15 14 149 257 1 0 0 156 3 905 15 0 65 1 311 1364 186 27 0 5 17 121 3 4 2 62 1 19 1 0 51 49 0 35 2 3 17 69 0 0 0 72 10 22 2 377 1 0 17 373 12 6 0 0 1 13
0 455 0 0 0 0 0 0 84 0 29 0 873 0 0 1 0 0 0 0 0 127 0 65 0 5 747 0 0 0 5 0 0 7 0 60 0 0 0 0 0 1 2 0 3 0 139 0 0 0 0 0 0 0 0 6 0 0 204 28 137 0 0 0 17 1 0 8
2 4 1212 0 0 6 3 12 8 1 673 4 61 7 1 0 1146 635 923 0 1 1 11 1 5 0 2741 5 9 3 175 3 2 232 0 24 37 0 0 0 0 0 0 0 33 0 193 0 0 0 9 8 6 0 0 1 0 0 12 345 443 0 0 0 78 0 0 5
1 1025 3179 2 1 1 4 3 216 0 57 2 393 4 7 396 647 37 95 0 82 1061 2087 311 747 2741 0 150 7 1 69 3 0 773 0 226 238 0 0 0 0 0 11 0 13 0 96 0 0 262 22 2 22 0 9 124 256 14 107 468 3760 4 0 2 26 0 0 23
4 0 15 971 15 39 5840 14 82 668 2 87 16 38 61 259 5 0 1 140 1360 55 192 1364 0 5 150 0 294 1821 0 4 33 378 4 0 1 6 0 15 3 1 24 1 0 31 2 0 8 55 0 0 0 36 9 7 2 187 0 0 1 108 8 5 0 0 0 13
588 0 13 42 1 20 353 34 24 151 104 77 10 996 5 0 175 19 6 24 45 0 104 186 0 9 7 294 0 1555 0 60 818 797 0 0 0 0 0 0 0 0 3 0 0 0 0 0 0 1 0 0 0 0 0 1 0 6 0 3 0 2 0 0 0 0 0 0
279 0 54 2 0 0 1208 37 4 1 0 0 1 205 0 1 95 0 0 0 2264 1 510 27 0 3 1 1821 1555 0 0 0 532 676 0 0 0 0 0 0 0 0 0 0 0 0 0 0 0 9 0 0 0 0 11 1 0 11 0 0 0 6 0 2 0 0 0 2
0 2 0 0 0 0 0 0 2 0 24 0 203 0 0 0 0 1 0 0 0 1 0 0 5 175 69 0 0 0 0 1 0 5 0 3 0 0 0 0 0 0 0 0 7 0 99 0 0 0 0 1 0 0 0 0 0 0 15 39 83 0 0 0 30 0 0 0
0 0 0 1 66 35 3 23 4 2 173 8 62 188 9 0 0 10 0 2 0 0 0 5 0 3 3 4 60 0 1 0 0 412 0 0 0 0 1 0 0 0 0 0 0 0 0 0 0 0 0 0 0 0 0 0 0 0 0 0 0 0 0 0 0 0 0 0
0 0 0 1 0 0 1 0 8 1 1 0 0 4 0 0 31 0 1 0 59 0 19 17 0 2 0 33 818 532 0 0 0 599 0 0 0 0 0 0 0 0 0 0 0 0 0 0 0 0 0 0 0 0 0 0 0 1 0 0 0 2 0 0 0 0 0 1
8 8 46 38 398 28 75 19 35 151 1146 166 356 43 12 7 1172 57 1031 40 949 4 1276 121 7 232 773 378 797 676 5 412 599 0 1 9 12 0 0 1 2 0 2 0 1 1 7 0 2 18 0 0 0 1 10 2 22 28 1 33 174 56 2 6 5 0 0 3
0 0 0 0 0 0 0 0 1 0 0 0 0 0 0 2 0 0 0 0 0 0 0 3 0 0 0 4 0 0 0 0 0 1 0 0 1 0 0 1 650 10 1 5 8 0 0 977 0 0 18 4 13 0 1 1 0 9 0 3 1 29 737 444 0 1 0 26
0 268 1 0 0 0 1 0 2 0 2 0 20 0 0 1 1 0 1 0 0 7 0 4 60 24 226 0 0 0 3 0 0 9 0 0 1 0 0 0 0 0 96 0 0 0 74 0 3 1 1 0 2 0 0 465 0 140 673 5 1532 0 0 0 1 0 0 4
0 4 31 0 0 0 0 0 0 0 0 0 1 0 0 3 10 0 3 0 1 2 7 2 0 37 238 1 0 0 0 0 0 12 1 1 0 0 0 0 209 15 3 0 0 0 0 73 1 2 1455 2 22 0 92 1 1922 1 0 1688 2766 57 3 8 0 0 0 59
0 0 0 31 0 0 0 0 8 2 0 52 0 0 2 0 0 0 0 36 0 0 0 62 0 0 0 6 0 0 0 0 0 0 0 0 0 0 5 14 5 4 79 1465 1 418 1 3 19 0 0 0 0 2057 0 0 0 321 0 0 1 892 20 0 0 1 0 12
0 0 0 0 2 0 0 0 0 0 0 1 4 0 2 0 0 0 0 0 0 0 0 1 0 0 0 0 0 0 0 1 0 0 0 0 0 5 0 135 3 8 31 5 53 101 72 0 878 0 0 0 0 2 0 0 1 22 3 0 1 13 0 0 0 9 0 134
0 0 0 2 0 3 0 0 2 2 0 11 2 0 3 0 0 0 0 0 0 0 0 19 0 0 0 15 0 0 0 0 0 1 1 0 0 14 135 0 414 1368 46 2183 18 2191 13 17 667 0 0 9 0 19 0 1 0 25 0 3 0 153 12 0 1 4 1 29
0 0 0 0 0 0 0 0 0 0 0 0 0 0 1 1 0 0 0 0 1 0 0 1 0 0 0 3 0 0 0 0 0 2 650 0 209 5 3 414 0 936 8 1552 16 19 3 2567 7 0 264 2 31 1 131 0 326 85 0 10 6 5095 252 1282 0 4 0 90
0 0 0 0 0 0 0 0 2 0 0 0 2 0 0 1 0 0 0 0 0 1 0 0 1 0 0 1 0 0 0 0 0 0 10 0 15 4 8 1368 936 0 29 430 19 280 3 1822 139 0 5 6 1 23 1 0 6 6 0 7 0 41 8 5 0 181 0 28
0 4 0 24 0 1 0 3 168 20 0 6 2 1 5 0 0 0 1 8 0 11 2 51 2 0 11 24 3 0 0 0 0 2 1 96 3 79 31 46 8 29 0 25 17 337 32 6 261 4 0 2 6 63 0 428 0 2445 50 12 250 144 18 0 1 6 0 21
0 0 0 0 1 2 0 0 23 1 0 21 2 0 7 0 0 0 0 7 0 1 0 49 0 0 0 1 0 0 0 0 0 0 5 0 0 1465 5 2183 1552 430 25 0 23 1542 7 256 23 0 0 1 1 1561 0 0 0 27 0 0 0 970 75 0 0 10 0 99
0 1 0 0 0 0 0 0 2 0 18 0 45 0 0 0 0 2 0 0 0 0 0 0 3 33 13 0 0 0 7 0 0 1 8 0 0 1 53 18 16 19 17 23 0 29 432 47 1 0 1 1061 220 9 0 0 1 10 21 693 11 9 219 2 60 289 0 1306
0 0 0 95 1 7 2 0 98 82 0 444 9 0 46 0 0 0 0 74 0 0 0 35 0 0 0 31 0 0 0 0 0 1 0 0 0 418 101 2191 19 280 337 1542 29 0 4 111 480 0 0 8 0 1904 0 2 1 354 0 2 0 241 87 0 0 16 0 144
0 11 0 0 0 1 0 0 2 2 88 0 612 0 5 0 0 33 1 0 0 7 0 2 139 193 96 2 0 0 99 0 0 7 0 74 0 1 72 13 3 3 32 7 432 4 0 3 16 0 0 0 0 6 0 13 0 23 956 32 587 11 11 0 239 134 0 323
0 0 0 0 0 0 0 0 1 0 0 0 1 0 0 0 0 0 0 0 0 1 0 3 0 0 0 0 0 0 0 0 0 0 977 0 73 3 0 17 2567 1822 6 256 47 111 3 0 3 1 97 13 36 13 5 0 39 9 0 17 7 82 808 183 1 8 0 98
0 0 0 22 21 0 0 0 6 10 0 6 1 0 8 1 0 0 0 20 1 0 0 17 0 0 0 8 0 0 0 0 0 2 0 3 1 19 878 667 7 139 261 23 1 480 16 3 0 7 0 0 0 23 11 3 16 177 1 0 7 78 5 1 0 1 0 4
0 0 5 0 0 0 0 0 14 0 0 0 0 0 4 534 4 0 0 0 27 85 223 69 0 0 262 55 1 9 0 0 0 18 0 1 2 0 0 0 0 0 4 0 0 0 0 1 7 0 1 0 0 0 546 937 1184 1062 2 3 1429 235 6 2 0 0 1 6
0 0 3 0 0 0 0 0 0 0 0 0 0 0 0 0 2 0 0 0 0 2 1 0 0 9 22 0 0 0 0 0 0 0 18 1 1455 0 0 0 264 5 0 0 1 0 0 97 0 1 0 13 1023 0 19 2 738 0 0 211 537 1 24 292 0 0 0 911
0 0 0 0 0 0 0 0 0 0 0 0 1 0 0 0 0 0 0 0 0 0 0 0 0 8 2 0 0 0 1 0 0 0 4 0 2 0 0 9 2 6 2 1 1061 8 0 13 0 0 13 0 621 0 2 0 1 0 0 519 6 0 12 2 1 12 0 169
0 0 0 0 0 0 0 0 0 0 0 0 1 0 0 0 0 0 0 0 0 0 0 0 0 6 22 0 0 0 0 0 0 0 13 2 22 0 0 0 31 1 6 1 220 0 0 36 0 0 1023 621 0 0 11 0 15 1 0 1461 112 3 47 100 0 0 2 700
0 0 0 34 0 2 1 0 16 37 0 29 3 0 12 0 0 0 0 62 0 0 0 72 0 0 0 36 0 0 0 0 0 1 0 0 0 2057 2 19 1 23 63 1561 9 1904 6 13 23 0 0 0 0 0 0 0 0 145 0 0 0 391 25 0 0 4 0 21
0 0 0 0 1 0 0 0 1 0 0 0 0 0 1 32 0 0 0 0 10 5 17 10 0 0 9 9 0 11 0 0 0 10 1 0 92 0 0 0 131 1 0 0 0 0 0 5 11 546 19 2 11 0 0 3 4230 8 0 0 17 1492 35 2028 0 0 38 1041
0 46 0 0 0 0 0 0 30 0 0 0 1 1 2 67 7 0 0 0 2 290 10 22 6 1 124 7 1 1 0 0 0 2 1 465 1 0 0 1 0 0 428 0 0 2 13 0 3 937 2 0 0 0 3 0 5 1066 50 0 589 7 2 3 0 0 0 2
0 1 46 0 0 0 0 0 1 0 0 0 1 0 4 250 3 0 1 0 5 19 309 2 0 0 256 2 0 0 0 0 0 22 0 0 1922 0 1 0 326 6 0 0 1 1 0 39 16 1184 738 1 15 0 4230 5 0 14 0 24 1890 380 11 333 0 0 7 930
0 3 2 90 0 27 13 2 185 134 0 27 1 1 26 19 0 0 0 44 13 24 9 377 0 0 14 187 6 11 0 0 1 28 9 140 1 321 22 25 85 6 2445 27 10 354 23 9 177 1062 0 0 1 145 8 1066 14 0 101 1 549 2731 133 2 0 0 11 63
0 11 0 0 0 0 0 0 2 0 36 0 138 0 0 0 0 1 0 0 0 5 0 1 204 12 107 0 0 0 15 0 0 1 0 673 0 0 3 0 0 0 50 0 21 0 956 0 1 2 0 0 0 0 0 50 0 101 0 5 976 0 2 0 2 13 0 7
0 14 0 0 0 0 0 0 0 0 12 0 46 0 0 0 3 21 13 0 0 4 0 0 28 345 468 0 3 0 39 0 0 33 3 5 1688 0 0 3 10 7 12 0 693 2 32 17 0 3 211 519 1461 0 0 0 24 1 5 0 2133 1 6 4 287 12 1 104
0 312 263 0 0 0 0 0 16 0 20 0 185 0 0 76 103 13 16 0 0 126 141 17 137 443 3760 1 0 0 83 0 0 174 1 1532 2766 1 1 0 6 0 250 0 11 0 587 7 7 1429 537 6 112 0 17 589 1890 549 976 2133 0 196 0 4 150 1 1 295
0 0 1 3 1 25 0 0 88 8 0 20 4 1 24 14 1 0 0 29 17 7 6 373 0 0 4 108 2 6 0 0 2 56 29 0 57 892 13 153 5095 41 144 970 9 241 11 82 78 235 1 0 3 391 1492 7 380 2731 0 1 196 0 437 1062 0 6 64 427
0 0 0 0 0 0 0 0 8 0 0 0 0 0 0 3 0 0 0 0 1 2 0 12 0 0 0 8 0 0 0 0 0 2 737 0 3 20 0 12 252 8 18 75 219 87 11 808 5 6 24 12 47 25 35 2 11 133 2 6 0 437 0 815 1 158 939 1204
0 0 1 0 0 0 0 0 0 0 0 0 0 0 1 11 0 0 0 0 11 0 5 6 0 0 2 5 0 2 0 0 0 6 444 0 8 0 0 0 1282 5 0 0 2 0 0 183 1 2 292 2 100 0 2028 3 333 2 0 4 4 1062 815 0 0 0 152 585
0 3 0 0 0 0 0 0 0 0 8 0 73 0 0 0 0 10 3 0 0 2 0 0 17 78 26 0 0 0 30 0 0 5 0 1 0 0 0 1 0 0 1 0 60 0 239 1 0 0 0 1 0 0 0 0 0 0 2 287 150 0 1 0 0 1 0 1
0 0 0 0 0 0 0 0 0 0 0 0 3 0 0 0 0 0 0 0 0 0 0 0 1 0 0 0 0 0 0 0 0 0 1 0 0 1 9 4 4 181 6 10 289 16 134 8 1 0 0 12 0 4 0 0 0 0 13 12 1 6 158 0 1 0 0 464
0 0 1 0 0 0 0 0 2 0 0 0 0 0 1 0 0 0 0 0 1 0 0 1 0 0 0 0 0 0 0 0 0 0 0 0 0 0 0 1 0 0 0 0 0 0 0 0 0 1 0 0 2 0 38 0 7 11 0 1 1 64 939 152 0 0 0 318
0 2 1 1 0 1 0 0 6 0 1 1 58 1 3 4 0 0 0 0 6 2 6 13 8 5 23 13 0 2 0 0 1 3 26 4 59 12 134 29 90 28 21 99 1306 144 323 98 4 6 911 169 700 21 1041 2 930 63 7 104 295 427 1204 585 1 464 318 0
