0 0 12 0 0 9 805 109 0 15 7 1 0 1181 0 0 144 5 15 1 1 0 20 0 0 31 4 2 991 692 0 2 0 25 0 0 0 0 0 0 0 0 0 0 0 0 0 0 0 0 0 0 0 0 0 0 0 1 0 0 0 1 0 0 0 0 0 0
0 0 3 0 0 0 4 0 33 0 0 0 62 2 1 9 5 0 3 0 5 383 2 121 493 11 1968 2 4 0 1 0 0 8 0 110 7 0 0 0 0 0 1 0 6 0 9 0 0 2 4 0 2 0 0 6 1 1 13 42 330 0 1 0 5 1 0 3
12 3 0 0 0 64 610 145 0 29 1 0 0 71 0 0 1472 1 22 0 73 0 2478 6 0 3384 4567 248 6 130 0 0 0 55 0 6 152 0 0 0 0 0 0 0 0 0 0 0 0 3 15 0 3 0 0 5 2 0 0 17 251 0 0 0 0 0 0 5
0 0 0 0 5 39 22 7 158 667 0 1565 34 7 34 0 0 0 0 2504 0 1 0 709 0 0 0 1333 27 0 0 0 0 37 0 0 0 107 0 2 0 0 42 0 0 164 0 0 14 0 0 0 0 71 0 1 0 127 0 0 0 4 0 1 0 0 0 0
0 0 0 5 0 399 1 29 70 2 44 69 421 1 922 0 0 0 2 2 6 8 9 25 2 1 1 10 16 3 0 246 1 252 0 0 0 0 1 0 0 0 1 0 0 3 0 0 1 0 0 0 0 0 0 2 0 0 0 0 0 0 0 0 0 0 0 0
9 0 64 39 399 0 198 2997 28 2565 63 3888 59 71 1135 0 17 9 5 33 0 2 14 18 3 12 2 42 73 7 0 29 2 43 0 0 0 0 0 3 0 0 2 0 1 43 0 1 6 0 0 0 0 6 0 0 0 21 0 0 0 35 3 1 0 0 1 7
805 4 610 22 1 198 0 501 22 2159 7 18 9 2042 3 0 43 1 4 3 9 0 135 51 0 51 3 6071 114 1742 0 1 2 89 0 0 0 0 0 1 0 0 5 0 0 3 0 0 0 0 0 0 0 1 0 6 0 8 0 0 0 0 0 0 0 0 1 1
109 0 145 7 29 2997 501 0 2 668 24 192 38 2855 37 0 217 4 9 5 5 0 57 1 0 13 3 12 64 126 1 166 0 46 0 0 0 0 0 0 0 0 0 0 0 2 0 0 0 0 0 0 0 0 0 0 0 0 0 0 0 0 0 0 0 0 0 2
0 33 0 158 70 28 22 2 0 41 2 396 30 3 362 0 0 0 0 42 0 562 1 2998 96 1 170 121 48 3 0 8 3 24 2 1 0 49 1 6 0 1 182 16 1 30 1 3 18 19 0 0 0 16 6 21 0 121 0 0 2 58 10 4 0 0 0 9
15 0 29 667 2 2565 2159 668 41 0 11 1818 94 637 18 0 2 0 3 961 0 0 2 16 0 2 0 1034 192 5 0 0 1 176 0 0 0 0 0 3 0 0 20 0 0 42 0 0 7 0 0 0 0 7 0 0 0 59 0 0 0 0 0 0 0 0 0 0
7 0 1 0 44 63 7 24 2 11 0 88 845 65 29 0 26 1851 374 2 1 0 2 2 36 659 62 1 270 3 56 211 1 1094 0 2 0 0 0 0 0 0 0 0 12 0 72 0 0 0 0 0 0 0 0 0 0 0 2 12 20 0 0 0 19 2 0 1
1 0 0 1565 69 3888 18 192 396 1818 88 0 107 91 792 0 1 7 4 1611 0 0 0 531 2 3 3 162 84 2 0 3 0 107 0 0 0 60 3 8 0 0 20 18 0 395 0 1 14 1 0 0 0 53 0 0 0 28 0 0 0 38 0 1 0 0 0 11
0 62 0 34 421 59 9 38 30 94 845 107 0 5 119 0 1 24 11 27 3 37 5 16 1325 141 894 38 19 0 396 277 0 538 0 24 0 7 2 3 0 5 5 5 84 13 674 2 8 0 0 0 0 21 0 6 0 0 194 42 121 3 2 0 117 10 0 134
1181 2 71 7 1 71 2042 2855 3 637 65 91 5 0 4 0 241 19 22 10 4 1 83 4 0 41 26 23 2279 449 1 156 3 75 0 0 0 0 0 0 0 0 3 0 0 0 0 0 0 0 0 0 0 0 0 0 0 0 0 0 0 0 0 0 0 0 0 0
0 1 0 34 922 1135 3 37 362 18 29 792 119 4 0 0 0 3 0 10 1 16 1 138 2 3 9 34 23 2 0 15 0 17 0 0 0 15 3 2 0 0 2 2 0 10 1 0 9 1 0 0 0 9 0 1 0 10 0 0 0 23 0 0 0 0 0 11
0 9 0 0 0 0 0 0 0 0 0 0 0 0 0 0 0 0 0 0 490 705 1305 360 0 0 1206 19 0 0 0 0 0 0 0 2 3 0 0 0 0 0 0 0 0 0 0 0 0 656 0 0 0 0 25 52 326 17 0 0 286 3 1 0 0 0 0 1
144 5 1472 0 0 17 43 217 0 2 26 1 1 241 0 0 0 28 1779 0 71 0 1487 3 0 955 474 8 144 265 0 0 6 1566 0 0 7 0 0 0 0 0 0 0 0 0 0 0 0 0 0 0 0 0 0 0 1 0 0 1 14 0 0 0 0 0 0 0
5 0 1 0 0 9 1 4 0 0 1851 7 24 19 3 0 28 0 862 0 0 0 3 0 0 535 14 0 55 0 0 1 0 152 0 0 0 0 0 0 0 0 0 0 0 0 0 0 0 0 0 0 0 0 0 0 0 0 0 0 0 0 0 0 1 0 0 0
15 3 22 0 2 5 4 9 0 3 374 4 11 22 0 0 1779 862 0 0 16 0 15 0 0 1420 133 6 84 15 0 0 1 618 0 0 1 0 0 0 0 0 0 0 1 0 0 0 0 0 0 0 0 0 0 0 0 0 0 3 5 0 0 0 0 0 0 1
1 0 0 2504 2 33 3 5 42 961 2 1611 27 10 10 0 0 0 0 0 0 0 0 122 0 0 0 125 14 0 0 0 0 19 0 0 0 3 0 4 0 0 12 0 0 38 0 0 13 0 0 0 0 10 0 0 0 36 0 0 0 6 0 1 0 0 0 3
1 5 73 0 6 0 9 5 0 0 1 0 3 4 1 490 71 0 16 0 0 16 7224 20 0 3 253 1163 24 2784 0 0 12 923 0 1 0 0 0 0 0 0 0 0 0 0 0 0 1 102 0 0 0 0 7 13 6 3 0 0 3 3 0 1 0 0 0 0
0 383 0 1 8 2 0 0 562 0 0 0 37 1 16 705 0 0 0 0 16 0 0 1325 187 0 603 15 0 1 0 0 0 2 0 29 3 0 0 0 0 0 2 0 0 0 3 0 0 179 0 0 0 0 14 188 16 36 4 2 83 10 0 0 0 0 0 3
20 2 2478 0 9 14 135 57 1 2 2 0 5 83 1 1305 1487 3 15 0 7224 0 0 38 0 75 3338 435 47 704 0 0 2 1448 0 1 8 0 0 0 0 0 0 0 0 0 0 0 0 259 0 0 0 0 4 8 255 0 0 0 278 2 0 0 0 0 0 0
0 121 6 709 25 18 51 1 2998 16 2 531 16 4 138 360 3 0 0 122 20 1325 38 0 118 0 956 1586 140 8 0 0 18 61 4 4 0 56 1 7 0 0 153 18 0 54 0 1 7 235 0 0 0 108 55 119 37 525 2 0 44 142 25 19 0 0 8 47
0 493 0 0 2 3 0 0 96 0 36 2 1325 0 2 0 0 0 0 0 0 187 0 118 0 2 1296 0 2 0 8 15 0 5 0 48 0 0 2 0 0 0 0 0 106 0 229 0 0 0 0 0 0 0 0 9 0 0 375 33 149 0 11 0 40 29 0 21
31 11 3384 0 1 12 51 13 1 2 659 3 141 41 3 0 955 535 1420 0 3 0 75 0 2 0 4169 5 152 18 373 5 2 251 0 9 33 0 0 0 0 0 0 0 13 0 97 0 0 0 12 0 6 0 0 1 0 0 13 241 367 0 0 0 78 0 0 7
4 1968 4567 0 1 2 3 3 170 0 62 3 894 26 9 1206 474 14 133 0 253 603 3338 956 1296 4169 0 375 92 5 205 1 3 827 0 311 287 0 0 0 0 0 1 0 15 0 169 0 0 167 40 0 8 0 0 102 263 2 160 632 4418 1 0 0 112 0 0 41
2 2 248 1333 10 42 6071 12 121 1034 1 162 38 23 34 19 8 0 6 125 1163 15 435 1586 0 5 375 0 228 1454 0 2 40 344 3 2 0 3 1 1 0 0 30 2 0 66 0 0 11 42 0 0 0 44 13 16 7 184 0 0 3 32 3 17 0 0 2 13
991 4 6 27 16 73 114 64 48 192 270 84 19 2279 23 0 144 55 84 14 24 0 47 140 2 152 92 228 0 1830 3 100 1185 1370 0 0 0 0 0 0 0 0 15 0 0 0 0 0 2 3 0 0 0 0 1 0 1 21 1 0 0 12 2 2 0 0 0 4
692 0 130 0 3 7 1742 126 3 5 3 2 0 449 2 0 265 0 15 0 2784 1 704 8 0 18 5 1454 1830 0 0 0 349 1020 0 0 0 0 0 0 0 0 2 0 0 0 0 0 0 0 0 0 0 0 0 1 0 3 0 0 0 3 0 1 0 0 0 1
0 1 0 0 0 0 0 1 0 0 56 0 396 1 0 0 0 0 0 0 0 0 0 0 8 373 205 0 3 0 0 0 0 7 0 4 0 0 0 0 0 0 0 0 8 0 102 0 0 0 0 0 0 0 0 2 0 0 9 12 32 0 0 0 53 1 0 0
2 0 0 0 246 29 1 166 8 0 211 3 277 156 15 0 0 1 0 0 0 0 0 0 15 5 1 2 100 0 0 0 0 304 0 0 0 0 0 0 0 0 0 0 2 0 0 0 0 0 0 0 0 0 0 0 0 0 0 0 0 0 0 0 0 0 0 2
0 0 0 0 1 2 2 0 3 1 1 0 0 3 0 0 6 0 1 0 12 0 2 18 0 2 3 40 1185 349 0 0 0 473 0 0 0 0 0 0 0 0 0 0 0 0 0 0 0 1 0 0 0 0 0 0 0 2 0 0 0 0 1 0 0 0 0 0
25 8 55 37 252 43 89 46 24 176 1094 107 538 75 17 0 1566 152 618 19 923 2 1448 61 5 251 827 344 1370 1020 7 304 473 0 1 4 9 0 0 1 1 0 11 0 0 4 3 0 0 6 0 0 0 2 13 4 2 61 3 15 93 34 10 7 2 0 1 4
0 0 0 0 0 0 0 0 2 0 0 0 0 0 0 0 0 0 0 0 0 0 0 4 0 0 0 3 0 0 0 0 0 1 0 0 6 6 0 12 162 130 7 16 28 5 0 1327 5 0 9 11 11 2 1 1 1 12 0 15 1 27 1276 470 0 0 2 40
0 110 6 0 0 0 0 0 1 0 2 0 24 0 0 2 0 0 0 0 1 29 1 4 48 9 311 2 0 0 4 0 0 4 0 0 2 0 0 0 0 0 99 0 1 0 58 1 1 3 1 1 0 0 0 539 2 111 429 15 2674 1 1 0 2 2 0 20
0 7 152 0 0 0 0 0 0 0 0 0 0 0 0 3 7 0 1 0 0 3 8 0 0 33 287 0 0 0 0 0 0 9 6 2 0 0 0 37 517 118 0 16 2 0 0 89 0 2 1966 0 19 0 15 0 2008 5 0 2241 3390 140 2 7 0 1 0 27
0 0 0 107 0 0 0 0 49 0 0 60 7 0 15 0 0 0 0 3 0 0 0 56 0 0 0 3 0 0 0 0 0 0 6 0 0 0 4 44 5 13 109 1746 0 1963 0 11 22 0 0 0 0 3004 0 0 0 1145 0 0 0 2090 47 0 0 0 0 102
0 0 0 0 1 0 0 0 1 0 0 3 2 0 3 0 0 0 0 0 0 0 0 1 2 0 0 1 0 0 0 0 0 0 0 0 0 4 0 463 0 5 78 1 12 16 15 0 978 0 0 0 0 0 0 4 0 32 7 1 0 3 0 0 0 203 0 136
0 0 0 2 0 3 1 0 6 3 0 8 3 0 2 0 0 0 0 4 0 0 0 7 0 0 0 1 0 0 0 0 0 1 12 0 37 44 463 0 179 2447 83 2434 36 3798 0 75 726 0 0 10 0 161 1 2 4 59 2 13 1 184 48 0 0 44 0 59
0 0 0 0 0 0 0 0 0 0 0 0 0 0 0 0 0 0 0 0 0 0 0 0 0 0 0 0 0 0 0 0 0 1 162 0 517 5 0 179 0 631 6 1787 18 5 0 2719 6 0 238 2 26 4 19 2 492 88 0 46 21 4240 95 2624 0 0 2 52
0 0 0 0 0 0 0 0 1 0 0 0 5 0 0 0 0 0 0 0 0 0 0 0 0 0 0 0 0 0 0 0 0 0 130 0 118 13 5 2447 631 0 28 512 28 133 1 3364 67 0 45 22 1 18 1 1 29 16 1 33 7 12 86 33 1 67 0 108
0 1 0 42 1 2 5 0 182 20 0 20 5 3 2 0 0 0 0 12 0 2 0 153 0 0 1 30 15 2 0 0 0 11 7 99 0 109 78 83 6 28 0 16 12 334 47 14 259 1 0 0 0 32 1 492 0 2830 91 3 239 134 59 4 0 2 5 44
0 0 0 0 0 0 0 0 16 0 0 18 5 0 2 0 0 0 0 0 0 0 0 18 0 0 0 2 0 0 0 0 0 0 16 0 16 1746 1 2434 1787 512 16 0 17 1594 0 148 16 0 0 0 0 1333 0 0 7 54 1 0 0 2601 160 1 0 2 2 257
0 6 0 0 0 1 0 0 1 0 12 0 84 0 0 0 0 0 1 0 0 0 0 0 106 13 15 0 0 0 8 2 0 0 28 1 2 0 12 36 18 28 12 17 0 85 427 98 6 0 46 1494 208 1 4 1 2 11 171 890 6 0 476 24 240 233 1 1590
0 0 0 164 3 43 3 2 30 42 0 395 13 0 10 0 0 0 0 38 0 0 0 54 0 0 0 66 0 0 0 0 0 4 5 0 0 1963 16 3798 5 133 334 1594 85 0 1 76 652 0 0 21 0 2141 0 1 0 462 1 5 1 347 124 0 0 4 3 258
0 9 0 0 0 0 0 0 1 0 72 0 674 0 1 0 0 0 0 0 0 3 0 0 229 97 169 0 0 0 102 0 0 3 0 58 0 0 15 0 0 1 47 0 427 1 0 3 10 0 0 0 0 0 0 37 0 10 1146 20 712 0 44 0 531 89 0 277
0 0 0 0 0 1 0 0 3 0 0 1 2 0 0 0 0 0 0 0 0 0 0 1 0 0 0 0 0 0 0 0 0 0 1327 1 89 11 0 75 2719 3364 14 148 98 76 3 0 13 0 105 21 10 29 2 1 25 30 3 35 5 85 2289 749 2 98 6 130
0 0 0 14 1 6 0 0 18 7 0 14 8 0 9 0 0 0 0 13 1 0 0 7 0 0 0 11 2 0 0 0 0 0 5 1 0 22 978 726 6 67 259 16 6 652 10 13 0 3 0 2 0 7 4 1 6 153 1 5 9 39 30 1 0 16 0 34
0 2 3 0 0 0 0 0 19 0 0 1 0 0 1 656 0 0 0 0 102 179 259 235 0 0 167 42 3 0 0 0 1 6 0 3 2 0 0 0 0 0 1 0 0 0 0 0 3 0 1 0 0 0 903 848 937 1318 0 0 1296 326 0 0 0 0 0 6
0 4 15 0 0 0 0 0 0 0 0 0 0 0 0 0 0 0 0 0 0 0 0 0 0 12 40 0 0 0 0 0 0 0 9 1 1966 0 0 0 238 45 0 0 46 0 0 105 0 1 0 27 1689 0 39 0 743 1 0 398 425 33 7 226 0 0 0 976
0 0 0 0 0 0 0 0 0 0 0 0 0 0 0 0 0 0 0 0 0 0 0 0 0 0 0 0 0 0 0 0 0 0 11 1 0 0 0 10 2 22 0 0 1494 21 0 21 2 0 27 0 832 0 0 0 5 0 0 585 19 0 12 13 0 63 0 168
0 2 3 0 0 0 0 0 0 0 0 0 0 0 0 0 0 0 0 0 0 0 0 0 0 6 8 0 0 0 0 0 0 0 11 0 19 0 0 0 26 1 0 0 208 0 0 10 0 0 1689 832 0 0 4 0 11 0 0 1967 57 1 17 100 0 0 0 503
0 0 0 71 0 6 1 0 16 7 0 53 21 0 9 0 0 0 0 10 0 0 0 108 0 0 0 44 0 0 0 0 0 2 2 0 0 3004 0 161 4 18 32 1333 1 2141 0 29 7 0 0 0 0 0 0 0 0 118 0 0 0 187 44 1 0 0 1 93
0 0 0 0 0 0 0 0 6 0 0 0 0 0 0 25 0 0 0 0 7 14 4 55 0 0 0 13 1 0 0 0 0 13 1 0 15 0 0 1 19 1 1 0 4 0 0 2 4 903 39 0 4 0 0 5 6130 18 0 1 27 2307 8 2087 0 0 7 879
0 6 5 1 2 0 6 0 21 0 0 0 6 0 1 52 0 0 0 0 13 188 8 119 9 1 102 16 0 1 2 0 0 4 1 539 0 0 4 2 2 1 492 0 1 1 37 1 1 848 0 0 0 0 5 0 11 985 98 4 703 16 1 1 0 0 0 5
0 1 2 0 0 0 0 0 0 0 0 0 0 0 0 326 1 0 0 0 6 16 255 37 0 0 263 7 1 0 0 0 0 2 1 2 2008 0 0 4 492 29 0 7 2 0 0 25 6 937 743 5 11 0 6130 11 0 75 0 26 2969 851 1 320 0 0 0 945
1 1 0 127 0 21 8 0 121 59 0 28 0 0 10 17 0 0 0 36 3 36 0 525 0 0 2 184 21 3 0 0 2 61 12 111 5 1145 32 59 88 16 2830 54 11 462 10 30 153 1318 1 0 0 118 18 985 75 0 44 0 441 2559 128 11 0 2 13 74
0 13 0 0 0 0 0 0 0 0 2 0 194 0 0 0 0 0 0 0 0 4 0 2 375 13 160 0 1 0 9 0 0 3 0 429 0 0 7 2 0 1 91 1 171 1 1146 3 1 0 0 0 0 0 0 98 0 44 0 8 1330 1 17 0 13 63 0 224
0 42 17 0 0 0 0 0 0 0 12 0 42 0 0 0 1 0 3 0 0 2 0 0 33 241 632 0 0 0 12 0 0 15 15 15 2241 0 1 13 46 33 3 0 890 5 20 35 5 0 398 585 1967 0 1 4 26 0 8 0 3324 1 16 12 658 50 3 312
0 330 251 0 0 0 0 0 2 0 20 0 121 0 0 286 14 0 5 0 3 83 278 44 149 367 4418 3 0 0 32 0 0 93 1 2674 3390 0 0 1 21 7 239 0 6 1 712 5 9 1296 425 19 57 0 27 703 2969 441 1330 3324 0 74 3 5 320 1 2 441
1 0 0 4 0 35 0 0 58 0 0 38 3 0 23 3 0 0 0 6 3 10 2 142 0 0 1 32 12 3 0 0 0 34 27 1 140 2090 3 184 4240 12 134 2601 0 347 0 85 39 326 33 0 1 187 2307 16 851 2559 1 1 74 0 223 1221 0 0 22 323
0 1 0 0 0 3 0 0 10 0 0 0 2 0 0 1 0 0 0 0 0 0 0 25 11 0 0 3 2 0 0 0 1 10 1276 1 2 47 0 48 95 86 59 160 476 124 44 2289 30 0 7 12 17 44 8 1 1 128 17 16 3 223 0 1256 2 112 1412 1298
0 0 0 1 0 1 0 0 4 0 0 1 0 0 0 0 0 0 0 1 1 0 0 19 0 0 0 17 2 1 0 0 0 7 470 0 7 0 0 0 2624 33 4 1 24 0 0 749 1 0 226 13 100 1 2087 1 320 11 0 12 5 1221 1256 0 0 0 188 1211
0 5 0 0 0 0 0 0 0 0 19 0 117 0 0 0 0 1 0 0 0 0 0 0 40 78 112 0 0 0 53 0 0 2 0 2 0 0 0 0 0 1 0 0 240 0 531 2 0 0 0 0 0 0 0 0 0 0 13 658 320 0 2 0 0 18 0 16
0 1 0 0 0 0 0 0 0 0 2 0 10 0 0 0 0 0 0 0 0 0 0 0 29 0 0 0 0 0 1 0 0 0 0 2 1 0 203 44 0 67 2 2 233 4 89 98 16 0 0 63 0 0 0 0 0 2 63 50 1 0 112 0 18 0 0 512
0 0 0 0 0 1 1 0 0 0 0 0 0 0 0 0 0 0 0 0 0 0 0 8 0 0 0 2 0 0 0 0 0 1 2 0 0 0 0 0 2 0 5 2 1 3 0 6 0 0 0 0 0 1 7 0 0 13 0 3 2 22 1412 188 0 0 0 392
0 3 5 0 0 7 1 2 9 0 1 11 134 0 11 1 0 0 1 3 0 3 0 47 21 7 41 13 4 1 0 2 0 4 40 20 27 102 136 59 52 108 44 257 1590 258 277 130 34 6 976 168 503 93 879 5 945 74 224 312 441 323 1298 1211 16 512 392 0
