0 0 10 1 0 2 254 87 1 7 4 0 2 1105 0 0 94 2 17 0 0 0 3 1 0 15 8 1 569 371 2 0 1 9 0 0 0 0 0 0 0 0 0 0 0 0 0 0 0 0 0 0 0 0 0 0 0 2 0 0 0 1 0 0 0 0 0 0
0 0 0 0 0 0 1 0 58 0 0 0 77 0 0 2 0 0 2 0 0 343 0 75 448 2 1848 2 1 1 0 0 1 0 0 49 1 0 0 0 0 0 11 0 0 0 6 0 0 13 0 0 0 0 0 73 0 3 5 6 102 2 0 0 0 0 0 1
10 0 0 0 0 1 260 31 0 7 3 0 3 45 0 0 1535 4 11 0 149 0 2307 1 0 1580 3593 86 3 166 0 0 0 71 0 9 112 0 0 0 0 0 0 0 2 0 9 0 0 0 16 1 3 0 0 1 9 0 0 54 346 0 0 0 2 0 0 8
1 0 0 0 8 62 5 14 109 714 1 578 2 0 28 0 0 0 0 1927 0 2 0 627 0 0 0 1840 8 0 0 1 0 35 0 0 0 51 0 4 0 0 20 1 0 51 0 0 10 0 0 0 0 48 0 0 0 193 0 0 0 11 1 0 0 0 0 0
0 0 0 8 0 176 4 0 63 9 1 72 17 1 684 0 0 0 0 6 21 0 5 52 0 0 0 16 0 1 0 66 0 364 0 0 0 0 0 3 0 0 2 0 0 0 0 0 1 1 0 0 0 0 0 0 0 2 0 0 0 0 0 0 0 0 0 0
2 0 1 62 176 0 189 2179 64 1504 47 2850 27 157 1089 0 0 2 0 58 0 0 2 22 1 1 2 81 43 2 0 8 0 136 0 0 0 0 1 24 0 3 5 0 7 22 2 0 3 2 0 0 0 1 0 0 0 48 0 0 0 31 0 0 0 0 0 2
254 1 260 5 4 189 0 450 8 2036 37 9 5 1062 19 0 83 6 8 4 16 1 96 57 0 18 2 4490 135 1812 0 0 6 83 0 0 0 0 0 0 1 0 3 0 1 8 0 0 2 0 0 0 0 1 0 1 0 18 0 0 0 27 0 0 0 0 0 0
87 0 31 14 0 2179 450 0 9 511 17 306 4 2641 25 0 80 1 2 27 0 0 4 12 1 9 2 33 66 64 0 23 0 35 0 0 0 0 1 6 0 3 1 0 4 1 0 0 0 0 0 0 0 0 0 0 0 7 0 0 0 0 0 0 0 0 0 1
1 58 0 109 63 64 8 9 0 49 9 273 19 1 458 0 0 0 1 132 0 539 0 2417 48 3 283 131 13 1 0 5 2 14 0 3 0 23 0 4 2 2 163 14 6 14 0 1 7 4 0 0 0 10 1 3 0 108 1 0 0 92 1 0 0 1 0 1
7 0 7 714 9 1504 2036 511 49 0 34 966 13 176 31 0 2 0 0 998 0 0 0 36 0 0 0 1675 94 5 0 2 0 177 0 0 0 0 0 3 1 0 14 0 2 66 0 0 11 0 0 0 0 3 0 0 0 119 0 0 0 3 0 0 0 0 0 0
4 0 3 1 1 47 37 17 9 34 0 54 969 57 1 0 4 1103 703 13 12 0 2 4 70 844 12 24 189 18 50 99 8 1284 0 17 0 0 0 0 0 0 0 0 60 0 254 0 0 0 0 0 1 0 0 2 0 0 19 29 45 0 1 0 22 15 0 6
0 0 0 578 72 2850 9 306 273 966 54 0 13 22 716 0 0 4 0 1514 0 0 0 239 0 2 0 95 33 0 0 3 0 161 0 0 0 84 2 134 0 0 6 38 3 199 0 0 13 0 0 0 0 17 1 0 0 32 0 0 0 45 0 0 0 0 0 0
2 77 3 2 17 27 5 4 19 13 969 13 0 2 7 3 0 3 3 10 7 32 5 9 768 60 373 28 14 0 357 22 1 592 0 13 0 1 2 3 1 6 6 4 184 9 568 0 2 1 0 0 0 3 0 4 0 5 97 61 183 5 3 0 74 13 0 18
1105 0 45 0 1 157 1062 2641 1 176 57 22 2 0 0 0 185 4 13 0 1 0 13 4 0 34 3 28 1470 528 3 124 2 54 0 0 0 0 0 2 0 0 1 0 1 1 2 0 0 0 0 0 0 0 0 0 0 4 1 0 0 0 0 0 0 0 0 0
0 0 0 28 684 1089 19 25 458 31 1 716 7 0 0 1 0 0 0 30 27 3 8 233 0 0 1 118 6 0 0 8 1 30 0 0 0 12 2 3 0 0 2 3 1 15 0 0 3 0 0 0 0 7 0 0 0 9 0 0 0 7 0 0 0 0 0 1
0 2 0 0 0 0 0 0 0 0 0 0 3 0 1 0 0 0 0 0 363 1066 984 439 1 0 422 179 1 0 0 0 0 3 0 0 0 0 0 0 0 0 15 0 0 0 0 0 0 787 0 0 0 0 61 106 198 120 0 0 15 44 0 3 0 0 1 0
94 0 1535 0 0 0 83 80 0 2 4 0 0 185 0 0 0 20 1040 0 27 0 1489 0 0 832 541 11 104 350 0 0 7 1388 0 1 12 0 0 0 0 0 0 0 0 0 4 0 0 0 1 0 1 0 0 0 3 0 0 18 81 0 0 0 2 0 0 0
2 0 4 0 0 2 6 1 0 0 1103 4 3 4 0 0 20 0 781 1 0 0 1 0 0 163 3 0 8 3 0 0 2 44 0 0 0 0 0 0 0 0 0 0 2 0 2 0 0 0 0 0 0 0 0 0 0 0 0 1 2 0 0 0 1 0 0 0
17 2 11 0 0 0 8 2 1 0 703 0 3 13 0 0 1040 781 0 0 7 0 7 2 0 1737 206 10 30 28 0 0 6 1006 0 7 1 0 0 0 0 0 0 0 3 0 7 0 0 0 2 0 1 0 0 0 0 0 1 17 46 0 0 0 1 0 0 0
0 0 0 1927 6 58 4 27 132 998 13 1514 10 0 30 0 0 1 0 0 0 0 0 174 0 0 0 315 7 0 0 0 0 27 0 0 0 22 0 10 0 0 12 7 0 33 0 1 19 0 0 0 0 25 2 0 0 139 0 0 0 44 0 0 0 0 0 0
0 0 149 0 21 0 16 0 0 0 12 0 7 1 27 363 27 0 7 0 0 23 6457 20 0 5 33 2277 10 1991 0 0 12 1278 1 0 0 0 0 0 0 0 3 0 3 0 0 0 0 30 0 0 0 0 24 18 4 52 0 0 2 21 1 3 0 0 1 2
0 343 0 2 0 0 1 0 539 0 0 0 32 0 3 1066 0 0 0 0 23 0 6 1070 77 3 677 50 3 0 0 0 1 1 0 7 1 0 0 0 0 0 130 0 0 1 0 0 1 109 0 0 0 0 2 87 4 81 3 2 47 17 1 0 0 0 1 0
3 0 2307 0 5 2 96 4 0 0 2 0 5 13 8 984 1489 1 7 0 6457 6 0 51 0 42 3037 545 20 483 0 0 2 1448 0 0 17 0 0 0 0 0 1 0 1 0 0 0 0 245 1 0 0 0 13 19 155 16 0 0 156 9 0 1 0 0 0 2
1 75 1 627 52 22 57 12 2417 36 4 239 9 4 233 439 0 0 2 174 20 1070 51 0 54 0 438 2633 30 1 0 1 3 36 1 4 0 68 0 18 6 2 173 35 1 48 0 0 26 24 0 0 0 51 15 53 4 736 0 0 2 415 4 3 0 0 0 11
0 448 0 0 0 1 0 1 48 0 70 0 768 0 0 1 0 0 0 0 0 77 0 54 0 5 1118 0 1 0 4 4 0 18 0 93 0 0 0 0 0 0 0 0 17 0 103 0 0 0 0 0 0 0 0 7 0 1 140 9 139 0 1 0 7 2 0 1
15 2 1580 0 0 1 18 9 3 0 844 2 60 34 0 0 832 163 1737 0 5 3 42 0 5 0 2295 3 19 18 253 0 4 179 0 49 7 0 0 0 0 0 0 0 19 0 155 0 0 0 11 2 12 0 0 2 0 0 6 240 582 0 0 0 41 1 0 2
8 1848 3593 0 0 2 2 2 283 0 12 0 373 3 1 422 541 3 206 0 33 677 3037 438 1118 2295 0 176 14 5 57 0 5 870 0 413 297 0 0 0 0 0 26 0 20 0 107 0 0 682 20 0 12 0 5 404 303 23 58 237 3539 7 1 0 22 1 0 8
1 2 86 1840 16 81 4490 33 131 1675 24 95 28 28 118 179 11 0 10 315 2277 50 545 2633 0 3 176 0 259 2016 0 1 37 358 0 0 0 11 0 7 5 0 58 2 1 85 1 0 26 18 0 0 0 31 15 14 3 489 0 0 2 172 4 3 0 0 1 6
569 1 3 8 0 43 135 66 13 94 189 33 14 1470 6 1 104 8 30 7 10 3 20 30 1 19 14 259 0 2224 1 70 825 936 0 0 0 0 0 4 0 0 6 0 3 0 2 0 1 2 0 0 0 0 0 2 0 18 0 0 0 12 0 0 0 0 0 1
371 1 166 0 1 2 1812 64 1 5 18 0 0 528 0 0 350 3 28 0 1991 0 483 1 0 18 5 2016 2224 0 0 0 386 768 0 0 0 0 0 0 0 0 2 0 0 0 0 0 0 2 0 0 0 0 1 0 0 8 0 0 1 10 0 0 0 0 0 0
2 0 0 0 0 0 0 0 0 0 50 0 357 3 0 0 0 0 0 0 0 0 0 0 4 253 57 0 1 0 0 1 2 16 0 1 0 0 0 0 0 0 0 0 4 0 77 0 0 0 0 0 0 0 0 0 0 0 4 18 62 0 0 0 20 0 0 0
0 0 0 1 66 8 0 23 5 2 99 3 22 124 8 0 0 0 0 0 0 0 0 1 4 0 0 1 70 0 1 0 0 410 0 0 0 0 0 0 0 0 0 0 3 0 2 0 0 0 0 0 0 0 0 0 0 0 0 0 0 0 0 0 0 0 0 0
1 1 0 0 0 0 6 0 2 0 8 0 1 2 1 0 7 2 6 0 12 1 2 3 0 4 5 37 825 386 2 0 0 663 0 0 0 0 0 0 0 0 0 0 1 0 0 0 0 0 0 0 0 0 1 0 0 1 0 0 0 1 0 0 0 0 0 0
9 0 71 35 364 136 83 35 14 177 1284 161 592 54 30 3 1388 44 1006 27 1278 1 1448 36 18 179 870 358 936 768 16 410 663 0 0 3 9 0 1 6 1 4 8 0 58 5 17 0 4 7 0 0 1 0 0 2 11 25 1 8 58 18 2 0 1 7 0 3
0 0 0 0 0 0 0 0 0 0 0 0 0 0 0 0 0 0 0 0 1 0 0 1 0 0 0 0 0 0 0 0 0 0 0 0 1 2 0 3 639 95 2 13 11 0 1 788 1 0 3 2 5 1 2 0 2 1 0 10 1 23 1423 385 0 0 30 31
0 49 9 0 0 0 0 0 3 0 17 0 13 0 0 0 1 0 7 0 0 7 0 4 93 49 413 0 0 0 1 0 0 3 0 0 0 0 0 1 0 0 126 0 2 0 38 0 1 1 1 0 1 0 0 509 0 106 718 9 1521 0 0 1 0 0 1 7
0 1 112 0 0 0 0 0 0 0 0 0 0 0 0 0 12 0 1 0 0 1 17 0 0 7 297 0 0 0 0 0 0 9 1 0 0 0 0 0 98 14 0 1 0 1 0 12 0 0 1418 0 6 0 30 0 1538 0 0 1862 2333 62 2 1 0 0 0 16
0 0 0 51 0 0 0 0 23 0 0 84 1 0 12 0 0 0 0 22 0 0 0 68 0 0 0 11 0 0 0 0 0 0 2 0 0 0 17 25 8 13 90 561 8 613 0 5 40 0 0 0 0 3303 0 0 0 709 0 0 0 1322 22 0 0 0 0 29
0 0 0 0 0 1 0 1 0 0 0 2 2 0 2 0 0 0 0 0 0 0 0 0 0 0 0 0 0 0 0 0 0 1 0 0 0 17 0 141 1 2 72 2 21 69 2 0 895 0 0 0 0 13 0 1 0 62 0 0 0 26 0 0 0 225 0 146
0 0 0 4 3 24 0 6 4 3 0 134 3 2 3 0 0 0 0 10 0 0 0 18 0 0 0 7 4 0 0 0 0 6 3 1 0 25 141 0 182 1321 59 2577 49 1845 7 21 1051 0 0 0 0 61 0 0 1 61 0 2 0 365 19 1 1 86 1 47
0 0 0 0 0 0 1 0 2 1 0 0 1 0 0 0 0 0 0 0 0 0 0 6 0 0 0 5 0 0 0 0 0 1 639 0 98 8 1 182 0 854 5 1487 26 5 3 1693 15 0 222 1 23 0 14 0 140 22 0 49 5 4772 203 1385 0 0 19 157
0 0 0 0 0 3 0 3 2 0 0 0 6 0 0 0 0 0 0 0 0 0 0 2 0 0 0 0 0 0 0 0 0 4 95 0 14 13 2 1321 854 0 12 885 36 82 3 2367 21 0 12 3 0 22 0 0 4 13 0 18 6 164 88 71 1 97 3 71
0 11 0 20 2 5 3 1 163 14 0 6 6 1 2 15 0 0 0 12 3 130 1 173 0 0 26 58 6 2 0 0 0 8 2 126 0 90 72 59 5 12 0 57 10 120 12 4 281 2 0 0 2 25 0 456 0 1988 86 1 179 147 4 0 0 21 0 15
0 0 0 1 0 0 0 0 14 0 0 38 4 0 3 0 0 0 0 7 0 0 0 35 0 0 0 2 0 0 0 0 0 0 13 0 1 561 2 2577 1487 885 57 0 56 1168 1 42 52 0 0 0 1 1107 0 0 0 54 0 0 0 2340 123 2 0 2 1 148
0 0 2 0 0 7 1 4 6 2 60 3 184 1 1 0 0 2 3 0 3 0 1 1 17 19 20 1 3 0 4 3 1 58 11 2 0 8 21 49 26 36 10 56 0 106 1078 61 14 0 25 757 614 25 4 2 4 15 50 507 23 48 415 13 55 420 4 1268
0 0 0 51 0 22 8 1 14 66 0 199 9 1 15 0 0 0 0 33 0 1 0 48 0 0 0 85 0 0 0 0 0 5 0 0 1 613 69 1845 5 82 120 1168 106 0 4 28 631 0 0 0 4 1563 0 0 0 246 0 1 0 214 44 0 0 20 0 153
0 6 9 0 0 2 0 0 0 0 254 0 568 2 0 0 4 2 7 0 0 0 0 0 103 155 107 1 2 0 77 2 0 17 1 38 0 0 2 7 3 3 12 1 1078 4 0 2 28 0 0 0 0 0 0 12 1 3 645 77 880 2 13 0 468 67 0 58
0 0 0 0 0 0 0 0 1 0 0 0 0 0 0 0 0 0 0 1 0 0 0 0 0 0 0 0 0 0 0 0 0 0 788 0 12 5 0 21 1693 2367 4 42 61 28 2 0 11 0 26 5 4 8 1 0 7 3 0 23 5 32 1855 248 2 28 5 83
0 0 0 10 1 3 2 0 7 11 0 13 2 0 3 0 0 0 0 19 0 1 0 26 0 0 0 26 1 0 0 0 0 4 1 1 0 40 895 1051 15 21 281 52 14 631 28 11 0 1 0 0 0 35 15 1 6 134 0 0 1 128 2 3 0 59 0 11
0 13 0 0 1 2 0 0 4 0 0 0 1 0 0 787 0 0 0 0 30 109 245 24 0 0 682 18 2 2 0 0 0 7 0 1 0 0 0 0 0 0 2 0 0 0 0 0 1 0 0 0 1 0 620 1435 978 1346 0 0 454 617 0 1 0 0 1 1
0 0 16 0 0 0 0 0 0 0 0 0 0 0 0 0 1 0 2 0 0 0 1 0 0 11 20 0 0 0 0 0 0 0 3 1 1418 0 0 0 222 12 0 0 25 0 0 26 0 0 0 8 999 0 15 1 1631 0 0 426 348 49 8 157 1 0 0 879
0 0 1 0 0 0 0 0 0 0 0 0 0 0 0 0 0 0 0 0 0 0 0 0 0 2 0 0 0 0 0 0 0 0 2 0 0 0 0 0 1 3 0 0 757 0 0 5 0 0 8 0 990 0 0 0 0 0 0 155 1 0 3 0 0 8 0 19
0 0 3 0 0 0 0 0 0 0 1 0 0 0 0 0 1 0 1 0 0 0 0 0 0 12 12 0 0 0 0 0 0 1 5 1 6 0 0 0 23 0 2 1 614 4 0 4 0 1 999 990 0 1 21 2 26 3 0 1814 101 18 6 35 0 0 3 826
0 0 0 48 0 1 1 0 10 3 0 17 3 0 7 0 0 0 0 25 0 0 0 51 0 0 0 31 0 0 0 0 0 0 1 0 0 3303 13 61 0 22 25 1107 25 1563 0 8 35 0 0 0 1 0 0 0 0 141 0 0 0 249 30 0 0 5 0 39
0 0 0 0 0 0 0 0 1 0 0 1 0 0 0 61 0 0 0 2 24 2 13 15 0 0 5 15 0 1 0 0 1 0 2 0 30 0 0 0 14 0 0 0 4 0 0 1 15 620 15 0 21 0 0 3 5567 33 0 1 9 1443 20 1732 0 0 15 831
0 73 1 0 0 0 1 0 3 0 2 0 4 0 0 106 0 0 0 0 18 87 19 53 7 2 404 14 2 0 0 0 0 2 0 509 0 0 1 0 0 0 456 0 2 0 12 0 1 1435 1 0 2 0 3 0 3 762 144 2 814 27 0 1 0 0 0 1
0 0 9 0 0 0 0 0 0 0 0 0 0 0 0 198 3 0 0 0 4 4 155 4 0 0 303 3 0 0 0 0 0 11 2 0 1538 0 0 1 140 4 0 0 4 0 1 7 6 978 1631 0 26 0 5567 3 0 36 0 52 1270 349 3 367 0 0 4 1040
2 3 0 193 2 48 18 7 108 119 0 32 5 4 9 120 0 0 0 139 52 81 16 736 1 0 23 489 18 8 0 0 1 25 1 106 0 709 62 61 22 13 1988 54 15 246 3 3 134 1346 0 0 3 141 33 762 36 0 22 3 344 3077 25 1 0 19 2 13
0 5 0 0 0 0 0 0 1 0 19 0 97 1 0 0 0 0 1 0 0 3 0 0 140 6 58 0 0 0 4 0 0 1 0 718 0 0 0 0 0 0 86 0 50 0 645 0 0 0 0 0 0 0 0 144 0 22 0 1 844 0 0 0 1 3 0 2
0 6 54 0 0 0 0 0 0 0 29 0 61 0 0 0 18 1 17 0 0 2 0 0 9 240 237 0 0 0 18 0 0 8 10 9 1862 0 0 2 49 18 1 0 507 1 77 23 0 0 426 155 1814 0 1 2 52 3 1 0 3158 9 28 8 245 27 2 82
0 102 346 0 0 0 0 0 0 0 45 0 183 0 0 15 81 2 46 0 2 47 156 2 139 582 3539 2 0 1 62 0 0 58 1 1521 2333 0 0 0 5 6 179 0 23 0 880 5 1 454 348 1 101 0 9 814 1270 344 844 3158 0 92 3 7 53 2 0 133
1 2 0 11 0 31 27 0 92 3 0 45 5 0 7 44 0 0 0 44 21 17 9 415 0 0 7 172 12 10 0 0 1 18 23 0 62 1322 26 365 4772 164 147 2340 48 214 2 32 128 617 49 0 18 249 1443 27 349 3077 0 9 92 0 264 1588 0 1 49 349
0 0 0 1 0 0 0 0 1 0 1 0 3 0 0 0 0 0 0 0 1 1 0 4 1 0 1 4 0 0 0 0 0 2 1423 0 2 22 0 19 203 88 4 123 415 44 13 1855 2 0 8 3 6 30 20 0 3 25 0 28 3 264 0 850 4 46 1157 836
0 0 0 0 0 0 0 0 0 0 0 0 0 0 0 3 0 0 0 0 3 0 1 3 0 0 0 3 0 0 0 0 0 0 385 1 1 0 0 1 1385 71 0 2 13 0 0 248 3 1 157 0 35 0 1732 1 367 1 0 8 7 1588 850 0 0 0 208 989
0 0 2 0 0 0 0 0 0 0 22 0 74 0 0 0 2 1 1 0 0 0 0 0 7 41 22 0 0 0 20 0 0 1 0 0 0 0 0 1 0 1 0 0 55 0 468 2 0 0 1 0 0 0 0 0 0 0 1 245 53 0 4 0 0 2 0 1
0 0 0 0 0 0 0 0 1 0 15 0 13 0 0 0 0 0 0 0 0 0 0 0 2 1 1 0 0 0 0 0 0 7 0 0 0 0 225 86 0 97 21 2 420 20 67 28 59 0 0 8 0 5 0 0 0 19 3 27 2 1 46 0 2 0 0 496
0 0 0 0 0 0 0 0 0 0 0 0 0 0 0 1 0 0 0 0 1 1 0 0 0 0 0 1 0 0 0 0 0 0 30 1 0 0 0 1 19 3 0 1 4 0 0 5 0 1 0 0 3 0 15 0 4 2 0 2 0 49 1157 208 0 0 0 287
0 1 8 0 0 2 0 1 1 0 6 0 18 0 1 0 0 0 0 0 2 0 2 11 1 2 8 6 1 0 0 0 0 3 31 7 16 29 146 47 157 71 15 148 1268 153 58 83 11 1 879 19 826 39 831 1 1040 13 2 82 133 349 836 989 1 496 287 0
