0 0 8 0 0 8 565 92 1 22 2 7 0 1609 1 1 32 1 4 2 4 0 41 7 0 28 6 19 942 205 0 0 2 10 0 0 0 0 0 0 0 0 1 0 0 0 0 0 0 0 0 0 0 0 1 0 1 4 0 0 0 3 0 0 0 0 0 1
0 0 1 0 0 2 0 0 36 0 0 0 57 0 3 15 4 0 3 0 0 297 1 158 309 4 1656 0 1 0 0 0 0 8 0 158 6 0 0 0 0 0 9 0 0 0 8 0 0 0 0 0 0 0 0 32 0 13 31 20 181 1 0 0 0 0 0 0
8 1 0 0 1 5 145 114 0 7 0 0 0 266 0 0 904 0 55 0 52 0 2055 1 0 1531 3750 19 20 47 0 0 0 149 0 9 170 0 0 0 0 0 1 0 0 0 0 0 0 3 9 0 0 0 0 4 21 0 0 130 544 0 0 0 0 0 0 8
0 0 0 0 12 10 7 2 113 406 1 666 7 3 28 0 0 0 0 2369 0 0 0 471 1 0 3 854 16 0 0 0 0 5 0 0 0 311 0 2 0 0 25 1 0 15 0 0 5 0 0 0 0 142 0 0 0 140 0 0 0 45 1 0 0 0 0 1
0 0 1 12 0 323 0 5 105 4 28 113 45 1 653 0 0 0 1 10 7 2 14 24 0 1 3 27 0 0 0 127 0 224 0 0 0 3 1 3 0 0 5 0 0 10 0 0 12 0 0 0 0 0 0 0 2 0 0 0 0 0 0 0 0 0 0 0
8 2 5 10 323 0 302 1806 90 2735 4 3810 23 57 697 0 5 4 4 27 0 1 1 35 0 2 1 202 52 2 0 36 0 12 0 0 0 12 3 2 8 0 3 3 1 97 0 2 6 0 0 0 0 10 1 0 0 28 0 0 0 46 3 0 0 0 0 4
565 0 145 7 0 302 0 651 4 1446 1 10 6 2847 5 0 24 0 3 0 123 1 366 103 0 10 0 5347 392 1006 0 0 8 53 0 0 0 0 0 0 2 0 2 0 1 0 0 0 0 1 0 0 0 0 0 0 0 6 0 0 0 4 0 0 0 0 0 1
92 0 114 2 5 1806 651 0 12 1138 13 286 26 2178 20 0 67 3 7 9 9 0 98 4 0 33 3 18 25 43 0 148 1 28 0 0 0 0 0 0 0 0 0 0 0 1 0 0 0 0 0 0 0 0 0 0 0 1 0 0 0 1 0 0 0 0 0 0
1 36 0 113 105 90 4 12 0 31 5 455 34 9 326 0 2 1 1 73 1 289 1 1447 106 6 302 147 20 0 0 7 1 46 1 8 0 39 0 4 1 1 170 11 0 309 1 0 0 1 0 0 0 15 0 0 1 94 3 0 8 57 3 0 0 0 1 2
22 0 7 406 4 2735 1446 1138 31 0 4 1636 26 519 26 0 1 0 2 535 1 0 4 29 0 2 0 1197 345 1 0 0 2 98 1 0 0 13 0 14 2 0 26 2 0 20 0 1 16 0 0 0 0 55 0 0 0 196 0 0 0 32 0 0 0 0 0 0
2 0 0 1 28 4 1 13 5 4 0 30 506 92 4 0 15 1065 349 1 1 0 3 1 3 716 8 3 132 0 43 151 0 770 0 0 0 0 0 0 0 0 0 0 11 0 57 0 0 0 0 0 0 0 0 0 0 0 1 13 10 0 0 0 12 0 0 0
7 0 0 666 113 3810 10 286 455 1636 30 0 47 144 531 0 0 2 3 1671 0 0 0 307 0 2 6 197 293 1 0 7 0 107 0 0 0 81 3 82 1 0 21 54 0 728 0 0 16 0 0 0 0 79 0 0 0 45 0 0 1 47 3 0 0 0 0 1
0 57 0 7 45 23 6 26 34 26 506 47 0 45 33 0 0 17 7 5 0 49 0 6 609 96 556 28 15 1 191 58 0 376 0 10 0 1 0 0 1 1 0 1 101 0 590 0 7 0 0 0 0 0 0 0 0 3 39 60 75 2 1 0 37 0 0 0
1609 0 266 3 1 57 2847 2178 9 519 92 144 45 0 6 0 155 24 32 25 18 0 279 18 1 95 12 78 1024 298 0 128 0 75 0 0 0 0 0 0 0 0 2 0 0 0 0 0 0 4 0 0 0 0 0 0 0 7 0 0 1 3 0 0 0 0 0 0
1 3 0 28 653 697 5 20 326 26 4 531 33 6 0 2 0 0 0 15 37 15 33 70 2 1 19 98 13 5 0 47 2 40 0 2 0 29 8 2 0 0 5 26 0 32 0 1 8 1 0 0 0 36 0 0 3 11 0 0 1 14 1 0 0 0 1 1
1 15 0 0 0 0 0 0 0 0 0 0 0 0 2 0 1 0 2 0 425 1046 834 432 2 0 1152 138 1 0 0 0 2 12 0 0 1 0 1 0 1 1 1 0 0 0 1 2 0 629 1 0 0 0 62 110 394 149 0 0 268 33 9 11 0 0 0 3
32 4 904 0 0 5 24 67 2 1 15 0 0 155 0 1 0 8 1585 0 29 5 1423 6 0 990 623 2 171 67 0 0 12 1006 0 8 18 0 0 0 0 0 0 0 0 0 0 0 0 1 1 0 0 0 0 2 3 0 0 11 98 0 0 0 0 0 0 1
1 0 0 0 0 4 0 3 1 0 1065 2 17 24 0 0 8 0 329 0 0 0 1 0 0 500 8 1 32 0 0 9 0 72 0 0 0 0 0 0 0 0 0 0 0 0 1 0 0 0 0 0 0 0 0 0 0 0 0 9 4 0 0 0 0 0 0 0
4 3 55 0 1 4 3 7 1 2 349 3 7 32 0 2 1585 329 0 0 7 0 49 0 0 1408 109 0 126 2 0 9 1 623 0 0 1 0 0 0 0 0 0 0 0 0 0 0 0 1 0 0 0 0 0 0 0 0 0 14 18 0 0 0 1 0 0 0
2 0 0 2369 10 27 0 9 73 535 1 1671 5 25 15 0 0 0 0 0 0 0 0 103 0 0 0 196 38 2 0 0 0 17 0 0 0 109 1 4 4 0 17 33 0 24 0 0 11 0 0 0 0 91 0 0 0 90 0 0 0 73 0 0 0 0 0 0
4 0 52 0 7 0 123 9 1 1 1 0 0 18 37 425 29 0 7 0 0 4 5705 7 0 4 26 1140 127 1804 0 0 81 1400 2 0 0 0 0 0 0 0 1 0 0 0 0 0 0 68 0 0 0 0 21 1 27 104 0 0 3 21 4 21 0 0 3 10
0 297 0 0 2 1 1 0 289 0 0 0 49 0 15 1046 5 0 0 0 4 0 1 534 192 4 825 14 3 0 0 0 0 3 0 8 3 0 0 0 0 0 12 0 0 0 8 0 0 35 1 0 0 0 1 188 11 38 4 0 81 2 1 0 0 0 0 0
41 1 2055 0 14 1 366 98 1 4 3 0 0 279 33 834 1423 1 49 0 5705 1 0 30 0 195 1905 358 124 611 0 0 16 1716 0 0 77 0 1 0 0 0 0 0 0 0 0 0 1 233 0 0 0 0 45 17 707 36 0 2 485 3 0 6 0 0 0 3
7 158 1 471 24 35 103 4 1447 29 1 307 6 18 70 432 6 0 0 103 7 534 30 0 74 1 634 1730 154 11 0 2 15 70 8 9 1 57 1 1 8 2 127 50 0 7 0 1 9 82 0 0 0 27 36 35 16 998 7 0 29 393 18 15 0 0 2 39
0 309 0 1 0 0 0 0 106 0 3 0 609 1 2 2 0 0 0 0 0 192 0 74 0 3 1007 0 1 0 2 0 0 0 0 71 0 0 0 0 0 0 1 0 10 0 212 0 0 0 0 0 0 0 0 2 0 5 155 14 154 0 0 0 1 0 0 2
28 4 1531 0 1 2 10 33 6 2 716 2 96 95 1 0 990 500 1408 0 4 4 195 1 3 0 2457 5 132 6 244 13 2 227 0 28 13 0 0 0 0 0 0 0 5 0 178 0 0 0 2 1 3 0 0 4 0 0 23 629 780 0 0 0 37 0 0 10
6 1656 3750 3 3 1 0 3 302 0 8 6 556 12 19 1152 623 8 109 0 26 825 1905 634 1007 2457 0 248 73 2 86 4 0 625 0 555 321 0 1 0 1 0 14 0 5 0 194 0 4 186 15 1 4 0 1 258 424 37 225 810 5590 1 0 0 19 0 0 37
19 0 19 854 27 202 5347 18 147 1197 3 197 28 78 98 138 2 1 0 196 1140 14 358 1730 0 5 248 0 526 1482 0 1 80 449 9 0 1 40 0 7 11 0 59 3 0 4 0 0 9 39 0 0 0 29 21 2 15 547 0 0 11 265 11 18 0 0 2 26
942 1 20 16 0 52 392 25 20 345 132 293 15 1024 13 1 171 32 126 38 127 3 124 154 1 132 73 526 0 1121 1 32 869 971 1 2 0 0 0 0 0 1 8 0 0 0 1 0 0 12 0 0 0 0 0 1 0 15 0 0 4 8 2 0 0 0 0 2
205 0 47 0 0 2 1006 43 0 1 0 1 1 298 5 0 67 0 2 2 1804 0 611 11 0 6 2 1482 1121 0 0 0 203 446 0 0 1 0 0 1 0 0 1 0 0 0 0 0 0 2 0 0 0 0 4 1 3 26 0 0 0 27 0 1 0 0 0 6
0 0 0 0 0 0 0 0 0 0 43 0 191 0 0 0 0 0 0 0 0 0 0 0 2 244 86 0 1 0 0 1 0 0 0 0 0 0 0 0 0 0 0 0 6 0 78 0 0 0 0 0 0 0 0 0 0 0 1 4 34 0 0 0 9 0 0 0
0 0 0 0 127 36 0 148 7 0 151 7 58 128 47 0 0 9 9 0 0 0 0 2 0 13 4 1 32 0 1 0 0 220 0 0 0 0 0 0 0 0 0 0 0 0 0 0 0 0 0 0 0 0 0 0 0 0 0 0 0 0 0 0 0 0 0 0
2 0 0 0 0 0 8 1 1 2 0 0 0 0 2 2 12 0 1 0 81 0 16 15 0 2 0 80 869 203 0 0 0 432 0 0 0 0 0 0 0 0 1 0 0 0 0 0 0 1 0 0 0 0 3 1 0 10 0 0 0 1 0 0 0 0 0 0
10 8 149 5 224 12 53 28 46 98 770 107 376 75 40 12 1006 72 623 17 1400 3 1716 70 0 227 625 449 971 446 0 220 432 0 0 21 24 0 0 0 0 0 1 0 1 0 2 0 1 5 1 0 1 0 6 4 12 95 3 32 182 32 6 4 0 0 1 2
0 0 0 0 0 0 0 0 1 1 0 0 0 0 0 0 0 0 0 0 2 0 0 8 0 0 0 9 1 0 0 0 0 0 0 0 11 1 1 1 1083 36 2 7 1 3 0 1137 0 0 17 0 25 0 2 0 2 2 0 24 1 9 1374 579 0 0 0 25
0 158 9 0 0 0 0 0 8 0 0 0 10 0 2 0 8 0 0 0 0 8 0 9 71 28 555 0 2 0 0 0 0 21 0 0 0 1 0 0 0 0 94 1 0 2 28 1 8 1 6 0 1 0 0 245 0 117 623 7 1073 1 0 1 0 0 0 13
0 6 170 0 0 0 0 0 0 0 0 0 0 0 0 1 18 0 1 0 0 3 77 1 0 13 321 1 0 1 0 0 0 24 11 0 0 0 0 7 172 32 0 0 1 0 0 28 0 0 861 0 3 0 28 0 2658 4 0 1748 2410 51 1 9 0 0 0 91
0 0 0 311 3 12 0 0 39 13 0 81 1 0 29 0 0 0 0 109 0 0 0 57 0 0 0 40 0 0 0 0 0 0 1 1 0 0 18 31 7 9 151 545 6 618 0 6 15 0 0 0 0 2877 0 1 0 434 0 0 0 1371 17 0 0 2 0 19
0 0 0 0 1 3 0 0 0 0 0 3 0 0 8 1 0 0 0 1 0 0 1 1 0 0 1 0 0 0 0 0 0 0 1 0 0 18 0 88 0 6 48 3 37 74 7 2 669 1 0 1 0 19 6 8 30 50 0 0 0 17 2 0 0 134 0 81
0 0 0 2 3 2 0 0 4 14 0 82 0 0 2 0 0 0 0 4 0 0 0 1 0 0 0 7 0 1 0 0 0 0 1 0 7 31 88 0 543 1159 50 3353 6 3413 0 73 662 0 0 6 5 69 0 1 2 23 0 11 0 467 19 1 0 90 0 20
0 0 0 0 0 8 2 0 1 2 0 1 1 0 0 1 0 0 0 4 0 0 0 8 0 0 1 11 0 0 0 0 0 0 1083 0 172 7 0 543 0 407 1 854 13 1 0 2265 14 0 168 1 18 0 39 0 380 100 0 92 6 3170 281 1637 0 0 6 120
0 0 0 0 0 0 0 0 1 0 0 0 1 0 0 1 0 0 0 0 0 0 0 2 0 0 0 0 1 0 0 0 0 0 36 0 32 9 6 1159 407 0 28 432 21 191 2 2611 97 1 17 6 7 37 0 0 16 8 0 25 6 35 37 2 0 223 0 62
1 9 1 25 5 3 2 0 170 26 0 21 0 2 5 1 0 0 0 17 1 12 0 127 1 0 14 59 8 1 0 0 1 1 2 94 0 151 48 50 1 28 0 33 18 387 10 23 189 0 0 1 5 99 0 195 2 1448 99 6 177 120 23 0 0 15 4 27
0 0 0 1 0 3 0 0 11 2 0 54 1 0 26 0 0 0 0 33 0 0 0 50 0 0 0 3 0 0 0 0 0 0 7 1 0 545 3 3353 854 432 33 0 12 1742 0 301 25 0 0 0 4 1128 0 0 0 30 0 0 0 1281 175 0 0 0 0 106
0 0 0 0 0 1 1 0 0 0 11 0 101 0 0 0 0 0 0 0 0 0 0 0 10 5 5 0 0 0 6 0 0 1 1 0 1 6 37 6 13 21 18 12 0 52 739 51 8 0 1 1173 272 17 2 1 2 6 59 353 3 18 333 1 15 149 0 1154
0 0 0 15 10 97 0 1 309 20 0 728 0 0 32 0 0 0 0 24 0 0 0 7 0 0 0 4 0 0 0 0 0 0 3 2 0 618 74 3413 1 191 387 1742 52 0 1 144 455 0 0 3 13 2099 0 2 0 264 0 3 1 195 123 0 0 11 0 121
0 8 0 0 0 0 0 0 1 0 57 0 590 0 0 1 0 1 0 0 0 8 0 0 212 178 194 0 1 0 78 0 0 2 0 28 0 0 7 0 0 2 10 0 739 1 0 2 1 0 0 0 0 0 0 10 0 14 627 56 609 0 16 0 150 41 0 43
0 0 0 0 0 2 0 0 0 1 0 0 0 0 1 2 0 0 0 0 0 0 0 1 0 0 0 0 0 0 0 0 0 0 1137 1 28 6 2 73 2265 2611 23 301 51 144 2 0 35 0 29 31 13 32 3 0 14 13 0 66 10 58 1105 50 0 16 0 118
0 0 0 5 12 6 0 0 0 16 0 16 7 0 8 0 0 0 0 11 0 0 1 9 0 0 4 9 0 0 0 0 0 1 0 8 0 15 669 662 14 97 189 25 8 455 1 35 0 0 0 1 3 35 17 15 7 100 4 8 22 54 19 0 0 50 0 14
0 0 3 0 0 0 1 0 1 0 0 0 0 4 1 629 1 0 1 0 68 35 233 82 0 0 186 39 12 2 0 0 1 5 0 1 0 0 1 0 0 1 0 0 0 0 0 0 0 0 1 0 0 0 618 1184 1188 880 0 0 844 128 1 1 0 0 0 2
0 0 9 0 0 0 0 0 0 0 0 0 0 0 0 1 1 0 0 0 0 1 0 0 0 2 15 0 0 0 0 0 0 1 17 6 861 0 0 0 168 17 0 0 1 0 0 29 0 1 0 0 871 0 46 2 1078 0 0 574 245 17 9 130 0 0 0 961
0 0 0 0 0 0 0 0 0 0 0 0 0 0 0 0 0 0 0 0 0 0 0 0 0 1 1 0 0 0 0 0 0 0 0 0 0 0 1 6 1 6 1 0 1173 3 0 31 1 0 0 0 349 0 0 0 1 8 0 282 0 0 35 0 0 8 0 113
0 0 0 0 0 0 0 0 0 0 0 0 0 0 0 0 0 0 0 0 0 0 0 0 0 3 4 0 0 0 0 0 0 1 25 1 3 0 0 5 18 7 5 4 272 13 0 13 3 0 871 349 0 2 8 0 22 5 0 1022 13 2 28 56 0 2 1 636
0 0 0 142 0 10 0 0 15 55 0 79 0 0 36 0 0 0 0 91 0 0 0 27 0 0 0 29 0 0 0 0 0 0 0 0 0 2877 19 69 0 37 99 1128 17 2099 0 32 35 0 0 0 2 0 0 0 0 75 0 0 0 228 64 0 0 3 0 44
1 0 0 0 0 1 0 0 0 0 0 0 0 0 0 62 0 0 0 0 21 1 45 36 0 0 1 21 0 4 0 0 3 6 2 0 28 0 6 0 39 0 0 0 2 0 0 3 17 618 46 0 8 0 0 3 5264 201 0 6 17 1498 24 1436 0 0 5 805
0 32 4 0 0 0 0 0 0 0 0 0 0 0 0 110 2 0 0 0 1 188 17 35 2 4 258 2 1 1 0 0 1 4 0 245 0 1 8 1 0 0 195 0 1 2 10 0 15 1184 2 0 0 0 3 0 4 773 126 2 950 1 0 1 0 0 0 3
1 0 21 0 2 0 0 0 1 0 0 0 0 0 3 394 3 0 0 0 27 11 707 16 0 0 424 15 0 3 0 0 0 12 2 0 2658 0 30 2 380 16 2 0 2 0 0 14 7 1188 1078 1 22 0 5264 4 0 112 0 149 944 423 7 270 0 0 0 1069
4 13 0 140 0 28 6 1 94 196 0 45 3 7 11 149 0 0 0 90 104 38 36 998 5 0 37 547 15 26 0 0 10 95 2 117 4 434 50 23 100 8 1448 30 6 264 14 13 100 880 0 8 5 75 201 773 112 0 94 7 660 1789 81 7 0 11 4 54
0 31 0 0 0 0 0 0 3 0 1 0 39 0 0 0 0 0 0 0 0 4 0 7 155 23 225 0 0 0 1 0 0 3 0 623 0 0 0 0 0 0 99 0 59 0 627 0 4 0 0 0 0 0 0 126 0 94 0 2 898 0 0 0 0 2 0 1
0 20 130 0 0 0 0 0 0 0 13 0 60 0 0 0 11 9 14 0 0 0 2 0 14 629 810 0 0 0 4 0 0 32 24 7 1748 0 0 11 92 25 6 0 353 3 56 66 8 0 574 282 1022 0 6 2 149 7 2 0 2131 6 86 43 122 35 1 178
0 181 544 0 0 0 0 0 8 0 10 1 75 1 1 268 98 4 18 0 3 81 485 29 154 780 5590 11 4 0 34 0 0 182 1 1073 2410 0 0 0 6 6 177 0 3 1 609 10 22 844 245 0 13 0 17 950 944 660 898 2131 0 57 9 10 50 2 0 327
3 1 0 45 0 46 4 1 57 32 0 47 2 3 14 33 0 0 0 73 21 2 3 393 0 0 1 265 8 27 0 0 1 32 9 1 51 1371 17 467 3170 35 120 1281 18 195 0 58 54 128 17 0 2 228 1498 1 423 1789 0 6 57 0 283 1446 0 0 44 278
0 0 0 1 0 3 0 0 3 0 0 3 1 0 1 9 0 0 0 0 4 1 0 18 0 0 0 11 2 0 0 0 0 6 1374 0 1 17 2 19 281 37 23 175 333 123 16 1105 19 1 9 35 28 64 24 0 7 81 0 86 9 283 0 752 2 195 612 1304
0 0 0 0 0 0 0 0 0 0 0 0 0 0 0 11 0 0 0 0 21 0 6 15 0 0 0 18 0 1 0 0 0 4 579 1 9 0 0 1 1637 2 0 0 1 0 0 50 0 1 130 0 56 0 1436 1 270 7 0 43 10 1446 752 0 0 0 62 796
0 0 0 0 0 0 0 0 0 0 12 0 37 0 0 0 0 0 1 0 0 0 0 0 1 37 19 0 0 0 9 0 0 0 0 0 0 0 0 0 0 0 0 0 15 0 150 0 0 0 0 0 0 0 0 0 0 0 0 122 50 0 2 0 0 3 0 1
0 0 0 0 0 0 0 0 0 0 0 0 0 0 0 0 0 0 0 0 0 0 0 0 0 0 0 0 0 0 0 0 0 0 0 0 0 2 134 90 0 223 15 0 149 11 41 16 50 0 0 8 2 3 0 0 0 11 2 35 2 0 195 0 3 0 0 543
0 0 0 0 0 0 0 0 1 0 0 0 0 0 1 0 0 0 0 0 3 0 0 2 0 0 0 2 0 0 0 0 0 1 0 0 0 0 0 0 6 0 4 0 0 0 0 0 0 0 0 0 1 0 5 0 0 4 0 1 0 44 612 62 0 0 0 227
1 0 8 1 0 4 1 0 2 0 0 1 0 0 1 3 1 0 0 0 10 0 3 39 2 10 37 26 2 6 0 0 0 2 25 13 91 19 81 20 120 62 27 106 1154 121 43 118 14 2 961 113 636 44 805 3 1069 54 1 178 327 278 1304 796 1 543 227 0
