0 0 2 0 0 3 428 17 1 9 3 4 0 1113 1 0 88 1 19 1 3 0 16 4 0 11 14 24 1320 337 0 0 0 23 0 0 0 0 0 0 0 0 0 0 0 0 0 0 0 2 0 0 0 0 1 0 0 7 0 0 0 4 3 0 0 0 0 0
0 0 0 0 0 2 0 1 26 0 0 1 105 0 3 2 6 0 2 0 0 240 0 53 498 13 2226 0 4 1 1 0 0 9 0 39 0 0 0 0 0 0 3 0 0 0 12 0 1 1 0 0 6 0 0 5 0 5 10 6 128 0 0 0 2 0 0 1
2 0 0 1 0 12 416 98 0 17 0 0 1 50 0 0 1178 0 12 0 70 0 4496 9 0 1412 3244 266 8 171 0 0 0 82 0 2 38 0 0 0 0 0 0 0 0 0 0 0 0 6 9 0 4 0 0 3 2 0 0 22 189 0 0 0 0 0 0 3
0 0 1 0 5 69 13 33 79 834 1 541 7 17 38 0 0 0 1 2337 0 0 0 792 0 0 0 1211 18 0 0 0 0 16 0 1 0 204 0 3 0 0 37 8 0 6 0 0 15 0 0 0 0 88 0 2 0 132 0 0 0 34 0 0 0 0 0 1
0 0 0 5 0 117 0 9 100 1 32 36 215 1 1023 0 0 0 0 13 0 18 0 50 0 0 0 22 1 0 0 34 0 494 0 0 0 1 1 1 0 0 1 1 0 1 1 0 1 0 0 0 0 3 0 1 0 0 0 0 0 0 0 0 0 0 0 7
3 2 12 69 117 0 274 2533 94 3031 14 4375 46 42 979 0 7 7 6 158 0 1 0 75 0 7 4 463 25 1 0 32 1 29 0 0 0 35 2 17 3 5 14 30 0 96 1 1 3 0 0 0 0 23 0 0 0 79 0 0 0 91 4 0 0 0 0 19
428 0 416 13 0 274 0 1111 4 1833 3 15 7 2133 8 0 103 3 3 6 98 0 188 60 0 34 5 5301 175 1892 0 1 7 74 0 0 0 3 0 9 1 0 9 19 0 3 0 0 1 2 0 0 0 2 0 0 0 14 0 0 0 16 0 0 0 0 1 6
17 1 98 33 9 2533 1111 0 23 1030 18 441 26 2682 55 0 228 6 18 98 2 0 40 24 0 43 11 155 62 74 0 313 1 28 0 0 0 1 0 1 1 1 2 0 0 0 0 0 2 0 0 0 0 0 0 0 0 7 0 0 0 0 0 1 0 0 0 3
1 26 0 79 100 94 4 23 0 29 15 273 79 3 442 0 0 4 4 81 2 678 1 1817 82 4 147 140 37 2 0 10 0 33 0 0 0 32 4 15 0 3 232 22 0 90 2 1 5 2 0 0 0 8 0 41 0 84 3 0 5 31 5 1 0 0 0 5
9 0 17 834 1 3031 1833 1030 29 0 8 821 27 182 37 0 8 0 0 1250 0 0 3 37 0 3 0 1240 137 11 0 3 0 97 0 0 0 6 0 6 0 0 54 7 0 21 1 0 16 0 0 0 0 15 0 3 0 156 0 0 0 8 0 0 0 0 0 6
3 0 0 1 32 14 3 18 15 8 0 26 650 21 6 0 54 1521 292 3 2 0 2 4 3 617 50 2 217 2 192 173 0 1191 0 1 0 0 0 0 0 0 0 0 12 0 118 0 0 0 0 0 1 0 0 2 0 0 7 5 19 0 0 0 32 0 0 1
4 1 0 541 36 4375 15 441 273 821 26 0 48 149 599 0 0 12 12 1701 0 2 0 301 1 6 2 404 78 2 0 10 0 83 0 0 0 55 4 88 0 4 26 70 0 982 0 2 35 0 0 0 0 53 0 0 0 81 0 0 0 35 0 0 0 0 0 8
0 105 1 7 215 46 7 26 79 27 650 48 0 6 95 4 0 36 1 27 1 53 20 58 754 28 776 41 58 3 127 163 0 402 0 32 0 0 0 14 1 8 11 8 59 7 1022 5 18 0 0 0 0 7 1 8 0 2 170 16 161 4 0 0 84 5 0 143
1113 0 50 17 1 42 2133 2682 3 182 21 149 6 0 17 0 187 9 19 47 4 0 26 20 0 31 6 123 1416 408 1 41 2 49 0 0 0 0 0 0 0 0 4 0 0 0 0 0 0 0 0 0 0 0 0 3 0 7 1 0 0 0 0 0 0 0 0 1
1 3 0 38 1023 979 8 55 442 37 6 599 95 17 0 2 0 5 4 41 29 49 14 212 25 4 32 104 20 3 0 11 1 26 2 0 0 44 6 10 1 3 18 43 0 59 3 1 18 8 0 0 0 35 3 3 1 38 0 0 2 73 1 2 0 0 1 24
0 2 0 0 0 0 0 0 0 0 0 0 4 0 2 0 1 0 1 0 297 900 1301 491 1 0 1038 64 0 4 0 0 0 23 0 5 3 0 0 0 0 0 20 0 0 2 0 0 2 514 0 0 0 0 27 41 299 53 0 0 118 5 1 1 0 0 0 6
88 6 1178 0 0 7 103 228 0 8 54 0 0 187 0 1 0 35 1587 0 21 1 1100 2 0 1092 680 14 158 319 0 0 2 1572 0 4 8 0 0 0 0 0 0 0 0 0 0 0 0 0 6 0 6 0 0 1 0 0 0 18 102 0 0 0 0 0 0 1
1 0 0 0 0 7 3 6 4 0 1521 12 36 9 5 0 35 0 665 0 0 0 0 0 0 440 4 0 69 0 1 4 1 152 0 0 0 0 0 0 0 0 0 0 0 0 0 0 0 0 0 0 1 0 0 0 0 0 0 6 3 0 0 0 3 0 0 0
19 2 12 1 0 6 3 18 4 0 292 12 1 19 4 1 1587 665 0 0 3 0 5 3 0 928 104 2 99 20 0 2 4 537 0 4 0 0 0 0 0 0 0 0 0 0 1 0 0 0 5 0 5 0 0 0 0 0 3 32 58 0 0 0 1 0 0 1
1 0 0 2337 13 158 6 98 81 1250 3 1701 27 47 41 0 0 0 0 0 0 1 0 287 0 0 0 860 37 4 0 1 0 26 0 0 0 52 0 10 1 0 33 37 0 22 0 0 18 0 0 0 0 37 0 0 0 134 0 0 0 34 0 0 0 0 0 5
3 0 70 0 0 0 98 2 2 0 2 0 1 4 29 297 21 0 3 0 0 1 7009 20 0 1 42 1193 70 3062 0 0 123 1679 1 1 0 0 0 0 0 0 3 0 0 0 0 0 0 29 1 0 0 0 3 2 11 6 0 0 3 1 0 1 0 0 0 1
0 240 0 0 18 1 0 0 678 0 0 2 53 0 49 900 1 0 0 1 1 0 8 1127 107 2 977 11 1 0 0 0 0 7 1 21 0 1 2 0 0 0 32 0 0 0 19 0 3 107 1 0 0 0 4 166 13 47 13 1 230 11 1 1 4 0 1 2
16 0 4496 0 0 0 188 40 1 3 2 0 20 26 14 1301 1100 0 5 0 7009 8 0 164 0 53 1927 439 51 682 0 0 30 2019 0 14 19 0 0 0 1 0 4 0 0 0 0 0 1 385 1 0 0 0 8 9 490 7 0 3 301 4 0 0 0 0 0 2
4 53 9 792 50 75 60 24 1817 37 4 301 58 20 212 491 2 0 3 287 20 1127 164 0 138 9 600 2612 77 14 0 2 16 91 11 1 1 83 0 18 9 2 246 57 0 32 0 4 12 112 0 0 0 42 18 53 12 655 2 0 13 276 43 20 0 0 4 81
0 498 0 0 0 0 0 0 82 0 3 1 754 0 25 1 0 0 0 0 0 107 0 138 0 3 1218 0 0 0 1 2 0 3 0 14 0 1 0 0 0 0 3 0 0 0 184 0 0 0 0 0 1 0 0 4 0 2 183 6 133 0 0 0 9 0 0 11
11 13 1412 0 0 7 34 43 4 3 617 6 28 31 4 0 1092 440 928 0 1 2 53 9 3 0 4343 9 34 16 156 3 1 111 0 7 7 0 0 0 0 0 0 0 0 0 40 0 0 0 22 3 33 0 0 0 0 0 6 227 439 0 0 0 34 0 0 10
14 2226 3244 0 0 4 5 11 147 0 50 2 776 6 32 1038 680 4 104 0 42 977 1927 600 1218 4343 0 46 55 6 507 0 0 803 0 185 139 0 0 0 0 0 10 0 9 0 121 0 0 375 78 5 74 0 0 94 369 18 176 474 4897 2 0 0 103 0 0 57
24 0 266 1211 22 463 5301 155 140 1240 2 404 41 123 104 64 14 0 2 860 1193 11 439 2612 0 9 46 0 494 792 0 1 102 530 1 1 1 15 0 41 2 1 129 12 0 18 1 0 43 25 0 0 0 30 4 17 4 482 0 0 5 103 8 5 0 0 3 19
1320 4 8 18 1 25 175 62 37 137 217 78 58 1416 20 0 158 69 99 37 70 1 51 77 0 34 55 494 0 1791 2 43 1094 1321 2 0 0 0 0 2 0 1 11 0 0 0 0 0 1 6 0 0 0 0 3 2 0 32 2 1 9 16 3 2 0 0 0 5
337 1 171 0 0 1 1892 74 2 11 2 2 3 408 3 4 319 0 20 4 3062 0 682 14 0 16 6 792 1791 0 0 0 448 534 1 1 0 0 0 0 0 0 0 0 0 0 0 0 1 15 0 0 0 0 3 3 7 9 0 0 0 5 2 1 0 0 1 2
0 1 0 0 0 0 0 0 0 0 192 0 127 1 0 0 0 1 0 0 0 0 0 0 1 156 507 0 2 0 0 1 0 6 0 1 0 0 0 0 0 0 0 0 10 0 84 0 0 0 0 0 0 0 0 0 0 0 7 35 84 0 0 0 75 0 0 2
0 0 0 0 34 32 1 313 10 3 173 10 163 41 11 0 0 4 2 1 0 0 0 2 2 3 0 1 43 0 1 0 0 340 0 0 0 0 0 0 0 1 0 0 0 0 0 0 0 0 0 0 0 0 0 0 0 0 0 0 0 0 0 0 0 0 0 2
0 0 0 0 0 1 7 1 0 0 0 0 0 2 1 0 2 1 4 0 123 0 30 16 0 1 0 102 1094 448 0 0 0 494 0 0 0 0 0 0 0 0 2 0 0 0 0 0 0 0 0 0 0 0 0 0 0 5 0 0 1 2 0 0 0 0 0 1
23 9 82 16 494 29 74 28 33 97 1191 83 402 49 26 23 1572 152 537 26 1679 7 2019 91 3 111 803 530 1321 534 6 340 494 0 1 13 9 0 1 6 0 4 8 0 0 1 3 2 10 29 3 1 1 0 5 11 21 67 3 27 246 38 4 2 1 0 1 10
0 0 0 0 0 0 0 0 0 0 0 0 0 0 2 0 0 0 0 0 1 1 0 11 0 0 0 1 2 1 0 0 0 1 0 0 1 1 0 7 764 71 0 28 3 7 0 826 2 1 6 0 12 2 0 0 1 5 0 10 0 31 1550 258 0 0 9 10
0 39 2 1 0 0 0 0 0 0 1 0 32 0 0 5 4 0 4 0 1 21 14 1 14 7 185 1 0 1 1 0 0 13 0 0 0 0 0 0 0 0 31 0 0 1 13 0 0 6 0 0 0 0 0 291 1 52 340 5 1744 1 0 1 1 0 0 2
0 0 38 0 0 0 0 0 0 0 0 0 0 0 0 3 8 0 0 0 0 0 19 1 0 7 139 1 0 0 0 0 0 9 1 0 0 1 0 3 426 56 0 12 0 1 0 31 0 0 396 0 8 0 20 0 2126 3 0 1506 3035 145 1 2 0 0 4 17
0 0 0 204 1 35 3 1 32 6 0 55 0 0 44 0 0 0 0 52 0 1 0 83 1 0 0 15 0 0 0 0 0 0 1 0 1 0 16 70 4 21 107 686 0 761 0 8 81 0 0 0 0 3382 0 2 0 539 2 0 0 1701 24 0 0 0 0 23
0 0 0 0 1 2 0 0 4 0 0 4 0 0 6 0 0 0 0 0 0 2 0 0 0 0 0 0 0 0 0 0 0 1 0 0 0 16 0 250 1 17 110 7 37 40 25 0 1138 0 0 1 0 10 0 13 0 104 0 0 0 17 0 0 0 165 0 135
0 0 0 3 1 17 9 1 15 6 0 88 14 0 10 0 0 0 0 10 0 0 0 18 0 0 0 41 2 0 0 0 0 6 7 0 3 70 250 0 143 3221 84 2619 28 2948 13 61 1038 1 1 14 5 114 0 2 2 115 1 16 7 692 37 0 2 7 1 137
0 0 0 0 0 3 1 1 0 0 0 0 1 0 1 0 0 0 0 1 0 0 1 9 0 0 0 2 0 0 0 0 0 0 764 0 426 4 1 143 0 938 9 1703 7 11 0 3209 7 0 293 1 21 0 63 2 564 69 0 286 22 4705 344 2182 0 0 18 127
0 0 0 0 0 5 0 1 3 0 0 4 8 0 3 0 0 0 0 0 0 0 0 2 0 0 0 1 1 0 0 1 0 4 71 0 56 21 17 3221 938 0 35 948 52 339 11 2374 128 0 25 14 7 54 0 0 9 35 0 86 4 116 53 9 2 35 1 71
0 3 0 37 1 14 9 2 232 54 0 26 11 4 18 20 0 0 0 33 3 32 4 246 3 0 10 129 11 0 0 0 2 8 0 31 0 107 110 84 9 35 0 64 7 170 2 3 252 0 0 8 9 75 0 586 0 1556 68 0 143 124 8 2 1 2 2 26
0 0 0 8 1 30 19 0 22 7 0 70 8 0 43 0 0 0 0 37 0 0 0 57 0 0 0 12 0 0 0 0 0 0 28 0 12 686 7 2619 1703 948 64 0 27 1453 1 481 37 0 1 0 0 446 0 1 2 61 0 7 0 2613 233 4 0 1 2 272
0 0 0 0 0 0 0 0 0 0 12 0 59 0 0 0 0 0 0 0 0 0 0 0 0 0 9 0 0 0 10 0 0 0 3 0 0 0 37 28 7 52 7 27 0 66 599 127 3 1 18 1146 231 21 2 1 0 7 20 542 4 12 428 19 36 291 1 1281
0 0 0 6 1 96 3 0 90 21 0 982 7 0 59 2 0 0 0 22 0 0 0 32 0 0 0 18 0 0 0 0 0 1 7 1 1 761 40 2948 11 339 170 1453 66 0 1 115 798 0 0 1 3 2057 0 3 0 506 0 0 5 423 95 1 0 0 0 164
0 12 0 0 1 1 0 0 2 1 118 0 1022 0 3 0 0 0 1 0 0 19 0 0 184 40 121 1 0 0 84 0 0 3 0 13 0 0 25 13 0 11 2 1 599 1 0 11 4 0 0 0 0 4 0 5 0 1 568 30 690 1 82 0 438 193 0 222
0 0 0 0 0 1 0 0 1 0 0 2 5 0 1 0 0 0 0 0 0 0 0 4 0 0 0 0 0 0 0 0 0 2 826 0 31 8 0 61 3209 2374 3 481 127 115 11 0 7 0 72 20 19 30 0 1 7 27 1 104 6 149 2006 287 0 1 1 107
0 1 0 15 1 3 1 2 5 16 0 35 18 0 18 2 0 0 0 18 0 3 1 12 0 0 0 43 1 1 0 0 0 10 2 0 0 81 1138 1038 7 128 252 37 3 798 4 7 0 6 0 2 2 71 27 22 7 377 0 0 12 140 6 1 0 2 0 54
2 1 6 0 0 0 2 0 2 0 0 0 0 0 8 514 0 0 0 0 29 107 385 112 0 0 375 25 6 15 0 0 0 29 1 6 0 0 0 1 0 0 0 0 1 0 0 0 6 0 2 0 1 0 569 728 907 1210 0 0 918 450 2 5 0 0 0 21
0 0 9 0 0 0 0 0 0 0 0 0 0 0 0 0 6 0 5 0 1 1 1 0 0 22 78 0 0 0 0 0 0 3 6 0 396 0 0 1 293 25 0 1 18 0 0 72 0 2 0 4 1279 0 25 2 1648 0 0 1021 626 27 23 279 0 0 4 1597
0 0 0 0 0 0 0 0 0 0 0 0 0 0 0 0 0 0 0 0 0 0 0 0 0 3 5 0 0 0 0 0 0 1 0 0 0 0 1 14 1 14 8 0 1146 1 0 20 2 0 4 0 378 0 0 1 0 3 0 246 2 0 15 4 3 13 0 109
0 6 4 0 0 0 0 0 0 0 1 0 0 0 0 0 6 1 5 0 0 0 0 0 1 33 74 0 0 0 0 0 0 1 12 0 8 0 0 5 21 7 9 0 231 3 0 19 2 1 1279 378 0 0 11 8 19 5 0 1049 300 6 45 135 0 1 2 981
0 0 0 88 3 23 2 0 8 15 0 53 7 0 35 0 0 0 0 37 0 0 0 42 0 0 0 30 0 0 0 0 0 0 2 0 0 3382 10 114 0 54 75 446 21 2057 4 30 71 0 0 0 0 0 0 1 0 181 0 0 0 318 44 0 0 1 1 36
1 0 0 0 0 0 0 0 0 0 0 0 1 0 3 27 0 0 0 0 3 4 8 18 0 0 0 4 3 3 0 0 0 5 0 0 20 0 0 0 63 0 0 0 2 0 0 0 27 569 25 0 11 0 0 2 6287 41 0 2 9 1029 42 1740 0 0 21 1380
0 5 3 2 1 0 0 0 41 3 2 0 8 3 3 41 1 0 0 0 2 166 9 53 4 0 94 17 2 3 0 0 0 11 0 291 0 2 13 2 2 0 586 1 1 3 5 1 22 728 2 1 8 1 2 0 3 1808 160 1 1011 24 1 2 0 0 0 2
0 0 2 0 0 0 0 0 0 0 0 0 0 0 1 299 0 0 0 0 11 13 490 12 0 0 369 4 0 7 0 0 0 21 1 1 2126 0 0 2 564 9 0 2 0 0 0 7 7 907 1648 0 19 0 6287 3 0 66 0 273 2418 901 31 434 0 0 18 1430
7 5 0 132 0 79 14 7 84 156 0 81 2 7 38 53 0 0 0 134 6 47 7 655 2 0 18 482 32 9 0 0 5 67 5 52 3 539 104 115 69 35 1556 61 7 506 1 27 377 1210 0 3 5 181 41 1808 66 0 114 0 578 1665 61 7 0 0 6 75
0 10 0 0 0 0 0 0 3 0 7 0 170 1 0 0 0 0 3 0 0 13 0 2 183 6 176 0 2 0 7 0 0 3 0 340 0 2 0 1 0 0 68 0 20 0 568 1 0 0 0 0 0 0 0 160 0 114 0 5 641 0 0 0 7 2 0 18
0 6 22 0 0 0 0 0 0 0 5 0 16 0 0 0 18 6 32 0 0 1 3 0 6 227 474 0 1 0 35 0 0 27 10 5 1506 0 0 16 286 86 0 7 542 0 30 104 0 0 1021 246 1049 0 2 1 273 0 5 0 3121 38 12 29 199 9 0 56
0 128 189 0 0 0 0 0 5 0 19 0 161 0 2 118 102 3 58 0 3 230 301 13 133 439 4897 5 9 0 84 0 1 246 0 1744 3035 0 0 7 22 4 143 0 4 5 690 6 12 918 626 2 300 0 9 1011 2418 578 641 3121 0 105 4 6 56 0 1 375
4 0 0 34 0 91 16 0 31 8 0 35 4 0 73 5 0 0 0 34 1 11 4 276 0 0 2 103 16 5 0 0 2 38 31 1 145 1701 17 692 4705 116 124 2613 12 423 1 149 140 450 27 0 6 318 1029 24 901 1665 0 38 105 0 387 1569 0 1 98 394
3 0 0 0 0 4 0 0 5 0 0 0 0 0 1 1 0 0 0 0 0 1 0 43 0 0 0 8 3 2 0 0 0 4 1550 0 1 24 0 37 344 53 8 233 428 95 82 2006 6 2 23 15 45 44 42 1 31 61 0 12 4 387 0 1240 0 252 824 1834
0 0 0 0 0 0 0 1 1 0 0 0 0 0 2 1 0 0 0 0 1 1 0 20 0 0 0 5 2 1 0 0 0 2 258 1 2 0 0 0 2182 9 2 4 19 1 0 287 1 5 279 4 135 0 1740 2 434 7 0 29 6 1569 1240 0 0 0 236 763
0 2 0 0 0 0 0 0 0 0 32 0 84 0 0 0 0 3 1 0 0 4 0 0 9 34 103 0 0 0 75 0 0 1 0 1 0 0 0 2 0 2 1 0 36 0 438 0 0 0 0 3 0 0 0 0 0 0 7 199 56 0 0 0 0 1 0 1
0 0 0 0 0 0 0 0 0 0 0 0 5 0 0 0 0 0 0 0 0 0 0 0 0 0 0 0 0 0 0 0 0 0 0 0 0 0 165 7 0 35 2 1 291 0 193 1 2 0 0 13 1 1 0 0 0 0 2 9 0 1 252 0 1 0 0 491
0 0 0 0 0 0 1 0 0 0 0 0 0 0 1 0 0 0 0 0 0 1 0 4 0 0 0 3 0 1 0 0 0 1 9 0 4 0 0 1 18 1 2 2 1 0 0 1 0 0 4 0 2 1 21 0 18 6 0 0 1 98 824 236 0 0 0 409
0 1 3 1 7 19 6 3 5 6 1 8 143 1 24 6 1 0 1 5 1 2 2 81 11 10 57 19 5 2 2 2 1 10 10 2 17 23 135 137 127 71 26 272 1281 164 222 107 54 21 1597 109 981 36 1380 2 1430 75 18 56 375 394 1834 763 1 491 409 0
