0 1 71 0 1 8 377 121 0 6 3 0 0 1514 1 0 46 5 2 2 13 0 48 1 0 46 4 10 1461 567 0 0 2 10 0 0 0 0 0 0 0 0 0 0 0 0 0 0 0 0 0 0 0 0 0 0 0 0 0 0 0 0 0 0 0 0 0 0
1 0 0 0 0 0 0 0 105 0 0 0 31 4 2 15 14 0 2 0 1 467 2 255 1359 26 1434 4 2 1 3 0 0 32 0 318 1 0 0 0 0 0 1 0 0 0 14 0 0 0 2 0 0 0 0 4 0 7 50 22 185 0 0 0 0 0 0 1
71 0 0 0 0 45 38 100 0 6 0 0 0 81 3 3 907 1 7 0 179 0 2806 6 0 3352 3683 58 5 60 0 0 0 72 0 4 178 0 0 0 0 0 0 0 0 0 0 0 0 2 28 0 0 0 0 0 42 1 1 22 346 0 0 0 0 0 0 3
0 0 0 0 13 36 7 9 196 1439 0 1137 1 2 98 0 0 0 0 3835 0 1 0 1459 1 0 0 2275 16 0 0 0 3 25 0 0 0 70 0 0 0 0 29 0 0 62 0 0 2 0 0 0 0 44 0 0 0 47 0 0 0 0 0 0 0 0 0 0
1 0 0 13 0 536 0 60 48 2 2 45 13 0 942 0 0 0 0 12 0 0 0 16 0 0 0 3 1 0 0 214 0 142 0 0 0 0 0 0 0 0 0 0 0 2 0 0 1 0 0 0 0 0 0 0 0 0 0 0 0 0 0 0 0 0 0 0
8 0 45 36 536 0 610 1408 26 1777 2 2044 2 37 1220 0 4 1 2 45 13 1 17 13 0 7 0 263 25 5 0 38 1 14 0 0 0 0 0 2 0 0 3 0 0 17 0 0 0 0 0 0 0 3 0 0 0 8 0 0 0 1 0 0 0 0 0 0
377 0 38 7 0 610 0 389 8 2658 2 31 3 1303 14 0 3 0 0 0 12 0 25 275 0 7 0 3454 130 1473 0 0 7 31 0 0 0 0 0 0 0 0 0 0 0 1 0 0 0 0 0 0 0 0 0 0 0 0 1 0 0 0 0 0 0 0 0 0
121 0 100 9 60 1408 389 0 12 374 3 138 9 2763 86 0 70 3 2 11 27 0 78 8 0 44 2 17 19 105 0 11 0 16 0 0 0 0 0 0 0 0 0 0 0 0 0 0 0 0 0 0 0 0 0 0 0 0 0 0 0 0 0 0 0 0 0 0
0 105 0 196 48 26 8 12 0 55 1 390 15 21 468 2 4 0 1 105 0 631 0 2270 141 3 70 109 18 0 0 9 0 31 0 1 0 77 2 7 2 1 196 55 0 73 0 1 5 8 0 0 0 37 0 21 0 147 2 0 0 59 1 0 0 0 0 3
6 0 6 1439 2 1777 2658 374 55 0 2 2172 1 789 45 0 0 0 0 1539 1 0 2 72 0 2 0 1490 152 0 0 1 0 134 0 0 0 0 0 0 0 0 22 0 0 8 0 0 0 0 0 0 0 0 0 0 0 27 0 0 0 0 0 0 0 0 0 0
3 0 0 0 2 2 2 3 1 2 0 13 628 22 0 0 54 1261 756 1 0 0 0 0 6 847 16 6 288 2 61 289 0 891 0 0 0 0 0 1 0 0 0 0 49 0 82 0 1 0 0 0 1 0 0 0 0 0 17 4 22 0 0 0 5 2 0 9
0 0 0 1137 45 2044 31 138 390 2172 13 0 8 118 1042 0 0 0 0 2539 0 0 0 564 0 0 0 315 172 0 0 4 0 219 0 0 0 13 1 13 0 1 24 4 0 1152 0 0 12 0 0 0 0 60 0 0 0 35 1 0 0 21 0 0 0 0 0 0
0 31 0 1 13 2 3 9 15 1 628 8 0 11 41 4 0 0 0 3 12 6 7 11 706 111 526 11 41 2 415 42 0 299 0 8 0 1 2 4 0 0 4 1 107 3 787 1 4 1 0 0 0 1 0 0 1 7 372 20 167 15 7 2 10 10 0 44
1514 4 81 2 0 37 1303 2763 21 789 22 118 11 0 27 0 112 9 6 22 30 0 140 5 0 49 11 26 1820 755 0 125 1 51 0 0 0 0 0 0 0 0 0 0 0 0 0 1 0 0 0 0 0 0 0 0 0 0 0 0 0 0 0 0 0 0 0 0
1 2 3 98 942 1220 14 86 468 45 0 1042 41 27 0 2 2 0 0 70 45 2 27 121 0 0 2 177 10 8 0 83 0 10 0 0 0 2 1 2 0 0 8 2 0 29 4 0 3 0 0 0 0 28 0 0 0 7 2 0 0 0 0 0 0 0 0 1
0 15 3 0 0 0 0 0 2 0 0 0 4 0 2 0 7 0 2 0 921 584 1352 1157 2 7 2062 283 0 0 0 0 0 13 3 5 2 0 0 0 1 0 14 0 0 0 0 0 0 966 0 0 0 0 16 61 149 396 0 0 144 36 3 4 0 0 1 2
46 14 907 0 0 4 3 70 4 0 54 0 0 112 2 7 0 28 1590 0 63 9 1709 5 0 1593 487 3 138 167 0 0 11 1645 0 15 22 0 0 0 0 0 0 0 0 0 0 0 0 2 10 0 0 0 0 0 3 0 2 8 87 0 0 0 0 0 0 2
5 0 1 0 0 1 0 3 0 0 1261 0 0 9 0 0 28 0 688 0 0 0 1 0 0 599 2 0 71 0 0 2 0 114 0 0 0 0 0 0 0 0 0 0 0 0 0 0 0 0 0 0 0 0 0 0 0 0 0 1 4 0 0 0 0 0 0 0
2 2 7 0 0 2 0 2 1 0 756 0 0 6 0 2 1590 688 0 0 1 0 15 1 0 2123 46 1 40 6 1 0 1 632 0 1 3 0 0 0 0 0 0 0 0 0 0 0 0 0 0 0 0 0 0 0 0 0 1 3 23 0 0 0 0 0 0 1
2 0 0 3835 12 45 0 11 105 1539 1 2539 3 22 70 0 0 0 0 0 0 0 0 220 0 0 0 388 37 0 0 0 0 21 0 0 0 12 0 0 0 0 36 0 0 82 0 0 18 0 0 0 0 120 0 1 0 173 0 0 0 3 0 0 0 0 0 0
13 1 179 0 0 13 12 27 0 1 0 0 12 30 45 921 63 0 1 0 0 0 6346 4 0 8 42 1239 69 2680 0 0 49 1118 2 0 0 0 0 0 0 0 0 0 0 0 0 0 0 29 0 0 0 0 3 1 2 22 0 0 1 3 0 2 0 0 1 2
0 467 0 1 0 1 0 0 631 0 0 0 6 0 2 584 9 0 0 0 0 0 0 739 116 6 661 3 1 1 0 0 0 7 0 44 0 0 0 0 0 0 18 0 0 0 3 0 1 43 0 0 0 0 1 194 1 30 2 1 60 1 0 0 0 0 0 0
48 2 2806 0 0 17 25 78 0 2 0 0 7 140 27 1352 1709 1 15 0 6346 0 0 6 0 325 2582 88 61 587 0 0 8 1046 0 2 29 0 0 0 0 0 0 0 0 0 0 0 0 177 0 0 0 0 1 2 76 6 0 0 161 0 0 2 0 0 0 0
1 255 6 1459 16 13 275 8 2270 72 0 564 11 5 121 1157 5 0 1 220 4 739 6 0 116 6 249 1499 28 0 0 1 4 41 4 5 0 35 0 1 1 0 161 5 0 24 1 0 29 94 0 0 0 79 8 55 1 946 0 0 25 131 9 2 0 0 1 3
0 1359 0 1 0 0 0 0 141 0 6 0 706 0 0 2 0 0 0 0 0 116 0 116 0 4 1469 0 0 0 3 1 0 1 0 62 0 0 0 0 0 0 0 0 32 0 217 0 0 0 0 1 0 0 0 0 0 0 331 23 191 0 0 0 0 0 0 1
46 26 3352 0 0 7 7 44 3 2 847 0 111 49 0 7 1593 599 2123 0 8 6 325 6 4 0 3670 4 99 19 228 0 0 367 0 22 79 0 0 0 0 0 0 0 0 0 33 0 0 0 44 0 5 0 0 1 2 0 14 337 723 0 0 0 6 0 0 0
4 1434 3683 0 0 0 0 2 70 0 16 0 526 11 2 2062 487 2 46 0 42 661 2582 249 1469 3670 0 96 32 2 85 0 0 560 0 193 366 0 0 0 0 0 1 0 0 0 112 0 0 428 85 0 4 0 4 108 228 8 94 391 4043 1 0 0 5 0 0 21
10 4 58 2275 3 263 3454 17 109 1490 6 315 11 26 177 283 3 0 1 388 1239 3 88 1499 0 4 96 0 224 2848 0 0 29 270 0 1 0 1 0 0 0 0 51 0 0 20 0 0 2 46 0 0 0 5 1 9 0 171 4 0 1 12 3 3 0 0 1 1
1461 2 5 16 1 25 130 19 18 152 288 172 41 1820 10 0 138 71 40 37 69 1 61 28 0 99 32 224 0 1846 0 97 753 1366 0 1 0 0 0 0 0 0 1 0 1 1 1 0 0 0 0 0 0 0 0 0 0 0 2 0 0 1 0 0 0 0 0 2
567 1 60 0 0 5 1473 105 0 0 2 0 2 755 8 0 167 0 6 0 2680 1 587 0 0 19 2 2848 1846 0 0 1 449 847 0 0 0 0 0 0 0 0 0 0 0 0 0 0 0 1 0 0 0 0 0 0 0 1 0 0 0 0 0 0 0 0 0 0
0 3 0 0 0 0 0 0 0 0 61 0 415 0 0 0 0 0 1 0 0 0 0 0 3 228 85 0 0 0 0 0 0 8 0 1 0 0 0 0 0 0 0 0 0 0 43 0 0 0 0 0 0 0 0 0 0 0 4 13 37 0 0 0 0 0 0 0
0 0 0 0 214 38 0 11 9 1 289 4 42 125 83 0 0 2 0 0 0 0 0 1 1 0 0 0 97 1 0 0 0 392 0 0 0 0 0 0 0 0 0 0 0 0 0 0 0 0 0 0 0 0 0 0 0 0 1 0 0 0 0 0 0 0 0 0
2 0 0 3 0 1 7 0 0 0 0 0 0 1 0 0 11 0 1 0 49 0 8 4 0 0 0 29 753 449 0 0 0 517 0 0 0 0 0 0 0 0 0 0 0 0 0 0 0 0 0 0 0 0 0 0 0 0 0 0 0 0 0 0 0 0 0 0
10 32 72 25 142 14 31 16 31 134 891 219 299 51 10 13 1645 114 632 21 1118 7 1046 41 1 367 560 270 1366 847 8 392 517 0 0 29 28 0 0 0 0 0 2 0 1 0 4 0 2 1 17 0 0 0 0 0 3 8 8 36 228 0 2 0 0 2 0 13
0 0 0 0 0 0 0 0 0 0 0 0 0 0 0 3 0 0 0 0 2 0 0 4 0 0 0 0 0 0 0 0 0 0 0 0 1 4 0 1 1216 46 0 11 1 2 0 970 0 0 4 0 4 3 1 0 2 4 0 10 3 10 993 263 0 0 2 10
0 318 4 0 0 0 0 0 1 0 0 0 8 0 0 5 15 0 1 0 0 44 2 5 62 22 193 1 1 0 1 0 0 29 0 0 2 1 0 0 1 1 88 0 1 0 35 0 1 3 5 0 0 0 0 376 2 137 492 8 2161 0 0 2 0 0 0 6
0 1 178 0 0 0 0 0 0 0 0 0 0 0 0 2 22 0 3 0 0 0 29 0 0 79 366 0 0 0 0 0 0 28 1 2 0 0 0 3 73 10 0 0 0 0 0 10 0 0 252 2 10 0 60 0 2027 3 0 2673 3373 128 0 11 0 0 0 20
0 0 0 70 0 0 0 0 77 0 0 13 1 0 2 0 0 0 0 12 0 0 0 35 0 0 0 1 0 0 0 0 0 0 4 1 0 0 5 45 16 6 195 1041 0 1382 0 13 78 0 0 0 0 5036 0 4 0 600 1 0 1 1787 20 0 0 0 0 31
0 0 0 0 0 0 0 0 2 0 0 1 2 0 1 0 0 0 0 0 0 0 0 0 0 0 0 0 0 0 0 0 0 0 0 0 0 5 0 186 1 11 31 2 17 29 2 0 627 1 0 0 0 7 0 0 0 38 2 0 0 11 1 0 0 105 0 322
0 0 0 0 0 2 0 0 7 0 1 13 4 0 2 0 0 0 0 0 0 0 0 1 0 0 0 0 0 0 0 0 0 0 1 0 3 45 186 0 627 2513 37 2564 5 2418 0 72 885 0 1 1 1 49 0 0 1 39 4 2 0 269 64 1 0 6 0 36
0 0 0 0 0 0 0 0 2 0 0 0 0 0 0 1 0 0 0 0 0 0 0 1 0 0 0 0 0 0 0 0 0 0 1216 1 73 16 1 627 0 702 6 1112 17 48 0 2617 78 0 31 1 21 2 2 0 56 131 0 41 6 4633 313 1597 0 0 7 91
0 0 0 0 0 0 0 0 1 0 0 1 0 0 0 0 0 0 0 0 0 0 0 0 0 0 0 0 0 0 0 0 0 0 46 1 10 6 11 2513 702 0 9 491 5 140 0 2332 97 0 6 0 0 24 0 0 13 12 0 4 0 37 44 8 0 52 0 33
0 1 0 29 0 3 0 0 196 22 0 24 4 0 8 14 0 0 0 36 0 18 0 161 0 0 1 51 1 0 0 0 0 2 0 88 0 195 31 37 6 9 0 80 7 375 26 6 335 0 0 0 0 119 0 567 0 2308 72 0 132 104 16 0 0 15 0 21
0 0 0 0 0 0 0 0 55 0 0 4 1 0 2 0 0 0 0 0 0 0 0 5 0 0 0 0 0 0 0 0 0 0 11 0 0 1041 2 2564 1112 491 80 0 5 2144 1 208 70 0 0 0 0 1420 0 0 0 42 0 0 0 2340 171 0 0 0 0 243
0 0 0 0 0 0 0 0 0 0 49 0 107 0 0 0 0 0 0 0 0 0 0 0 32 0 0 0 1 0 0 0 0 1 1 1 0 0 17 5 17 5 7 5 0 24 896 18 8 1 55 1525 540 15 3 0 2 7 28 666 6 15 444 27 93 59 0 1181
0 0 0 62 2 17 1 0 73 8 0 1152 3 0 29 0 0 0 0 82 0 0 0 24 0 0 0 20 1 0 0 0 0 0 2 0 0 1382 29 2418 48 140 375 2144 24 0 2 97 760 0 0 0 1 2611 0 0 0 553 0 0 1 298 151 1 0 0 0 130
0 14 0 0 0 0 0 0 0 0 82 0 787 0 4 0 0 0 0 0 0 3 0 1 217 33 112 0 1 0 43 0 0 4 0 35 0 0 2 0 0 0 26 1 896 2 0 1 34 1 0 1 0 2 1 10 2 14 976 67 885 3 16 0 293 11 0 255
0 0 0 0 0 0 0 0 1 0 0 0 1 1 0 0 0 0 0 0 0 0 0 0 0 0 0 0 0 0 0 0 0 0 970 0 10 13 0 72 2617 2332 6 208 18 97 1 0 22 0 12 2 1 39 1 0 12 15 2 10 0 53 1709 86 0 9 1 42
0 0 0 2 1 0 0 0 5 0 1 12 4 0 3 0 0 0 0 18 0 1 0 29 0 0 0 2 0 0 0 0 0 2 0 1 0 78 627 885 78 97 335 70 8 760 34 22 0 2 0 2 0 50 37 11 11 319 4 0 0 172 41 1 0 16 0 34
0 0 2 0 0 0 0 0 8 0 0 0 1 0 0 966 2 0 0 0 29 43 177 94 0 0 428 46 0 1 0 0 0 1 0 3 0 0 1 0 0 0 0 0 1 0 1 0 2 0 0 0 0 0 714 1108 1177 1303 1 0 1178 191 2 1 0 0 1 2
0 2 28 0 0 0 0 0 0 0 0 0 0 0 0 0 10 0 0 0 0 0 0 0 0 44 85 0 0 0 0 0 0 17 4 5 252 0 0 1 31 6 0 0 55 0 0 12 0 0 0 16 963 0 25 0 1741 1 0 1254 273 55 1 146 0 0 0 1117
0 0 0 0 0 0 0 0 0 0 0 0 0 0 0 0 0 0 0 0 0 0 0 0 1 0 0 0 0 0 0 0 0 0 0 0 2 0 0 1 1 0 0 0 1525 0 1 2 2 0 16 0 518 0 1 0 1 0 0 516 2 0 13 9 0 4 0 63
0 0 0 0 0 0 0 0 0 0 1 0 0 0 0 0 0 0 0 0 0 0 0 0 0 5 4 0 0 0 0 0 0 0 4 0 10 0 0 1 21 0 0 0 540 1 0 1 0 0 963 518 0 0 8 0 18 0 0 1167 17 10 8 69 0 0 0 552
0 0 0 44 0 3 0 0 37 0 0 60 1 0 28 0 0 0 0 120 0 0 0 79 0 0 0 5 0 0 0 0 0 0 3 0 0 5036 7 49 2 24 119 1420 15 2611 2 39 50 0 0 0 0 0 0 0 0 88 1 0 0 216 69 0 0 1 0 80
0 0 0 0 0 0 0 0 0 0 0 0 0 0 0 16 0 0 0 0 3 1 1 8 0 0 4 1 0 0 0 0 0 0 1 0 60 0 0 0 2 0 0 0 3 0 1 1 37 714 25 1 8 0 0 3 6039 63 5 1 8 2254 9 2463 0 0 2 856
0 4 0 0 0 0 0 0 21 0 0 0 0 0 0 61 0 0 0 1 1 194 2 55 0 1 108 9 0 0 0 0 0 0 0 376 0 4 0 0 0 0 567 0 0 0 10 0 11 1108 0 0 0 0 3 0 8 798 37 1 745 5 1 0 0 1 0 0
0 0 42 0 0 0 0 0 0 0 0 0 1 0 0 149 3 0 0 0 2 1 76 1 0 2 228 0 0 0 0 0 0 3 2 2 2027 0 0 1 56 13 0 0 2 0 2 12 11 1177 1741 1 18 0 6039 8 0 28 1 618 1906 461 6 234 0 0 0 936
0 7 1 47 0 8 0 0 147 27 0 35 7 0 7 396 0 0 0 173 22 30 6 946 0 0 8 171 0 1 0 0 0 8 4 137 3 600 38 39 131 12 2308 42 7 553 14 15 319 1303 1 0 0 88 63 798 28 0 72 1 595 2283 56 4 0 0 22 91
0 50 1 0 0 0 1 0 2 0 17 1 372 0 2 0 2 0 1 0 0 2 0 0 331 14 94 4 2 0 4 1 0 8 0 492 0 1 2 4 0 0 72 0 28 0 976 2 4 1 0 0 0 1 5 37 1 72 0 11 1551 2 5 1 0 6 0 62
0 22 22 0 0 0 0 0 0 0 4 0 20 0 0 0 8 1 3 0 0 1 0 0 23 337 391 0 0 0 13 0 0 36 10 8 2673 0 0 2 41 4 0 0 666 0 67 10 0 0 1254 516 1167 0 1 1 618 1 11 0 2586 42 12 33 264 3 0 112
0 185 346 0 0 0 0 0 0 0 22 0 167 0 0 144 87 4 23 0 1 60 161 25 191 723 4043 1 0 0 37 0 0 228 3 2161 3373 1 0 0 6 0 132 0 6 1 885 0 0 1178 273 2 17 0 8 745 1906 595 1551 2586 0 10 5 11 131 0 0 349
0 0 0 0 0 1 0 0 59 0 0 21 15 0 0 36 0 0 0 3 3 1 0 131 0 0 1 12 1 0 0 0 0 0 10 0 128 1787 11 269 4633 37 104 2340 15 298 3 53 172 191 55 0 10 216 2254 5 461 2283 2 42 10 0 219 1388 0 0 69 519
0 0 0 0 0 0 0 0 1 0 0 0 7 0 0 3 0 0 0 0 0 0 0 9 0 0 0 3 0 0 0 0 0 2 993 0 0 20 1 64 313 44 16 171 444 151 16 1709 41 2 1 13 8 69 9 1 6 56 5 12 5 219 0 1194 5 181 730 1285
0 0 0 0 0 0 0 0 0 0 0 0 2 0 0 4 0 0 0 0 2 0 2 2 0 0 0 3 0 0 0 0 0 0 263 2 11 0 0 1 1597 8 0 0 27 1 0 86 1 1 146 9 69 0 2463 0 234 4 1 33 11 1388 1194 0 0 0 352 745
0 0 0 0 0 0 0 0 0 0 5 0 10 0 0 0 0 0 0 0 0 0 0 0 0 6 5 0 0 0 0 0 0 0 0 0 0 0 0 0 0 0 0 0 93 0 293 0 0 0 0 0 0 0 0 0 0 0 0 264 131 0 5 0 0 3 0 28
0 0 0 0 0 0 0 0 0 0 2 0 10 0 0 0 0 0 0 0 0 0 0 0 0 0 0 0 0 0 0 0 0 2 0 0 0 0 105 6 0 52 15 0 59 0 11 9 16 0 0 4 0 1 0 1 0 0 6 3 0 0 181 0 3 0 0 391
0 0 0 0 0 0 0 0 0 0 0 0 0 0 0 1 0 0 0 0 1 0 0 1 0 0 0 1 0 0 0 0 0 0 2 0 0 0 0 0 7 0 0 0 0 0 0 1 0 1 0 0 0 0 2 0 0 22 0 0 0 69 730 352 0 0 0 428
0 1 3 0 0 0 0 0 3 0 9 0 44 0 1 2 2 0 1 0 2 0 0 3 1 0 21 1 2 0 0 0 0 13 10 6 20 31 322 36 91 33 21 243 1181 130 255 42 34 2 1117 63 552 80 856 0 936 91 62 112 349 519 1285 745 28 391 428 0
