0 0 63 0 0 2 488 19 0 7 3 0 0 1172 0 0 61 0 18 0 5 0 38 2 0 10 6 3 1108 579 0 0 2 8 0 0 0 0 0 0 0 0 0 0 0 0 0 0 0 0 0 0 0 0 0 0 0 0 0 0 0 0 0 0 0 0 0 0
0 0 6 0 0 1 0 0 51 0 8 0 167 2 5 2 14 0 19 0 1 440 3 93 560 26 1866 2 7 2 6 3 0 22 0 381 4 1 1 0 1 0 6 0 0 0 21 0 1 2 7 0 3 0 0 34 1 4 64 19 245 0 0 0 5 0 0 5
63 6 0 0 0 89 257 192 0 37 1 0 0 218 1 0 2158 2 222 0 201 2 3364 8 0 2142 4143 30 39 98 0 0 0 74 0 11 160 0 0 0 0 0 0 0 1 0 1 0 0 13 47 0 1 0 0 14 44 5 0 12 447 1 0 0 0 0 0 20
0 0 0 0 7 23 1 9 133 457 0 723 0 0 11 0 0 0 0 1791 0 0 0 894 0 0 0 895 16 0 0 0 1 10 0 0 0 54 0 0 0 0 18 0 0 24 0 0 1 0 0 0 0 8 0 0 0 15 0 0 0 5 0 0 0 0 0 0
0 0 0 7 0 181 1 5 117 22 29 88 46 0 854 0 0 0 0 5 9 8 19 27 0 0 1 16 2 0 0 81 0 288 0 0 0 0 1 0 0 0 1 0 0 2 0 0 0 0 0 0 0 0 0 1 0 1 0 0 0 0 0 0 0 0 0 0
2 1 89 23 181 0 465 2730 81 3349 17 3533 77 56 942 0 5 3 0 26 17 2 21 60 2 4 3 238 67 5 0 98 0 63 0 0 0 0 0 2 0 0 11 0 0 237 0 1 12 0 0 0 0 7 0 0 0 70 0 0 0 4 0 0 0 1 0 6
488 0 257 1 1 465 0 273 1 2009 2 2 4 1396 10 1 9 0 2 0 97 1 123 172 1 7 6 6039 140 1304 0 0 13 88 0 0 0 0 0 0 0 0 0 0 0 0 0 0 1 0 0 0 0 0 0 1 0 3 0 0 1 2 1 0 0 0 0 0
19 0 192 9 5 2730 273 0 22 679 41 264 24 2727 10 0 53 3 12 14 7 0 68 3 1 21 8 29 59 14 1 351 1 72 0 1 0 0 0 0 0 0 3 0 0 2 0 0 0 0 0 0 0 0 0 0 0 4 0 0 0 0 0 0 0 0 0 1
0 51 0 133 117 81 1 22 0 160 16 465 58 6 623 0 3 0 8 109 1 411 3 1770 149 9 121 137 25 0 0 51 2 38 0 0 0 33 2 1 0 0 176 32 1 178 0 0 2 15 0 0 0 14 4 24 2 99 9 0 2 51 4 2 0 1 0 3
7 0 37 457 22 3349 2009 679 160 0 6 1445 49 590 35 0 0 0 0 1467 4 0 14 94 0 2 0 2043 159 9 0 8 2 98 0 0 0 2 0 0 0 0 56 1 0 53 0 0 7 0 0 0 0 19 0 0 0 197 0 0 0 0 0 0 0 0 0 1
3 8 1 0 29 17 2 41 16 6 0 21 1985 38 4 0 23 2167 497 2 7 4 7 4 18 602 82 4 175 2 42 373 1 1584 0 9 0 0 0 0 0 0 5 0 14 0 284 0 0 0 1 14 5 0 0 10 0 0 69 52 110 0 0 0 39 0 0 2
0 0 0 723 88 3533 2 264 465 1445 21 0 49 39 846 0 0 1 0 1904 0 2 1 382 0 2 1 173 81 0 0 27 0 90 0 0 0 44 1 5 0 1 19 27 0 414 0 1 19 0 0 0 0 39 0 0 0 28 0 0 0 31 1 0 0 0 0 1
0 167 0 0 46 77 4 24 58 49 1985 49 0 5 11 0 0 15 7 9 14 43 20 15 1218 52 1133 30 29 2 221 115 0 444 0 41 0 0 5 7 0 4 15 10 36 8 1360 0 8 1 0 9 3 2 1 21 3 7 345 87 179 7 4 0 121 8 0 238
1172 2 218 0 0 56 1396 2727 6 590 38 39 5 0 0 0 120 3 13 4 11 0 86 3 0 13 12 14 2107 221 0 116 3 52 0 0 0 0 0 0 0 0 2 0 0 0 1 0 0 0 0 0 0 0 0 0 0 0 0 0 0 0 0 0 0 0 0 0
0 5 1 11 854 942 10 10 623 35 4 846 11 0 0 3 0 0 0 10 12 19 13 77 1 1 7 40 11 0 0 45 1 7 0 0 0 8 2 1 0 0 3 4 0 76 0 0 4 0 0 0 0 6 0 2 1 16 0 0 0 3 0 1 0 0 0 1
0 2 0 0 0 0 1 0 0 0 0 0 0 0 3 0 4 0 1 0 489 678 1013 620 0 1 791 36 0 0 0 0 0 15 0 1 3 0 0 0 0 0 2 0 0 0 0 0 0 394 0 0 0 0 28 45 232 47 0 0 174 7 0 8 0 0 0 7
61 14 2158 0 0 5 9 53 3 0 23 0 0 120 0 4 0 13 1384 0 64 4 1520 11 0 622 649 5 248 259 0 0 20 1587 0 22 37 0 0 0 0 0 1 0 1 0 0 0 0 10 7 0 2 0 0 15 1 0 1 9 163 0 0 0 0 0 0 8
0 0 2 0 0 3 0 3 0 0 2167 1 15 3 0 0 13 0 969 0 0 0 0 0 2 532 9 0 17 1 1 4 0 128 0 0 0 0 0 0 0 0 0 0 0 0 0 0 0 0 0 2 3 0 0 0 0 0 3 24 19 0 0 0 0 0 0 2
18 19 222 0 0 0 2 12 8 0 497 0 7 13 0 1 1384 969 0 0 3 12 40 3 7 1942 337 1 51 10 0 18 4 659 0 30 11 0 0 0 0 0 0 0 0 0 1 0 0 0 7 5 31 0 0 5 0 0 11 76 188 0 0 0 1 0 0 7
0 0 0 1791 5 26 0 14 109 1467 2 1904 9 4 10 0 0 0 0 0 0 1 0 171 0 0 0 371 10 0 0 4 0 12 0 0 0 44 0 2 0 0 27 15 0 33 0 0 4 0 0 0 0 81 0 0 0 36 0 0 0 17 0 0 0 0 0 0
5 1 201 0 9 17 97 7 1 4 7 0 14 11 12 489 64 0 3 0 0 19 6260 76 0 2 104 1815 38 2385 0 18 52 1336 0 0 0 0 0 0 0 0 3 0 0 0 0 0 0 66 0 0 0 0 16 17 12 44 0 0 1 4 1 25 0 0 1 23
0 440 2 0 8 2 1 0 411 0 4 2 43 0 19 678 4 0 12 1 19 0 3 973 90 10 871 3 5 0 1 1 0 16 0 10 4 3 3 0 1 0 46 0 0 0 3 0 4 71 1 0 0 0 5 285 13 130 5 3 86 6 0 0 1 0 0 0
38 3 3364 0 19 21 123 68 3 14 7 1 20 86 13 1013 1520 0 40 0 6260 3 0 84 0 88 2446 187 41 348 0 19 5 1423 0 2 11 0 0 0 0 0 0 0 0 0 0 0 0 271 1 0 0 0 9 22 363 16 0 0 241 1 2 6 0 0 0 15
2 93 8 894 27 60 172 3 1770 94 4 382 15 3 77 620 11 0 3 171 76 973 84 0 49 6 626 2112 18 11 0 2 0 31 2 13 0 107 0 1 1 0 126 92 0 20 0 0 25 67 0 0 0 28 18 38 22 576 1 0 43 137 8 19 0 0 2 29
0 560 0 0 0 2 1 1 149 0 18 0 1218 0 1 0 0 2 7 0 0 90 0 49 0 46 845 0 6 0 13 0 0 10 0 66 0 0 0 0 0 0 15 0 3 0 161 0 0 0 1 3 4 0 0 10 2 7 611 53 225 0 0 0 22 3 0 13
10 26 2142 0 0 4 7 21 9 2 602 2 52 13 1 1 622 532 1942 0 2 10 88 6 46 0 4296 0 68 7 406 13 1 161 0 50 24 1 0 0 0 0 0 0 2 0 24 0 0 2 28 38 105 0 0 8 1 0 62 408 644 0 0 0 12 0 0 24
6 1866 4143 0 1 3 6 8 121 0 82 1 1133 12 7 791 649 9 337 0 104 871 2446 626 845 4296 0 141 69 7 270 8 1 523 0 204 274 1 1 0 0 0 0 0 6 0 34 0 0 317 75 25 89 0 6 144 280 65 128 350 3134 3 0 0 11 0 0 102
3 2 30 895 16 238 6039 29 137 2043 4 173 30 14 40 36 5 0 1 371 1815 3 187 2112 0 0 141 0 260 1254 0 8 59 198 2 3 0 1 0 0 0 0 31 0 0 7 0 0 9 4 0 0 0 4 2 4 2 134 0 0 2 12 1 3 0 0 0 13
1108 7 39 16 2 67 140 59 25 159 175 81 29 2107 11 0 248 17 51 10 38 5 41 18 6 68 69 260 0 1666 7 317 716 1054 0 5 0 0 0 1 0 0 2 0 0 0 1 0 2 2 0 0 0 0 1 0 0 26 2 1 11 8 2 0 0 0 0 6
579 2 98 0 0 5 1304 14 0 9 2 0 2 221 0 0 259 1 10 0 2385 0 348 11 0 7 7 1254 1666 0 0 2 455 799 0 0 1 0 0 0 0 0 2 0 0 0 0 0 0 8 0 0 0 0 6 3 2 29 0 0 0 14 2 5 0 0 1 8
0 6 0 0 0 0 0 1 0 0 42 0 221 0 0 0 0 1 0 0 0 1 0 0 13 406 270 0 7 0 0 0 0 3 0 1 0 0 0 0 0 0 0 0 1 0 72 0 0 0 0 12 1 0 0 0 0 0 26 38 89 0 0 0 33 0 0 1
0 3 0 0 81 98 0 351 51 8 373 27 115 116 45 0 0 4 18 4 18 1 19 2 0 13 8 8 317 2 0 0 6 671 0 0 0 0 0 0 0 0 0 0 0 0 0 0 0 0 0 0 0 0 0 0 0 0 1 0 0 0 0 0 0 0 0 2
2 0 0 1 0 0 13 1 2 2 1 0 0 3 1 0 20 0 4 0 52 0 5 0 0 1 1 59 716 455 0 6 0 479 0 0 0 0 0 0 0 0 1 0 0 0 0 0 0 0 0 0 0 0 0 0 0 5 0 0 0 1 0 0 0 0 0 0
8 22 74 10 288 63 88 72 38 98 1584 90 444 52 7 15 1587 128 659 12 1336 16 1423 31 10 161 523 198 1054 799 3 671 479 0 0 23 41 0 0 0 0 2 9 0 1 0 3 0 4 12 19 5 20 0 13 19 13 62 8 41 247 22 2 7 0 0 0 21
0 0 0 0 0 0 0 0 0 0 0 0 0 0 0 0 0 0 0 0 0 0 0 2 0 0 0 2 0 0 0 0 0 0 0 1 4 0 0 5 121 25 1 2 2 2 0 1028 1 1 15 7 31 0 0 0 1 7 0 4 5 31 1091 218 0 0 1 14
0 381 11 0 0 0 0 1 0 0 9 0 41 0 0 1 22 0 30 0 0 10 2 13 66 50 204 3 5 0 1 0 0 23 1 0 17 0 1 1 1 1 110 0 2 0 90 1 14 7 18 1 27 0 2 439 4 60 871 36 1852 1 5 1 1 2 0 43
0 4 160 0 0 0 0 0 0 0 0 0 0 0 0 3 37 0 11 0 0 4 11 0 0 24 274 0 0 1 0 0 0 41 4 17 0 1 0 17 361 159 0 23 3 0 1 160 2 4 1882 6 82 0 32 3 4065 21 0 3202 2950 87 1 2 0 0 0 30
0 1 0 54 0 0 0 0 33 2 0 44 0 0 8 0 0 0 0 44 0 3 0 107 0 1 1 1 0 0 0 0 0 0 0 0 1 0 12 29 1 17 140 562 0 1021 0 18 15 0 0 0 0 2651 0 2 0 1003 0 0 0 507 32 0 0 1 0 57
0 1 0 0 1 0 0 0 2 0 0 1 5 0 2 0 0 0 0 0 0 3 0 0 0 0 1 0 0 0 0 0 0 0 0 1 0 12 0 188 0 12 118 17 14 26 23 1 958 1 0 0 0 11 5 16 18 47 1 0 3 19 1 0 0 95 0 197
0 0 0 0 0 2 0 0 1 0 0 5 7 0 1 0 0 0 0 2 0 0 0 1 0 0 0 0 1 0 0 0 0 0 5 1 17 29 188 0 215 3040 55 2309 25 3646 5 116 970 0 0 2 0 20 0 1 5 76 0 1 1 707 74 0 2 447 0 55
0 1 0 0 0 0 0 0 0 0 0 0 0 0 0 0 0 0 0 0 0 1 0 1 0 0 0 0 0 0 0 0 0 0 121 1 361 1 0 215 0 340 1 1007 4 1 0 1245 7 0 136 2 18 0 47 2 505 50 0 28 21 2982 72 2725 0 0 4 33
0 0 0 0 0 0 0 0 0 0 0 1 4 0 0 0 0 0 0 0 0 0 0 0 0 0 0 0 0 0 0 0 0 2 25 1 159 17 12 3040 340 0 18 1426 11 232 7 2180 56 0 50 1 5 11 2 0 28 6 0 42 5 44 45 11 0 427 0 63
0 6 0 18 1 11 0 3 176 56 5 19 15 2 3 2 1 0 0 27 3 46 0 126 15 0 0 31 2 2 0 0 1 9 1 110 0 140 118 55 1 18 0 47 13 328 22 5 403 1 0 0 1 115 0 405 1 2233 118 1 108 145 12 0 0 32 1 13
0 0 0 0 0 0 0 0 32 1 0 27 10 0 4 0 0 0 0 15 0 0 0 92 0 0 0 0 0 0 0 0 0 0 2 0 23 562 17 2309 1007 1426 47 0 29 2867 0 617 18 0 2 0 0 597 2 0 6 29 0 3 1 2594 197 2 0 21 0 200
0 0 1 0 0 0 0 0 1 0 14 0 36 0 0 0 1 0 0 0 0 0 0 0 3 2 6 0 0 0 1 0 0 1 2 2 3 0 14 25 4 11 13 29 0 61 949 38 4 1 54 1270 244 6 11 2 7 11 26 594 26 11 312 10 111 413 0 2238
0 0 0 24 2 237 0 2 178 53 0 414 8 0 76 0 0 0 0 33 0 0 0 20 0 0 0 7 0 0 0 0 0 0 2 0 0 1021 26 3646 1 232 328 2867 61 0 2 130 1010 0 0 2 0 2186 0 0 0 391 0 0 2 292 116 0 0 35 0 199
0 21 1 0 0 0 0 0 0 0 284 0 1360 1 0 0 0 0 1 0 0 3 0 0 161 24 34 0 1 0 72 0 0 3 0 90 1 0 23 5 0 7 22 0 949 2 0 4 13 1 0 3 0 1 1 15 3 13 1423 57 674 4 22 0 744 124 0 1063
0 0 0 0 0 1 0 0 0 0 0 1 0 0 0 0 0 0 0 0 0 0 0 0 0 0 0 0 0 0 0 0 0 0 1028 1 160 18 1 116 1245 2180 5 617 38 130 4 0 10 0 145 1 7 11 3 1 32 22 0 74 6 121 1136 579 5 67 0 98
0 1 0 1 0 12 1 0 2 7 0 19 8 0 4 0 0 0 0 4 0 4 0 25 0 0 0 9 2 0 0 0 0 4 1 14 2 15 958 970 7 56 403 18 4 1010 13 10 0 0 0 0 0 9 3 19 5 162 0 0 11 67 9 0 0 32 0 28
0 2 13 0 0 0 0 0 15 0 0 0 1 0 0 394 10 0 0 0 66 71 271 67 0 2 317 4 2 8 0 0 0 12 1 7 4 0 1 0 0 0 1 0 1 0 1 0 0 0 15 0 2 0 668 970 848 992 1 4 1038 255 0 1 0 0 0 17
0 7 47 0 0 0 0 0 0 0 1 0 0 0 0 0 7 0 7 0 0 1 1 0 1 28 75 0 0 0 0 0 0 19 15 18 1882 0 0 0 136 50 0 2 54 0 0 145 0 15 0 35 691 0 39 9 1129 7 0 446 1171 19 32 203 0 0 1 1208
0 0 0 0 0 0 0 0 0 0 14 0 9 0 0 0 0 2 5 0 0 0 0 0 3 38 25 0 0 0 12 0 0 5 7 1 6 0 0 2 2 1 0 0 1270 2 3 1 0 0 35 0 666 0 1 1 2 1 11 336 60 0 10 11 7 1 2 115
0 3 1 0 0 0 0 0 0 0 5 0 3 0 0 0 2 3 31 0 0 0 0 0 4 105 89 0 0 0 1 0 0 20 31 27 82 0 0 0 18 5 1 0 244 0 0 7 0 2 691 666 0 0 3 7 10 1 3 1356 305 0 15 40 0 0 0 276
0 0 0 8 0 7 0 0 14 19 0 39 2 0 6 0 0 0 0 81 0 0 0 28 0 0 0 4 0 0 0 0 0 0 0 0 0 2651 11 20 0 11 115 597 6 2186 1 11 9 0 0 0 0 0 0 0 0 88 0 0 0 443 28 0 0 4 0 28
0 0 0 0 0 0 0 0 4 0 0 0 1 0 0 28 0 0 0 0 16 5 9 18 0 0 6 2 1 6 0 0 0 13 0 2 32 0 5 0 47 2 0 2 11 0 1 3 3 668 39 1 3 0 0 16 5845 49 0 6 56 2645 32 1380 0 3 18 1092
0 34 14 0 1 0 1 0 24 0 10 0 21 0 2 45 15 0 5 0 17 285 22 38 10 8 144 4 0 3 0 0 0 19 0 439 3 2 16 1 2 0 405 0 2 0 15 1 19 970 9 1 7 0 16 0 22 1059 71 9 859 12 2 21 0 1 0 28
0 1 44 0 0 0 0 0 2 0 0 0 3 0 1 232 1 0 0 0 12 13 363 22 2 1 280 2 0 2 0 0 0 13 1 4 4065 0 18 5 505 28 1 6 7 0 3 32 5 848 1129 2 10 0 5845 22 0 67 1 29 2200 579 18 195 0 0 16 1193
0 4 5 15 1 70 3 4 99 197 0 28 7 0 16 47 0 0 0 36 44 130 16 576 7 0 65 134 26 29 0 0 5 62 7 60 21 1003 47 76 50 6 2233 29 11 391 13 22 162 992 7 1 1 88 49 1059 67 0 62 4 378 2635 85 5 0 11 8 58
0 64 0 0 0 0 0 0 9 0 69 0 345 0 0 0 1 3 11 0 0 5 0 1 611 62 128 0 2 0 26 1 0 8 0 871 0 0 1 0 0 0 118 0 26 0 1423 0 0 1 0 11 3 0 0 71 1 62 0 45 1247 0 1 0 13 7 0 48
0 19 12 0 0 0 0 0 0 0 52 0 87 0 0 0 9 24 76 0 0 3 0 0 53 408 350 0 1 0 38 0 0 41 4 36 3202 0 0 1 28 42 1 3 594 0 57 74 0 4 446 336 1356 0 6 9 29 4 45 0 4022 1 7 12 399 3 2 117
0 245 447 0 0 0 1 0 2 0 110 0 179 0 0 174 163 19 188 0 1 86 241 43 225 644 3134 2 11 0 89 0 0 247 5 1852 2950 0 3 1 21 5 108 1 26 2 674 6 11 1038 1171 60 305 0 56 859 2200 378 1247 4022 0 127 6 18 204 0 2 399
0 0 1 5 0 4 2 0 51 0 0 31 7 0 3 7 0 0 0 17 4 6 1 137 0 0 3 12 8 14 0 0 1 22 31 1 87 507 19 707 2982 44 145 2594 11 292 4 121 67 255 19 0 0 443 2645 12 579 2635 0 1 127 0 472 951 0 7 50 422
0 0 0 0 0 0 1 0 4 0 0 1 4 0 0 0 0 0 0 0 1 0 2 8 0 0 0 1 2 2 0 0 0 2 1091 5 1 32 1 74 72 45 12 197 312 116 22 1136 9 0 32 10 15 28 32 2 18 85 1 7 6 472 0 775 5 156 589 1019
0 0 0 0 0 0 0 0 2 0 0 0 0 0 1 8 0 0 0 0 25 0 6 19 0 0 0 3 0 5 0 0 0 7 218 1 2 0 0 0 2725 11 0 2 10 0 0 579 0 1 203 11 40 0 1380 21 195 5 0 12 18 951 775 0 0 0 232 504
0 5 0 0 0 0 0 0 0 0 39 0 121 0 0 0 0 0 1 0 0 1 0 0 22 12 11 0 0 0 33 0 0 0 0 1 0 0 0 2 0 0 0 0 111 0 744 5 0 0 0 7 0 0 0 0 0 0 13 399 204 0 5 0 0 6 0 34
0 0 0 0 0 1 0 0 1 0 0 0 8 0 0 0 0 0 0 0 0 0 0 0 3 0 0 0 0 0 0 0 0 0 0 2 0 1 95 447 0 427 32 21 413 35 124 67 32 0 0 1 0 4 3 1 0 11 7 3 0 7 156 0 6 0 1 582
0 0 0 0 0 0 0 0 0 0 0 0 0 0 0 0 0 0 0 0 1 0 0 2 0 0 0 0 0 1 0 0 0 0 1 0 0 0 0 0 4 0 1 0 0 0 0 0 0 0 1 2 0 0 18 0 16 8 0 2 2 50 589 232 0 1 0 400
0 5 20 0 0 6 0 1 3 1 2 1 238 0 1 7 8 2 7 0 23 0 15 29 13 24 102 13 6 8 1 2 0 21 14 43 30 57 197 55 33 63 13 200 2238 199 1063 98 28 17 1208 115 276 28 1092 28 1193 58 48 117 399 422 1019 504 34 582 400 0
