0 0 13 2 0 0 167 73 0 6 9 1 0 1447 0 0 24 1 8 0 0 0 11 3 0 5 0 3 956 286 1 0 2 19 0 0 0 0 0 2 0 0 0 0 0 0 0 0 2 0 0 0 0 0 0 0 0 0 0 0 0 0 0 0 0 0 0 0
0 0 1 0 0 0 0 0 31 0 0 1 73 2 1 10 8 0 0 0 1 198 2 36 398 7 1078 0 1 0 0 0 0 11 0 239 2 0 0 0 0 0 0 0 1 0 18 0 0 3 5 0 0 0 0 4 1 1 8 11 157 0 0 1 2 0 0 5
13 1 0 0 0 2 81 61 0 0 0 0 0 56 1 1 1191 0 23 0 339 2 2894 1 0 1756 2715 6 13 114 0 0 1 30 0 8 67 0 0 0 1 0 0 0 1 0 0 0 0 7 7 0 0 0 0 4 4 2 0 5 208 1 0 0 0 0 0 5
2 0 0 0 18 51 78 12 74 504 0 426 6 6 34 0 0 0 0 3132 1 0 0 886 0 0 1 811 13 0 0 1 0 24 1 0 0 127 0 16 2 0 25 27 0 53 0 1 6 0 0 0 0 202 0 0 0 215 0 0 0 52 0 0 0 0 0 2
0 0 0 18 0 206 1 5 142 9 5 23 32 0 870 3 0 0 0 9 20 14 32 67 0 0 0 26 0 3 0 67 1 169 0 0 0 1 2 11 0 2 4 0 0 8 0 1 12 4 0 0 0 2 0 0 0 4 0 0 0 0 0 0 0 0 0 0
0 0 2 51 206 0 144 2472 120 2127 40 2989 109 72 1283 0 2 7 0 106 0 0 1 85 2 6 0 107 32 3 0 34 1 71 0 1 0 33 7 140 2 24 12 51 0 133 3 15 22 0 0 0 0 42 0 1 0 53 0 0 0 53 8 0 0 14 1 34
167 0 81 78 1 144 0 721 7 2077 15 12 10 1526 18 0 32 6 9 9 166 0 54 88 0 30 3 4959 151 1806 0 5 10 98 0 0 0 4 0 7 1 3 4 19 0 6 1 1 1 0 0 0 0 3 0 0 0 9 0 0 0 8 1 0 0 0 0 4
73 0 61 12 5 2472 721 0 24 916 12 150 16 2008 27 0 116 0 4 29 6 1 51 44 0 12 1 89 104 136 0 170 0 87 0 0 0 1 0 79 0 1 9 6 0 18 1 7 22 1 0 0 0 1 0 0 0 34 0 0 0 11 1 7 0 4 1 15
0 31 0 74 142 120 7 24 0 27 12 294 34 12 340 0 0 1 1 51 0 468 0 1558 104 3 242 31 21 0 0 46 0 29 0 4 0 17 3 12 3 3 366 18 6 14 4 1 9 11 0 0 0 4 3 20 0 195 6 0 14 42 16 0 0 3 1 7
6 0 0 504 9 2127 2077 916 27 0 12 1208 27 305 47 0 0 0 0 573 2 0 0 85 1 0 0 1002 104 3 0 5 1 152 0 0 0 17 0 64 2 0 32 19 0 60 0 2 11 0 0 0 0 77 0 0 0 280 0 0 0 37 0 2 0 0 0 3
9 0 0 0 5 40 15 12 12 12 0 36 646 26 4 0 277 1685 412 6 12 3 9 4 53 917 34 2 214 16 72 158 2 1198 0 10 1 0 0 0 0 0 2 0 63 0 221 0 0 0 0 0 0 0 0 4 0 0 24 10 15 0 1 0 35 3 0 4
1 1 0 426 23 2989 12 150 294 1208 36 0 18 42 751 0 1 6 0 1527 0 7 0 445 4 0 3 70 56 0 0 6 0 111 0 0 0 39 1 131 0 3 31 32 0 546 0 1 52 0 0 0 0 52 0 0 0 54 0 0 0 24 0 0 0 0 0 4
0 73 0 6 32 109 10 16 34 27 646 18 0 9 48 2 0 0 0 13 2 55 6 16 865 25 1234 15 39 0 215 212 0 351 0 21 0 0 5 14 3 6 5 19 68 9 749 3 9 1 0 1 0 11 1 9 0 3 124 21 88 5 2 0 93 15 0 94
1447 2 56 6 0 72 1526 2008 12 305 26 42 9 0 8 0 103 4 10 12 12 0 56 12 0 9 4 26 2170 735 3 59 0 105 0 0 0 0 0 9 0 4 1 0 0 0 2 5 2 0 0 0 0 0 0 0 0 7 0 0 0 2 2 0 0 0 1 3
0 1 1 34 870 1283 18 27 340 47 4 751 48 8 0 10 0 1 1 30 34 23 7 156 0 0 8 91 13 12 0 40 0 38 0 1 0 20 14 14 1 7 8 20 0 25 2 0 5 11 0 0 0 20 0 3 0 18 0 0 0 13 3 0 0 0 1 3
0 10 1 0 3 0 0 0 0 0 0 0 2 0 10 0 1 0 0 0 843 1311 1217 1010 7 0 871 195 0 1 0 0 0 7 0 4 4 0 0 0 0 0 3 0 0 0 0 0 10 1209 1 0 0 0 56 85 197 136 1 0 175 57 1 2 0 0 0 1
24 8 1191 0 0 2 32 116 0 0 277 1 0 103 0 1 0 79 1642 0 126 4 1384 4 0 1388 922 5 155 299 0 0 4 1638 0 8 23 0 0 0 0 0 0 0 0 0 0 0 0 0 6 0 3 0 0 3 4 0 0 16 149 0 0 0 0 0 0 5
1 0 0 0 0 7 6 0 1 0 1685 6 0 4 1 0 79 0 769 0 0 0 2 0 0 527 5 0 21 1 0 0 0 97 0 1 0 0 0 0 0 0 0 0 0 0 2 0 0 0 0 0 0 0 0 0 0 0 0 7 2 0 0 0 4 0 0 0
8 0 23 0 0 0 9 4 1 0 412 0 0 10 1 0 1642 769 0 0 16 2 16 1 0 1489 145 2 45 17 0 1 3 312 0 4 1 0 0 0 0 0 0 0 0 0 2 0 0 0 0 0 0 0 0 0 0 0 0 18 38 0 0 0 0 0 0 0
0 0 0 3132 9 106 9 29 51 573 6 1527 13 12 30 0 0 0 0 0 0 0 0 185 1 0 0 111 17 0 0 3 0 14 0 0 0 46 0 29 0 1 16 80 0 43 0 0 6 0 0 0 0 72 0 4 0 88 0 0 0 48 0 0 0 0 0 0
0 1 339 1 20 0 166 6 0 2 12 0 2 12 34 843 126 0 16 0 0 0 6848 16 0 37 118 635 20 2557 0 1 17 1188 0 1 0 0 0 0 0 0 0 0 0 0 0 0 1 38 0 0 0 0 5 2 10 11 0 0 10 3 0 3 0 0 0 0
0 198 2 0 14 0 0 1 468 0 3 7 55 0 23 1311 4 0 2 0 0 0 1 781 166 7 980 2 1 0 1 3 0 6 0 53 1 0 1 1 0 0 23 0 1 0 26 0 1 226 1 0 1 0 8 312 21 76 17 2 170 20 0 0 0 0 0 0
11 2 2894 0 32 1 54 51 0 0 9 0 6 56 7 1217 1384 2 16 0 6848 1 0 10 0 103 3440 43 74 597 0 0 14 2106 0 4 25 0 0 0 0 0 1 0 0 0 1 0 1 408 0 0 0 0 7 33 238 24 0 0 271 4 0 0 0 0 0 6
3 36 1 886 67 85 88 44 1558 85 4 445 16 12 156 1010 4 0 1 185 16 781 10 0 91 4 244 1733 40 2 0 8 10 92 0 4 0 62 1 20 9 3 122 139 0 28 0 5 40 155 0 0 0 76 23 74 13 798 3 0 24 267 10 1 0 0 2 46
0 398 0 0 0 2 0 0 104 1 53 4 865 0 0 7 0 0 0 1 0 166 0 91 0 7 1142 0 5 0 5 3 0 21 0 73 0 0 0 0 0 0 4 0 19 0 128 0 0 0 0 0 0 0 0 9 0 1 298 13 80 0 1 0 8 0 0 2
5 7 1756 0 0 6 30 12 3 0 917 0 25 9 0 0 1388 527 1489 0 37 7 103 4 7 0 3636 1 29 22 304 4 0 145 0 32 30 0 0 0 0 0 0 0 11 0 119 0 0 0 23 0 10 0 0 2 2 0 24 367 772 0 0 0 89 0 0 11
0 1078 2715 1 0 0 3 1 242 0 34 3 1234 4 8 871 922 5 145 0 118 980 3440 244 1142 3636 0 19 31 18 107 2 2 524 0 497 239 0 0 0 2 0 13 0 6 0 192 0 1 429 45 1 23 0 13 176 342 40 152 356 4695 10 0 1 77 0 0 35
3 0 6 811 26 107 4959 89 31 1002 2 70 15 26 91 195 5 0 2 111 635 2 43 1733 0 1 19 0 100 1352 0 2 28 326 0 1 0 20 0 17 1 0 23 24 0 20 0 1 24 50 0 0 0 46 8 6 4 230 0 0 1 84 1 2 0 0 2 16
956 1 13 13 0 32 151 104 21 104 214 56 39 2170 13 0 155 21 45 17 20 1 74 40 5 29 31 100 0 1461 4 210 1279 1545 0 0 0 0 0 8 0 3 4 0 2 0 4 1 0 0 0 0 0 0 0 0 0 4 0 0 4 0 2 0 0 4 0 2
286 0 114 0 3 3 1806 136 0 3 16 0 0 735 12 1 299 1 17 0 2557 0 597 2 0 22 18 1352 1461 0 0 0 192 1206 0 1 0 0 0 0 0 0 1 0 0 0 0 0 0 0 0 0 0 0 0 1 0 0 0 0 1 0 0 0 0 0 0 0
1 0 0 0 0 0 0 0 0 0 72 0 215 3 0 0 0 0 0 0 0 1 0 0 5 304 107 0 4 0 0 0 1 3 0 0 0 0 0 0 0 0 0 0 7 0 112 0 0 0 0 0 0 0 0 0 0 0 7 11 26 0 0 0 38 0 0 0
0 0 0 1 67 34 5 170 46 5 158 6 212 59 40 0 0 0 1 3 1 3 0 8 3 4 2 2 210 0 0 0 2 587 0 3 1 0 0 11 0 3 0 0 0 0 1 3 3 0 0 0 0 0 0 0 0 0 0 0 1 0 1 0 0 3 0 5
2 0 1 0 1 1 10 0 0 1 2 0 0 0 0 0 4 0 3 0 17 0 14 10 0 0 2 28 1279 192 1 2 0 405 0 0 0 0 0 0 0 0 0 0 0 0 0 0 0 0 0 0 0 0 0 0 0 1 0 0 0 0 0 0 0 0 0 0
19 11 30 24 169 71 98 87 29 152 1198 111 351 105 38 7 1638 97 312 14 1188 6 2106 92 21 145 524 326 1545 1206 3 587 405 0 0 9 12 0 0 13 0 8 5 0 0 2 7 6 8 5 5 0 4 0 2 9 12 16 5 19 140 1 4 0 1 7 0 12
0 0 0 1 0 0 0 0 0 0 0 0 0 0 0 0 0 0 0 0 0 0 0 0 0 0 0 0 0 0 0 0 0 0 0 1 12 1 0 1 418 13 1 1 5 1 0 1237 1 0 16 0 37 1 2 0 2 5 0 8 7 4 946 324 0 0 4 20
0 239 8 0 0 1 0 0 4 0 10 0 21 0 1 4 8 1 4 0 1 53 4 4 73 32 497 1 0 1 0 3 0 9 1 0 4 0 1 0 0 3 41 0 1 0 107 1 14 22 3 0 2 0 0 464 2 60 476 15 1696 1 1 3 2 0 0 1
0 2 67 0 0 0 0 0 0 0 1 0 0 0 0 4 23 0 1 0 0 1 25 0 0 30 239 0 0 0 0 1 0 12 12 4 0 0 0 6 236 92 0 1 0 0 0 97 0 7 612 2 41 0 71 0 2562 1 0 1406 3374 73 0 35 0 0 0 13
0 0 0 127 1 33 4 1 17 17 0 39 0 0 20 0 0 0 0 46 0 0 0 62 0 0 0 20 0 0 0 0 0 0 1 0 0 0 11 25 10 8 69 1189 1 452 0 5 24 0 0 0 0 3762 0 0 0 588 0 0 2 1381 10 0 0 1 1 33
0 0 0 0 2 7 0 0 3 0 0 1 5 0 14 0 0 0 0 0 0 1 0 1 0 0 0 0 0 0 0 0 0 0 0 1 0 11 0 262 1 6 141 4 9 23 5 2 881 0 0 0 0 8 2 21 2 60 0 0 0 13 2 0 0 89 0 132
2 0 0 16 11 140 7 79 12 64 0 131 14 9 14 0 0 0 0 29 0 1 0 20 0 0 0 17 8 0 0 11 0 13 1 0 6 25 262 0 184 1648 90 2092 6 2584 0 69 797 0 0 5 1 141 0 2 4 93 0 0 0 49 37 1 0 22 1 70
0 0 1 2 0 2 1 0 3 2 0 0 3 0 1 0 0 0 0 0 0 0 0 9 0 0 2 1 0 0 0 0 0 0 418 0 236 10 1 184 0 814 9 1949 29 6 0 2875 11 6 86 4 17 3 51 1 309 126 0 52 10 4417 161 1776 0 10 0 104
0 0 0 0 2 24 3 1 3 0 0 3 6 4 7 0 0 0 0 1 0 0 0 3 0 0 0 0 3 0 0 3 0 8 13 3 92 8 6 1648 814 0 43 1107 10 194 1 2811 134 0 14 3 1 36 2 0 41 19 0 27 4 28 64 47 0 161 0 68
0 0 0 25 4 12 4 9 366 32 2 31 5 1 8 3 0 0 0 16 0 23 1 122 4 0 13 23 4 1 0 0 0 5 1 41 0 69 141 90 9 43 0 31 22 415 85 18 412 2 0 2 3 89 0 272 0 1706 93 2 150 45 23 2 0 25 4 41
0 0 0 27 0 51 19 6 18 19 0 32 19 0 20 0 0 0 0 80 0 0 0 139 0 0 0 24 0 0 0 0 0 0 1 0 1 1189 4 2092 1949 1107 31 0 25 1571 0 800 29 0 0 0 1 1126 0 0 2 168 0 0 0 828 105 0 0 10 1 184
0 1 1 0 0 0 0 0 6 0 63 0 68 0 0 0 0 0 0 0 0 1 0 0 19 11 6 0 2 0 7 0 0 0 5 1 0 1 9 6 29 10 22 25 0 26 775 32 11 2 16 1201 265 9 9 1 11 16 54 292 4 37 260 23 69 328 2 1477
0 0 0 53 8 133 6 18 14 60 0 546 9 0 25 0 0 0 0 43 0 0 0 28 0 0 0 20 0 0 0 0 0 2 1 0 0 452 23 2584 6 194 415 1571 26 0 0 72 587 0 0 0 0 1921 0 0 0 401 0 0 2 155 87 0 0 6 0 158
0 18 0 0 0 3 1 1 4 0 221 0 749 2 2 0 0 2 2 0 0 26 1 0 128 119 192 0 4 0 112 1 0 7 0 107 0 0 5 0 0 1 85 0 775 0 0 2 2 0 0 1 0 0 1 79 1 27 877 23 755 4 32 1 435 174 0 316
0 0 0 1 1 15 1 7 1 2 0 1 3 5 0 0 0 0 0 0 0 0 0 5 0 0 0 1 1 0 0 3 0 6 1237 1 97 5 2 69 2875 2811 18 800 32 72 2 0 20 0 36 3 15 23 4 0 35 16 0 42 6 53 1488 386 0 11 0 90
2 0 0 6 12 22 1 22 9 11 0 52 9 2 5 10 0 0 0 6 1 1 1 40 0 0 1 24 0 0 0 3 0 8 1 14 0 24 881 797 11 134 412 29 11 587 2 20 0 6 0 1 0 28 9 35 2 266 1 0 10 89 21 3 0 22 2 38
0 3 7 0 4 0 0 1 11 0 0 0 1 0 11 1209 0 0 0 0 38 226 408 155 0 0 429 50 0 0 0 0 0 5 0 22 7 0 0 0 6 0 2 0 2 0 0 0 6 0 7 0 1 0 804 1258 706 1303 2 2 1068 458 0 4 0 0 0 11
0 5 7 0 0 0 0 0 0 0 0 0 0 0 0 1 6 0 0 0 0 1 0 0 0 23 45 0 0 0 0 0 0 5 16 3 612 0 0 0 86 14 0 0 16 0 0 36 0 7 0 40 1372 0 61 5 1611 0 0 655 764 27 19 261 0 0 0 1192
0 0 0 0 0 0 0 0 0 0 0 0 1 0 0 0 0 0 0 0 0 0 0 0 0 0 1 0 0 0 0 0 0 0 0 0 2 0 0 5 4 3 2 0 1201 0 1 3 1 0 40 0 658 0 1 0 6 0 0 471 5 4 13 17 0 4 1 125
0 0 0 0 0 0 0 0 0 0 0 0 0 0 0 0 3 0 0 0 0 1 0 0 0 10 23 0 0 0 0 0 0 4 37 2 41 0 0 1 17 1 3 1 265 0 0 15 0 1 1372 658 0 0 21 1 43 1 0 1474 162 8 33 136 0 0 0 430
0 0 0 202 2 42 3 1 4 77 0 52 11 0 20 0 0 0 0 72 0 0 0 76 0 0 0 46 0 0 0 0 0 0 1 0 0 3762 8 141 3 36 89 1126 9 1921 0 23 28 0 0 0 0 0 0 0 0 161 0 0 0 235 26 0 0 1 0 80
0 0 0 0 0 0 0 0 3 0 0 0 1 0 0 56 0 0 0 0 5 8 7 23 0 0 13 8 0 0 0 0 0 2 2 0 71 0 2 0 51 2 0 0 9 0 1 4 9 804 61 1 21 0 0 1 5955 8 0 12 63 1479 6 2839 0 0 2 883
0 4 4 0 0 1 0 0 20 0 4 0 9 0 3 85 3 0 0 4 2 312 33 74 9 2 176 6 0 1 0 0 0 9 0 464 0 0 21 2 1 0 272 0 1 0 79 0 35 1258 5 0 1 0 1 0 16 839 120 6 548 12 3 3 0 0 0 2
0 1 4 0 0 0 0 0 0 0 0 0 0 0 0 197 4 0 0 0 10 21 238 13 0 2 342 4 0 0 0 0 0 12 2 2 2562 0 2 4 309 41 0 2 11 0 1 35 2 706 1611 6 43 0 5955 16 0 21 0 127 2613 287 13 418 0 0 0 906
0 1 2 215 4 53 9 34 195 280 0 54 3 7 18 136 0 0 0 88 11 76 24 798 1 0 40 230 4 0 0 0 1 16 5 60 1 588 60 93 126 19 1706 168 16 401 27 16 266 1303 0 0 1 161 8 839 21 0 56 0 291 2691 123 19 0 3 22 112
0 8 0 0 0 0 0 0 6 0 24 0 124 0 0 1 0 0 0 0 0 17 0 3 298 24 152 0 0 0 7 0 0 5 0 476 0 0 0 0 0 0 93 0 54 0 877 0 1 2 0 0 0 0 0 120 0 56 0 5 1155 0 0 0 4 1 0 36
0 11 5 0 0 0 0 0 0 0 10 0 21 0 0 0 16 7 18 0 0 2 0 0 13 367 356 0 0 0 11 0 0 19 8 15 1406 0 0 0 52 27 2 0 292 0 23 42 0 2 655 471 1474 0 12 6 127 0 5 0 3292 8 8 51 233 1 1 46
0 157 208 0 0 0 0 0 14 0 15 0 88 0 0 175 149 2 38 0 10 170 271 24 80 772 4695 1 4 1 26 1 0 140 7 1696 3374 2 0 0 10 4 150 0 4 2 755 6 10 1068 764 5 162 0 63 548 2613 291 1155 3292 0 49 7 20 108 0 0 227
0 0 1 52 0 53 8 11 42 37 0 24 5 2 13 57 0 0 0 48 3 20 4 267 0 0 10 84 0 0 0 0 0 1 4 1 73 1381 13 49 4417 28 45 828 37 155 4 53 89 458 27 4 8 235 1479 12 287 2691 0 8 49 0 179 1332 0 5 37 419
0 0 0 0 0 8 1 1 16 0 1 0 2 2 3 1 0 0 0 0 0 0 0 10 1 0 0 1 2 0 0 1 0 4 946 1 0 10 2 37 161 64 23 105 260 87 32 1488 21 0 19 13 33 26 6 3 13 123 0 8 7 179 0 1228 0 68 1516 1020
0 1 0 0 0 0 0 7 0 2 0 0 0 0 0 2 0 0 0 0 3 0 0 1 0 0 1 2 0 0 0 0 0 0 324 3 35 0 0 1 1776 47 2 0 23 0 1 386 3 4 261 17 136 0 2839 3 418 19 0 51 20 1332 1228 0 0 1 202 1082
0 2 0 0 0 0 0 0 0 0 35 0 93 0 0 0 0 4 0 0 0 0 0 0 8 89 77 0 0 0 38 0 0 1 0 2 0 0 0 0 0 0 0 0 69 0 435 0 0 0 0 0 0 0 0 0 0 0 4 233 108 0 0 0 0 0 0 1
0 0 0 0 0 14 0 4 3 0 3 0 15 0 0 0 0 0 0 0 0 0 0 0 0 0 0 0 4 0 0 3 0 7 0 0 0 1 89 22 10 161 25 10 328 6 174 11 22 0 0 4 0 1 0 0 0 3 1 1 0 5 68 1 0 0 1 574
0 0 0 0 0 1 0 1 1 0 0 0 0 1 1 0 0 0 0 0 0 0 0 2 0 0 0 2 0 0 0 0 0 0 4 0 0 1 0 1 0 0 4 1 2 0 0 0 2 0 0 1 0 0 2 0 0 22 0 1 0 37 1516 202 0 1 0 270
0 5 5 2 0 34 4 15 7 3 4 4 94 3 3 1 5 0 0 0 0 0 6 46 2 11 35 16 2 0 0 5 0 12 20 1 13 33 132 70 104 68 41 184 1477 158 316 90 38 11 1192 125 430 80 883 2 906 112 36 46 227 419 1020 1082 1 574 270 0
