0 0 8 0 0 1 255 124 0 0 0 0 0 1344 0 0 25 0 0 0 1 0 10 0 0 6 4 1 646 163 0 0 0 13 0 0 0 0 0 0 0 0 0 0 0 0 0 0 0 0 0 0 0 0 0 0 0 0 0 0 0 0 0 0 0 0 0 0
0 0 1 0 0 3 1 1 125 0 50 1 206 0 14 1 2 0 1 0 0 637 0 83 623 18 1684 1 5 1 0 0 0 15 0 269 11 0 0 0 0 0 17 0 2 0 26 0 0 6 0 0 1 0 0 41 1 15 11 48 666 0 2 0 0 1 0 17
8 1 0 0 0 1 131 130 0 5 0 0 0 70 0 1 1082 1 2 0 117 0 2848 3 0 1477 2851 49 13 178 0 0 0 41 0 5 49 0 0 0 0 0 0 0 0 0 0 0 0 4 1 0 0 0 0 2 9 1 0 9 279 0 0 0 0 0 0 5
0 0 0 0 11 42 21 11 106 762 0 552 2 6 42 0 0 0 0 2083 0 0 0 1070 0 0 0 1342 19 1 0 1 0 16 0 0 0 239 0 7 1 0 14 19 0 49 0 1 4 0 0 0 0 75 0 0 0 67 0 0 0 64 1 0 0 0 0 0
0 0 0 11 0 214 2 1 65 1 52 157 63 0 1086 2 0 0 1 4 5 3 5 28 0 0 1 20 1 2 0 286 0 391 0 0 0 0 0 0 0 1 0 0 0 6 0 0 1 0 0 0 0 0 1 1 0 0 0 0 0 0 0 0 0 0 0 0
1 3 1 42 214 0 170 1522 142 2491 22 4257 87 38 880 0 7 2 3 196 1 0 1 54 2 4 11 152 71 2 0 22 0 64 0 0 0 4 1 21 0 4 10 2 1 68 1 1 3 0 0 0 0 9 0 0 0 53 0 0 1 17 0 1 0 0 0 2
255 1 131 21 2 170 0 419 14 2884 10 35 20 1088 14 1 13 0 5 32 148 0 44 75 0 25 29 5738 274 1903 0 2 7 75 0 0 0 2 0 1 0 0 4 5 0 7 0 1 0 0 0 0 0 7 0 2 1 30 0 0 4 9 0 0 0 0 0 0
124 1 130 11 1 1522 419 0 52 710 24 312 33 2209 20 0 64 1 3 47 13 2 42 43 0 23 13 80 186 167 0 213 2 128 0 1 0 0 0 8 0 3 4 1 0 12 0 6 1 0 0 0 0 0 0 0 0 33 0 0 0 15 0 0 0 0 0 3
0 125 0 106 65 142 14 52 0 43 8 496 58 8 312 2 5 0 1 125 0 528 1 2559 195 7 221 61 66 2 0 38 1 36 0 8 0 22 4 11 4 2 346 31 1 32 0 1 1 1 0 0 0 12 0 7 1 234 1 0 36 45 0 0 0 0 0 2
0 0 5 762 1 2491 2884 710 43 0 8 988 45 223 36 0 0 0 0 1937 5 1 1 96 0 0 1 1241 169 3 0 3 1 120 0 0 0 2 1 3 1 1 14 0 0 104 0 7 10 0 0 0 0 65 0 0 0 166 0 0 0 6 0 0 0 0 0 0
0 50 0 0 52 22 10 24 8 8 0 33 710 14 9 0 131 1935 461 3 0 22 3 5 57 493 53 5 52 1 48 202 0 1507 0 3 0 0 0 0 0 0 0 0 108 0 325 0 0 0 0 0 0 0 0 0 0 0 25 20 57 0 0 0 33 0 0 2
0 1 0 552 157 4257 35 312 496 988 33 0 58 39 1264 0 3 2 3 1839 1 0 0 421 1 2 0 100 84 0 0 14 0 91 0 0 0 38 6 175 1 113 20 103 0 703 0 4 26 0 0 0 0 51 0 1 0 82 0 0 0 62 2 0 0 0 0 7
0 206 0 2 63 87 20 33 58 45 710 58 0 6 43 1 2 20 18 17 3 89 7 15 1449 77 726 22 57 4 405 109 1 631 0 8 0 3 3 20 1 14 6 5 140 5 810 12 8 1 0 3 2 2 0 2 0 5 269 86 248 1 16 0 73 14 0 85
1344 0 70 6 0 38 1088 2209 8 223 14 39 6 0 0 0 67 3 5 11 24 1 39 9 0 12 11 43 1835 353 1 232 0 81 0 0 0 0 0 0 0 0 2 0 0 1 0 0 0 0 0 0 0 0 0 1 0 4 0 0 2 1 0 0 0 0 0 0
0 14 0 42 1086 880 14 20 312 36 9 1264 43 0 0 4 1 1 1 45 33 6 17 174 1 0 9 78 9 6 0 33 1 31 0 1 0 6 0 10 0 2 3 30 1 40 1 0 1 1 0 1 0 8 0 1 0 20 0 0 2 12 1 1 0 0 0 2
0 1 1 0 2 0 1 0 2 0 0 0 1 0 4 0 7 0 0 0 661 661 1042 1012 0 1 1613 272 0 1 0 0 0 24 0 3 6 0 0 0 0 0 1 0 0 0 0 0 1 1196 0 0 0 0 33 100 233 147 0 0 164 35 0 12 0 0 0 2
25 2 1082 0 0 7 13 64 5 0 131 3 2 67 1 7 0 65 1264 0 38 4 1281 9 0 1137 1128 8 209 390 0 5 23 2160 0 8 12 0 0 0 0 0 0 0 0 0 0 0 0 0 0 0 0 0 0 1 1 1 0 6 121 0 0 1 1 0 0 4
0 0 1 0 0 2 0 1 0 0 1935 2 20 3 1 0 65 0 480 0 0 0 1 0 0 420 24 0 3 0 1 4 1 148 0 0 0 0 0 0 0 0 0 0 3 0 15 0 0 0 0 0 0 0 0 0 0 0 0 6 15 0 0 0 5 0 0 0
0 1 2 0 1 3 5 3 1 0 461 3 18 5 1 0 1264 480 0 0 4 0 6 0 0 1638 202 0 29 10 1 3 0 291 0 2 1 0 0 0 0 0 0 0 0 0 1 0 0 0 0 0 0 0 0 0 0 0 2 18 35 0 0 0 0 0 0 2
0 0 0 2083 4 196 32 47 125 1937 3 1839 17 11 45 0 0 0 0 0 0 0 1 277 0 0 0 487 45 1 0 0 0 25 0 0 0 126 0 30 4 8 18 133 0 114 0 0 11 0 0 0 0 99 0 0 0 119 0 0 0 149 0 0 0 0 0 0
1 0 117 0 5 1 148 13 0 5 0 1 3 24 33 661 38 0 4 0 0 3 6281 20 0 21 76 1458 96 2572 0 0 138 1647 1 0 0 0 0 0 0 0 0 0 0 0 1 1 0 72 0 0 0 0 11 7 18 54 0 0 9 15 0 10 0 0 0 0
0 637 0 0 3 0 0 2 528 1 22 0 89 1 6 661 4 0 0 0 3 0 4 821 231 9 826 19 1 0 0 0 0 17 0 41 16 0 0 0 1 0 18 0 1 0 4 1 2 151 1 0 0 1 2 371 15 136 7 2 398 10 0 0 0 0 0 0
10 0 2848 0 5 1 44 42 1 1 3 0 7 39 17 1042 1281 1 6 1 6281 4 0 48 0 214 3578 374 63 614 0 1 7 1580 0 0 15 0 0 0 0 0 2 0 0 0 0 0 0 210 0 0 0 0 6 10 126 23 0 0 272 8 1 0 0 0 0 3
0 83 3 1070 28 54 75 43 2559 96 5 421 15 9 174 1012 9 0 0 277 20 821 48 0 28 2 367 1930 51 8 0 0 10 97 0 10 7 108 2 23 7 15 96 134 0 87 0 3 15 116 0 0 0 40 20 83 5 1191 1 0 67 242 6 5 0 0 1 18
0 623 0 0 0 2 0 0 195 0 57 1 1449 0 1 0 0 0 0 0 0 231 0 28 0 8 914 0 3 0 2 4 0 8 0 56 0 0 0 1 0 0 4 0 12 0 125 0 0 0 0 1 0 0 0 2 0 3 206 27 311 0 1 0 9 0 0 7
6 18 1477 0 0 4 25 23 7 0 493 2 77 12 0 1 1137 420 1638 0 21 9 214 2 8 0 4371 10 47 87 200 10 3 238 0 29 39 0 0 0 0 0 0 0 52 0 134 0 0 0 5 3 4 0 0 3 2 0 17 403 688 0 1 0 53 0 0 33
4 1684 2851 0 1 11 29 13 221 1 53 0 726 11 9 1613 1128 24 202 0 76 826 3578 367 914 4371 0 307 87 29 257 10 7 1251 0 229 225 0 0 0 2 0 6 0 34 0 91 0 1 356 16 5 7 0 5 75 222 56 70 521 3952 4 0 5 24 0 0 74
1 1 49 1342 20 152 5738 80 61 1241 5 100 22 43 78 272 8 0 0 487 1458 19 374 1930 0 10 307 0 210 1927 0 2 36 364 0 0 0 28 1 14 3 8 35 21 0 61 1 4 6 40 0 0 0 54 3 18 8 377 0 0 9 135 5 3 0 0 1 5
646 5 13 19 1 71 274 186 66 169 52 84 57 1835 9 0 209 3 29 45 96 1 63 51 3 47 87 210 0 1825 0 107 1212 923 0 3 0 1 0 3 0 0 4 0 0 4 1 0 0 0 0 0 0 0 0 1 0 21 1 1 8 1 0 0 0 0 0 3
163 1 178 1 2 2 1903 167 2 3 1 0 4 353 6 1 390 0 10 1 2572 0 614 8 0 87 29 1927 1825 0 0 1 433 566 0 0 3 0 0 0 1 0 0 0 0 0 0 1 0 5 0 0 0 0 0 0 1 37 0 0 9 15 0 0 0 0 0 2
0 0 0 0 0 0 0 0 0 0 48 0 405 1 0 0 0 1 1 0 0 0 0 0 2 200 257 0 0 0 0 0 0 10 0 2 0 0 0 0 0 0 0 0 8 0 58 0 0 0 0 1 1 0 0 0 0 0 4 25 61 0 0 0 20 0 0 1
0 0 0 1 286 22 2 213 38 3 202 14 109 232 33 0 5 4 3 0 0 0 1 0 4 10 10 2 107 1 0 0 1 485 0 0 0 0 0 0 0 0 0 0 0 0 0 0 0 0 0 0 0 0 0 0 0 0 1 0 0 0 0 0 0 0 0 0
0 0 0 0 0 0 7 2 1 1 0 0 1 0 1 0 23 1 0 0 138 0 7 10 0 3 7 36 1212 433 0 1 0 500 0 0 0 0 0 0 0 0 0 0 0 0 0 0 0 0 0 0 0 0 0 0 0 1 0 0 0 0 0 0 0 0 0 0
13 15 41 16 391 64 75 128 36 120 1507 91 631 81 31 24 2160 148 291 25 1647 17 1580 97 8 238 1251 364 923 566 10 485 500 0 0 28 20 0 0 0 0 1 3 0 6 2 14 0 2 10 4 0 2 0 0 9 6 67 16 55 304 16 0 0 11 0 0 12
0 0 0 0 0 0 0 0 0 0 0 0 0 0 0 0 0 0 0 0 1 0 0 0 0 0 0 0 0 0 0 0 0 0 0 0 3 0 0 0 182 9 0 1 1 1 0 1250 0 0 4 0 3 1 1 0 2 0 0 3 3 8 1284 417 0 0 2 24
0 269 5 0 0 0 0 1 8 0 3 0 8 0 1 3 8 0 2 0 0 41 0 10 56 29 229 0 3 0 2 0 0 28 0 0 2 1 0 0 2 0 118 0 2 0 66 2 21 9 5 0 2 0 2 548 3 100 582 15 2055 1 2 3 2 0 0 22
0 11 49 0 0 0 0 0 0 0 0 0 0 0 0 6 12 0 1 0 0 16 15 7 0 39 225 0 0 3 0 0 0 20 3 2 0 0 0 0 62 11 0 0 2 0 0 37 0 2 367 0 45 0 201 0 3112 1 0 2685 3293 59 0 52 0 0 0 111
0 0 0 239 0 4 2 0 22 2 0 38 3 0 6 0 0 0 0 126 0 0 0 108 0 0 0 28 1 0 0 0 0 0 0 1 0 0 8 65 4 18 85 1251 1 1005 0 9 26 0 0 0 0 2056 0 3 0 799 0 0 1 940 14 0 0 0 0 24
0 0 0 0 0 1 0 0 4 1 0 6 3 0 0 0 0 0 0 0 0 0 0 2 0 0 0 1 0 0 0 0 0 0 0 0 0 8 0 198 1 7 49 4 61 95 23 0 634 1 0 0 0 3 3 6 12 79 1 0 1 18 1 1 1 301 1 132
0 0 0 7 0 21 1 8 11 3 0 175 20 0 10 0 0 0 0 30 0 0 0 23 1 0 0 14 3 0 0 0 0 0 0 0 0 65 198 0 202 2170 77 2170 17 4182 0 93 761 0 0 4 2 232 2 1 0 135 0 9 2 322 25 1 0 517 0 50
0 0 0 1 0 0 0 0 4 1 0 1 1 0 0 0 0 0 0 4 0 1 0 7 0 0 2 3 0 1 0 0 0 0 182 2 62 4 1 202 0 730 11 2143 11 67 0 2427 17 1 75 0 25 9 106 0 39 83 0 85 25 5396 135 1379 0 2 6 124
0 0 0 0 1 4 0 3 2 1 0 113 14 0 2 0 0 0 0 8 0 0 0 15 0 0 0 8 0 0 0 0 0 1 9 0 11 18 7 2170 730 0 22 1799 15 489 2 2267 28 0 2 1 0 41 11 3 11 63 5 7 1 273 30 42 0 370 0 88
0 17 0 14 0 10 4 4 346 14 0 20 6 2 3 1 0 0 0 18 0 18 2 96 4 0 6 35 4 0 0 0 0 3 0 118 0 85 49 77 11 22 0 52 7 292 18 12 184 1 1 0 1 41 1 507 1 1635 122 3 280 102 8 3 0 4 4 27
0 0 0 19 0 2 5 1 31 0 0 103 5 0 30 0 0 0 0 133 0 0 0 134 0 0 0 21 0 0 0 0 0 0 1 0 0 1251 4 2170 2143 1799 52 0 2 1541 0 355 35 0 0 0 0 1949 3 0 1 131 0 0 1 1414 110 1 0 0 0 174
0 2 0 0 0 1 0 0 1 0 108 0 140 0 1 0 0 3 0 0 0 1 0 0 12 52 34 0 0 0 8 0 0 6 1 2 2 1 61 17 11 15 7 2 0 30 488 52 15 1 9 915 210 1 4 2 7 15 10 793 58 7 302 12 70 250 0 1441
0 0 0 49 6 68 7 12 32 104 0 703 5 1 40 0 0 0 0 114 0 0 0 87 0 0 0 61 4 0 0 0 0 2 1 0 0 1005 95 4182 67 489 292 1541 30 0 1 101 1095 1 0 3 5 2130 0 1 0 384 1 5 4 351 41 1 0 9 0 85
0 26 0 0 0 1 0 0 0 0 325 0 810 0 1 0 0 15 1 0 1 4 0 0 125 134 91 1 1 0 58 0 0 14 0 66 0 0 23 0 0 2 18 0 488 1 0 4 5 0 0 2 1 0 0 23 0 1 666 41 731 1 8 0 511 54 1 122
0 0 0 1 0 1 1 6 1 7 0 4 12 0 0 0 0 0 0 0 1 1 0 3 0 0 0 4 0 1 0 0 0 0 1250 2 37 9 0 93 2427 2267 12 355 52 101 4 0 14 0 37 13 25 14 26 0 16 38 2 48 50 121 1947 519 1 141 0 199
0 0 0 4 1 3 0 1 1 10 0 26 8 0 1 1 0 0 0 11 0 2 0 15 0 0 1 6 0 0 0 0 0 2 0 21 0 26 634 761 17 28 184 35 15 1095 5 14 0 13 0 1 3 16 33 19 7 203 0 2 39 109 9 1 0 3 0 45
0 6 4 0 0 0 0 0 1 0 0 0 1 0 1 1196 0 0 0 0 72 151 210 116 0 0 356 40 0 5 0 0 0 10 0 9 2 0 1 0 1 0 1 0 1 1 0 0 13 0 1 0 0 0 676 336 1214 1490 0 1 950 261 1 3 0 0 0 11
0 0 1 0 0 0 0 0 0 0 0 0 0 0 0 0 0 0 0 0 0 1 0 0 0 5 16 0 0 0 0 0 0 4 4 5 367 0 0 0 75 2 1 0 9 0 0 37 0 1 0 10 1232 0 41 2 1807 1 0 779 497 31 7 213 0 0 0 987
0 0 0 0 0 0 0 0 0 0 0 0 3 0 1 0 0 0 0 0 0 0 0 0 1 3 5 0 0 0 1 0 0 0 0 0 0 0 0 4 0 1 0 0 915 3 2 13 1 0 10 0 449 0 0 0 0 0 1 240 5 0 12 5 2 7 0 108
0 1 0 0 0 0 0 0 0 0 0 0 2 0 0 0 0 0 0 0 0 0 0 0 0 4 7 0 0 0 1 0 0 2 3 2 45 0 0 2 25 0 1 0 210 5 1 25 3 0 1232 449 0 0 10 0 43 2 1 1362 117 6 28 118 0 0 0 669
0 0 0 75 0 9 7 0 12 65 0 51 2 0 8 0 0 0 0 99 0 1 0 40 0 0 0 54 0 0 0 0 0 0 1 0 0 2056 3 232 9 41 41 1949 1 2130 0 14 16 0 0 0 0 0 0 0 1 132 0 0 1 316 17 0 0 0 0 40
0 0 0 0 1 0 0 0 0 0 0 0 0 0 0 33 0 0 0 0 11 2 6 20 0 0 5 3 0 0 0 0 0 0 1 2 201 0 3 2 106 11 1 3 4 0 0 26 33 676 41 0 10 0 0 4 6234 49 0 49 70 2041 29 2508 0 0 19 1032
0 41 2 0 1 0 2 0 7 0 0 1 2 1 1 100 1 0 0 0 7 371 10 83 2 3 75 18 1 0 0 0 0 9 0 548 0 3 6 1 0 3 507 0 2 1 23 0 19 336 2 0 0 0 4 0 0 789 102 2 839 3 1 0 0 0 0 8
0 1 9 0 0 0 1 0 1 0 0 0 0 0 0 233 1 0 0 0 18 15 126 5 0 2 222 8 0 1 0 0 0 6 2 3 3112 0 12 0 39 11 1 1 7 0 0 16 7 1214 1807 0 43 1 6234 0 0 47 0 312 2538 166 17 275 0 0 2 964
0 15 1 67 0 53 30 33 234 166 0 82 5 4 20 147 1 0 0 119 54 136 23 1191 3 0 56 377 21 37 0 0 1 67 0 100 1 799 79 135 83 63 1635 131 15 384 1 38 203 1490 1 0 2 132 49 789 47 0 44 6 683 3377 91 18 0 2 11 104
0 11 0 0 0 0 0 0 1 0 25 0 269 0 0 0 0 0 2 0 0 7 0 1 206 17 70 0 1 0 4 1 0 16 0 582 0 0 1 0 0 5 122 0 10 1 666 2 0 0 0 1 1 0 0 102 0 44 0 19 1190 0 1 0 5 2 0 15
0 48 9 0 0 0 0 0 0 0 20 0 86 0 0 0 6 6 18 0 0 2 0 0 27 403 521 0 1 0 25 0 0 55 3 15 2685 0 0 9 85 7 3 0 793 5 41 48 2 1 779 240 1362 0 49 2 312 6 19 0 3412 27 31 82 214 5 3 301
0 666 279 0 0 1 4 0 36 0 57 0 248 2 2 164 121 15 35 0 9 398 272 67 311 688 3952 9 8 9 61 0 0 304 3 2055 3293 1 1 2 25 1 280 1 58 4 731 50 39 950 497 5 117 1 70 839 2538 683 1190 3412 0 125 45 131 153 0 1 909
0 0 0 64 0 17 9 15 45 6 0 62 1 1 12 35 0 0 0 149 15 10 8 242 0 0 4 135 1 15 0 0 0 16 8 1 59 940 18 322 5396 273 102 1414 7 351 1 121 109 261 31 0 6 316 2041 3 166 3377 0 27 125 0 265 791 0 2 60 480
0 2 0 1 0 0 0 0 0 0 0 2 16 0 1 0 0 0 0 0 0 0 1 6 1 1 0 5 0 0 0 0 0 0 1284 2 0 14 1 25 135 30 8 110 302 41 8 1947 9 1 7 12 28 17 29 1 17 91 1 31 45 265 0 1381 2 127 1380 1012
0 0 0 0 0 1 0 0 0 0 0 0 0 0 1 12 1 0 0 0 10 0 0 5 0 0 5 3 0 0 0 0 0 0 417 3 52 0 1 1 1379 42 3 1 12 1 0 519 1 3 213 5 118 0 2508 0 275 18 0 82 131 791 1381 0 0 0 281 1196
0 0 0 0 0 0 0 0 0 0 33 0 73 0 0 0 1 5 0 0 0 0 0 0 9 53 24 0 0 0 20 0 0 11 0 2 0 0 1 0 0 0 0 0 70 0 511 1 0 0 0 2 0 0 0 0 0 0 5 214 153 0 2 0 0 2 0 17
0 1 0 0 0 0 0 0 0 0 0 0 14 0 0 0 0 0 0 0 0 0 0 0 0 0 0 0 0 0 0 0 0 0 0 0 0 0 301 517 2 370 4 0 250 9 54 141 3 0 0 7 0 0 0 0 0 2 2 5 0 2 127 0 2 0 0 406
0 0 0 0 0 0 0 0 0 0 0 0 0 0 0 0 0 0 0 0 0 0 0 1 0 0 0 1 0 0 0 0 0 0 2 0 0 0 1 0 6 0 4 0 0 0 1 0 0 0 0 0 0 0 19 0 2 11 0 3 1 60 1380 281 0 0 0 431
0 17 5 0 0 2 0 3 2 0 2 7 85 0 2 2 4 0 2 0 0 0 3 18 7 33 74 5 3 2 1 0 0 12 24 22 111 24 132 50 124 88 27 174 1441 85 122 199 45 11 987 108 669 40 1032 8 964 104 15 301 909 480 1012 1196 17 406 431 0
