0 2 56 0 0 3 245 144 0 5 30 0 2 1629 0 0 33 12 7 1 1 0 31 0 0 42 12 2 1176 517 0 1 2 11 0 0 0 0 0 0 0 0 0 0 0 0 0 0 0 0 0 0 0 0 0 0 0 0 0 0 0 0 0 0 0 0 0 0
2 0 6 0 0 0 1 1 68 0 2 3 125 2 8 4 4 0 3 0 0 375 4 101 765 22 1867 0 2 1 2 0 0 11 0 158 8 0 0 0 0 0 4 0 4 0 74 0 0 2 6 0 1 0 0 19 1 6 100 40 409 0 0 0 8 4 0 2
56 6 0 0 1 27 73 407 0 1 2 0 1 276 1 0 2286 1 170 0 48 2 5480 5 0 3735 4776 61 79 181 0 0 2 389 0 13 92 0 0 0 0 0 0 0 0 0 0 0 0 5 11 0 0 0 0 8 11 1 0 36 322 0 0 0 0 0 0 3
0 0 0 0 7 10 3 2 49 942 0 450 5 3 25 0 0 0 0 2021 0 2 0 718 0 0 0 1464 4 0 0 0 0 12 0 0 0 61 0 1 1 0 26 1 0 17 0 0 2 0 0 0 0 57 0 0 0 42 0 0 0 0 0 0 0 0 0 2
0 0 1 7 0 525 8 1 157 13 6 80 81 0 1021 1 0 0 0 22 3 10 27 64 0 1 2 8 11 0 0 39 0 336 0 0 0 0 3 2 0 0 2 0 0 8 0 0 11 0 0 0 0 0 0 0 1 2 0 0 0 0 0 0 0 0 0 0
3 0 27 10 525 0 380 1952 98 2448 30 3006 59 90 1033 0 0 10 3 94 6 3 34 36 1 12 0 78 38 12 0 16 4 68 0 0 0 6 1 3 5 0 7 0 0 35 0 0 11 0 0 0 0 18 0 1 0 38 0 0 0 16 0 0 0 0 0 10
245 1 73 3 8 380 0 538 8 1598 22 7 54 2390 47 1 4 0 0 5 89 0 70 79 0 0 2 4680 336 2887 0 5 20 124 0 0 0 0 0 0 2 0 3 0 0 1 0 0 3 3 0 0 0 1 0 7 0 42 0 0 0 25 3 5 0 0 1 5
144 1 407 2 1 1952 538 0 27 617 37 276 45 3808 71 0 34 6 1 9 16 0 256 9 0 11 4 10 53 167 0 260 0 41 0 0 0 0 0 0 0 1 0 0 0 2 0 0 0 0 0 0 0 0 0 0 0 1 0 0 0 1 0 0 0 0 0 2
0 68 0 49 157 98 8 27 0 28 9 260 19 12 348 1 0 0 1 96 0 544 1 2056 75 8 242 71 22 0 0 10 1 13 1 2 0 42 2 1 4 1 235 43 0 18 1 0 0 3 0 0 0 56 0 17 0 113 8 0 7 32 11 2 0 0 1 6
5 0 1 942 13 2448 1598 617 28 0 28 1124 79 297 39 0 0 0 0 1533 0 0 1 35 0 0 0 959 131 0 0 7 1 121 0 0 0 2 2 4 2 0 35 0 0 25 0 0 4 0 0 0 0 57 0 0 0 105 0 0 0 6 0 0 0 0 0 1
30 2 2 0 6 30 22 37 9 28 0 56 1270 62 12 0 54 2134 223 1 5 1 4 1 80 1472 56 6 241 0 32 216 1 1619 0 4 0 0 0 0 0 0 1 0 25 0 72 0 0 0 0 0 0 0 0 0 0 0 13 13 32 0 1 0 6 7 0 6
0 3 0 450 80 3006 7 276 260 1124 56 0 95 45 908 0 0 1 1 2523 0 4 0 427 0 2 2 114 37 0 0 5 0 98 0 0 0 32 3 10 8 0 34 25 0 345 1 0 6 0 0 0 0 72 0 0 0 61 0 0 0 18 0 0 0 0 0 8
2 125 1 5 81 59 54 45 19 79 1270 95 0 20 86 0 0 9 2 37 5 32 11 9 976 108 800 34 53 8 237 285 0 390 0 41 0 3 4 1 7 4 11 1 172 11 896 4 18 0 0 0 0 5 1 20 0 16 175 19 65 8 0 3 15 32 0 214
1629 2 276 3 0 90 2390 3808 12 297 62 45 20 0 22 0 67 9 12 7 16 0 245 8 0 62 36 16 1861 534 2 129 0 71 0 1 0 0 0 0 0 2 0 0 1 0 0 0 0 0 0 0 0 0 0 0 0 0 0 0 0 0 0 0 0 1 0 3
0 8 1 25 1021 1033 47 71 348 39 12 908 86 22 0 3 0 0 0 49 14 10 16 191 0 1 14 51 15 3 0 13 1 29 0 0 0 6 2 3 1 0 2 3 0 15 1 0 13 0 0 0 0 15 0 2 0 13 0 0 0 6 0 1 0 1 0 8
0 4 0 0 1 0 1 0 1 0 0 0 0 0 3 0 0 0 0 0 978 1344 1750 1067 0 0 818 154 0 3 0 0 0 6 0 2 0 0 0 0 0 0 0 0 0 0 0 0 0 1139 1 0 0 0 109 123 578 57 0 0 466 23 0 3 0 0 0 1
33 4 2286 0 0 0 4 34 0 0 54 0 0 67 0 0 0 65 2703 0 82 3 1727 0 1 1305 806 1 296 298 0 0 23 1851 0 3 11 0 0 0 0 0 0 0 0 0 0 0 0 0 0 0 0 0 0 3 0 0 0 9 62 0 0 0 0 0 0 0
12 0 1 0 0 10 0 6 0 0 2134 1 9 9 0 0 65 0 1289 0 0 0 0 0 0 596 12 0 59 1 0 4 0 216 0 0 0 0 0 0 0 0 0 0 0 0 0 0 0 0 0 0 0 0 0 0 0 0 0 0 1 0 0 0 0 0 0 0
7 3 170 0 0 3 0 1 1 0 223 1 2 12 0 0 2703 1289 0 0 5 0 21 2 2 2330 114 1 59 7 1 1 5 468 0 4 2 0 0 0 0 0 0 0 0 0 1 0 0 0 0 0 0 0 0 1 0 0 0 16 57 0 0 0 0 0 0 1
1 0 0 2021 22 94 5 9 96 1533 1 2523 37 7 49 0 0 0 0 0 0 0 0 161 0 0 0 351 18 0 0 1 0 38 0 0 0 47 0 21 9 0 32 10 0 92 0 0 19 0 0 0 0 244 0 0 0 194 0 0 0 38 0 0 0 0 0 5
1 0 48 0 3 6 89 16 0 0 5 0 5 16 14 978 82 0 5 0 0 10 8236 57 0 6 72 1519 45 4126 0 2 7 1352 0 0 0 0 0 0 0 0 0 0 0 0 1 0 0 79 0 0 0 0 46 11 9 20 0 0 5 5 2 4 0 0 1 0
0 375 2 2 10 3 0 0 544 0 1 4 32 0 10 1344 3 0 0 0 10 0 2 1079 260 7 1312 14 0 1 1 0 0 2 0 66 7 0 0 0 0 0 6 1 8 0 55 1 1 109 10 0 1 2 8 487 16 70 58 5 224 14 5 3 0 0 0 6
31 4 5480 0 27 34 70 256 1 1 4 0 11 245 16 1750 1727 0 21 0 8236 2 0 28 0 64 2787 260 58 939 0 0 9 1799 1 4 14 0 0 0 0 0 0 0 0 0 0 0 0 332 0 0 0 0 28 8 233 11 0 1 328 2 0 3 0 0 0 0
0 101 5 718 64 36 79 9 2056 35 1 427 9 8 191 1067 0 0 2 161 57 1079 28 0 63 3 413 2549 53 6 0 1 3 40 7 5 0 45 1 4 33 1 146 34 0 21 0 3 47 139 0 0 0 56 54 172 7 855 4 0 49 218 32 41 0 0 3 52
0 765 0 0 0 1 0 0 75 0 80 0 976 0 0 0 1 0 2 0 0 260 0 63 0 18 1282 0 0 0 0 0 0 4 0 41 0 0 1 0 0 0 1 0 66 0 284 0 0 0 0 0 0 0 0 33 0 0 239 14 216 0 0 0 8 26 0 25
42 22 3735 0 1 12 0 11 8 0 1472 2 108 62 1 0 1305 596 2330 0 6 7 64 3 18 0 4308 2 166 3 279 14 6 520 0 55 52 0 0 0 0 0 0 0 16 0 92 0 0 0 15 0 6 0 0 4 0 0 50 794 1355 0 0 0 37 0 0 6
12 1867 4776 0 2 0 2 4 242 0 56 2 800 36 14 818 806 12 114 0 72 1312 2787 413 1282 4308 0 66 98 17 308 2 6 930 0 421 309 0 0 0 0 0 14 0 30 0 297 0 2 208 69 0 10 0 0 231 226 30 238 623 6881 1 0 0 70 0 0 54
2 0 61 1464 8 78 4680 10 71 959 6 114 34 16 51 154 1 0 1 351 1519 14 260 2549 0 2 66 0 170 818 0 4 47 298 4 0 0 6 1 2 8 0 64 0 0 25 0 0 15 54 0 0 0 37 33 30 4 295 0 0 8 112 7 26 0 0 0 24
1176 2 79 4 11 38 336 53 22 131 241 37 53 1861 15 0 296 59 59 18 45 0 58 53 0 166 98 170 0 1837 1 108 1648 1317 0 0 0 0 0 0 0 0 3 0 1 0 0 0 3 0 0 0 0 0 1 0 0 10 0 0 8 4 1 2 0 0 0 0
517 1 181 0 0 12 2887 167 0 0 0 0 8 534 3 3 298 1 7 0 4126 1 939 6 0 3 17 818 1837 0 0 1 193 856 0 0 0 0 0 0 0 1 1 0 0 0 0 0 0 15 0 0 0 0 34 4 2 31 0 0 1 14 4 6 0 0 0 1
0 2 0 0 0 0 0 0 0 0 32 0 237 2 0 0 0 0 1 0 0 1 0 0 0 279 308 0 1 0 0 1 1 4 0 7 0 0 0 0 0 0 0 0 22 0 123 0 0 0 0 0 0 0 0 1 0 0 14 34 75 0 0 0 16 0 0 0
1 0 0 0 39 16 5 260 10 7 216 5 285 129 13 0 0 4 1 1 2 0 0 1 0 14 2 4 108 1 1 0 1 460 0 0 0 0 1 0 0 1 0 0 0 0 2 1 0 0 0 0 0 0 0 0 0 0 0 0 0 0 0 0 0 0 0 5
2 0 2 0 0 4 20 0 1 1 1 0 0 0 1 0 23 0 5 0 7 0 9 3 0 6 6 47 1648 193 1 1 0 263 0 0 0 0 0 0 0 0 0 0 0 0 0 0 0 0 0 0 0 0 0 0 0 5 0 0 0 0 0 0 0 0 0 0
11 11 389 12 336 68 124 41 13 121 1619 98 390 71 29 6 1851 216 468 38 1352 2 1799 40 4 520 930 298 1317 856 4 460 263 0 0 11 19 0 0 1 0 1 1 0 0 2 2 0 0 2 4 0 0 0 3 5 1 40 12 49 182 9 1 3 0 1 0 3
0 0 0 0 0 0 0 0 1 0 0 0 0 0 0 0 0 0 0 0 0 0 1 7 0 0 0 4 0 0 0 0 0 0 0 0 0 1 0 3 501 24 1 23 20 6 0 1069 1 1 2 4 5 4 1 1 0 7 0 25 2 8 1654 890 0 0 0 12
0 158 13 0 0 0 0 0 2 0 4 0 41 1 0 2 3 0 4 0 0 66 4 5 41 55 421 0 0 0 7 0 0 11 0 0 6 0 0 0 0 2 43 2 6 0 38 1 8 0 21 0 1 0 1 326 1 76 534 19 1542 0 0 0 1 0 0 27
0 8 92 0 0 0 0 0 0 0 0 0 0 0 0 0 11 0 2 0 0 7 14 0 0 52 309 0 0 0 0 0 0 19 0 6 0 0 0 16 83 43 0 5 2 0 0 40 0 5 1137 2 45 0 21 0 2855 4 0 2010 4235 83 1 16 0 0 0 50
0 0 0 61 0 6 0 0 42 2 0 32 3 0 6 0 0 0 0 47 0 0 0 45 0 0 0 6 0 0 0 0 0 0 1 0 0 0 18 30 47 2 130 1139 0 530 0 9 40 0 0 0 0 4158 0 0 0 1146 0 0 0 1092 36 1 0 0 0 38
0 0 0 0 3 1 0 0 2 2 0 3 4 0 2 0 0 0 0 0 0 0 0 1 1 0 0 1 0 0 0 1 0 0 0 0 0 18 0 205 1 105 68 3 0 80 2 0 926 0 0 0 0 7 0 1 0 65 0 0 0 5 0 0 0 209 0 59
0 0 0 1 2 3 0 0 1 4 0 10 1 0 3 0 0 0 0 21 0 0 0 4 0 0 0 2 0 0 0 0 0 1 3 0 16 30 205 0 568 2155 35 2930 12 2633 0 24 754 0 3 8 1 130 0 1 8 22 0 12 0 94 29 0 0 15 1 45
0 0 0 1 0 5 2 0 4 2 0 8 7 0 1 0 0 0 0 9 0 0 0 33 0 0 0 8 0 0 0 0 0 0 501 0 83 47 1 568 0 457 3 1656 8 6 3 2158 24 0 88 0 8 1 9 0 195 139 0 38 7 3671 213 1936 0 2 12 141
0 0 0 0 0 0 0 1 1 0 0 0 4 2 0 0 0 0 0 0 0 0 0 1 0 0 0 0 0 1 0 1 0 1 24 2 43 2 105 2155 457 0 14 878 13 92 2 2065 93 0 23 3 0 18 0 2 30 4 0 7 0 7 25 55 0 186 0 42
0 4 0 26 2 7 3 0 235 35 1 34 11 0 2 0 0 0 0 32 0 6 0 146 1 0 14 64 3 1 0 0 0 1 1 43 0 130 68 35 3 14 0 61 13 221 4 8 347 3 2 2 1 113 0 556 0 1549 74 1 236 21 23 1 0 8 4 42
0 0 0 1 0 0 0 0 43 0 0 25 1 0 3 0 0 0 0 10 0 1 0 34 0 0 0 0 0 0 0 0 0 0 23 2 5 1139 3 2930 1656 878 61 0 10 1219 1 115 30 0 1 0 0 1666 0 0 2 31 0 0 0 823 154 2 0 3 2 216
0 4 0 0 0 0 0 0 0 0 25 0 172 1 0 0 0 0 0 0 0 8 0 0 66 16 30 0 1 0 22 0 0 0 20 6 2 0 0 12 8 13 13 10 0 78 719 59 12 0 32 1798 463 13 2 5 5 13 43 748 15 12 184 14 121 456 0 1459
0 0 0 17 8 35 1 2 18 25 0 345 11 0 15 0 0 0 0 92 0 0 0 21 0 0 0 25 0 0 0 0 0 2 6 0 0 530 80 2633 6 92 221 1219 78 0 3 44 770 0 0 24 2 2881 0 0 0 397 1 11 0 36 58 0 0 5 0 245
0 74 0 0 0 0 0 0 1 0 72 1 896 0 1 0 0 0 1 0 1 55 0 0 284 92 297 0 0 0 123 2 0 2 0 38 0 0 2 0 3 2 4 1 719 3 0 0 2 0 0 0 0 1 2 27 0 3 743 34 706 1 6 0 377 136 0 260
0 0 0 0 0 0 0 0 0 0 0 0 4 0 0 0 0 0 0 0 0 1 0 3 0 0 0 0 0 0 0 1 0 0 1069 1 40 9 0 24 2158 2065 8 115 59 44 0 0 10 0 54 5 0 25 3 6 38 9 0 14 3 20 1505 347 0 44 1 87
0 0 0 2 11 11 3 0 0 4 0 6 18 0 13 0 0 0 0 19 0 1 0 47 0 0 2 15 3 0 0 0 0 0 1 8 0 40 926 754 24 93 347 30 12 770 2 10 0 4 0 1 0 31 15 12 15 237 0 5 16 44 33 3 0 46 2 57
0 2 5 0 0 0 3 0 3 0 0 0 0 0 0 1139 0 0 0 0 79 109 332 139 0 0 208 54 0 15 0 0 0 2 1 0 5 0 0 0 0 0 3 0 0 0 0 0 4 0 5 0 0 0 1083 859 1449 1096 0 4 1649 264 9 2 0 0 0 12
0 6 11 0 0 0 0 0 0 0 0 0 0 0 0 1 0 0 0 0 0 10 0 0 0 15 69 0 0 0 0 0 0 4 2 21 1137 0 0 3 88 23 2 1 32 0 0 54 0 5 0 20 1590 0 86 12 1734 8 0 1353 693 51 2 286 0 0 0 1206
0 0 0 0 0 0 0 0 0 0 0 0 0 0 0 0 0 0 0 0 0 0 0 0 0 0 0 0 0 0 0 0 0 0 4 0 2 0 0 8 0 3 2 0 1798 24 0 5 1 0 20 0 299 0 3 1 7 3 0 321 5 0 7 12 0 3 0 96
0 1 0 0 0 0 0 0 0 0 0 0 0 0 0 0 0 0 0 0 0 1 0 0 0 6 10 0 0 0 0 0 0 0 5 1 45 0 0 1 8 0 1 0 463 2 0 0 0 0 1590 299 0 0 10 2 63 8 0 940 127 5 10 123 0 0 1 676
0 0 0 57 0 18 1 0 56 57 0 72 5 0 15 0 0 0 0 244 0 2 0 56 0 0 0 37 0 0 0 0 0 0 4 0 0 4158 7 130 1 18 113 1666 13 2881 1 25 31 0 0 0 0 0 0 0 0 170 0 0 0 63 31 2 0 4 0 108
0 0 0 0 0 0 0 0 0 0 0 0 1 0 0 109 0 0 0 0 46 8 28 54 0 0 0 33 1 34 0 0 0 3 1 1 21 0 0 0 9 0 0 0 2 0 2 3 15 1083 86 3 10 0 0 2 7653 83 0 3 61 1744 44 2773 0 0 2 766
0 19 8 0 0 1 7 0 17 0 0 0 20 0 2 123 3 0 1 0 11 487 8 172 33 4 231 30 0 4 1 0 0 5 1 326 0 0 1 1 0 2 556 0 5 0 27 6 12 859 12 1 2 0 2 0 3 1699 185 7 1262 11 3 1 0 0 0 15
0 1 11 0 1 0 0 0 0 0 0 0 0 0 0 578 0 0 0 0 9 16 233 7 0 0 226 4 0 2 0 0 0 1 0 1 2855 0 0 8 195 30 0 2 5 0 0 38 15 1449 1734 7 63 0 7653 3 0 56 0 147 2314 597 13 431 0 0 0 793
0 6 1 42 2 38 42 1 113 105 0 61 16 0 13 57 0 0 0 194 20 70 11 855 0 0 30 295 10 31 0 0 5 40 7 76 4 1146 65 22 139 4 1549 31 13 397 3 9 237 1096 8 3 8 170 83 1699 56 0 65 2 846 2185 71 6 0 5 5 97
0 100 0 0 0 0 0 0 8 0 13 0 175 0 0 0 0 0 0 0 0 58 0 4 239 50 238 0 0 0 14 0 0 12 0 534 0 0 0 0 0 0 74 0 43 1 743 0 0 0 0 0 0 0 0 185 0 65 0 21 709 0 1 0 1 24 0 116
0 40 36 0 0 0 0 0 0 0 13 0 19 0 0 0 9 0 16 0 0 5 1 0 14 794 623 0 0 0 34 0 0 49 25 19 2010 0 0 12 38 7 1 0 748 11 34 14 5 4 1353 321 940 0 3 7 147 2 21 0 3597 14 16 66 138 16 2 275
0 409 322 0 0 0 0 0 7 0 32 0 65 0 0 466 62 1 57 0 5 224 328 49 216 1355 6881 8 8 1 75 0 0 182 2 1542 4235 0 0 0 7 0 236 0 15 0 706 3 16 1649 693 5 127 0 61 1262 2314 846 709 3597 0 57 3 31 332 2 0 347
0 0 0 0 0 16 25 1 32 6 0 18 8 0 6 23 0 0 0 38 5 14 2 218 0 0 1 112 4 14 0 0 0 9 8 0 83 1092 5 94 3671 7 21 823 12 36 1 20 44 264 51 0 5 63 1744 11 597 2185 0 14 57 0 162 2231 0 0 37 319
0 0 0 0 0 0 3 0 11 0 1 0 0 0 0 0 0 0 0 0 2 5 0 32 0 0 0 7 1 4 0 0 0 1 1654 0 1 36 0 29 213 25 23 154 184 58 6 1505 33 9 2 7 10 31 44 3 13 71 1 16 3 162 0 712 0 94 1207 1377
0 0 0 0 0 0 5 0 2 0 0 0 3 0 1 3 0 0 0 0 4 3 3 41 0 0 0 26 2 6 0 0 0 3 890 0 16 1 0 0 1936 55 1 2 14 0 0 347 3 2 286 12 123 2 2773 1 431 6 0 66 31 2231 712 0 0 0 90 844
0 8 0 0 0 0 0 0 0 0 6 0 15 0 0 0 0 0 0 0 0 0 0 0 8 37 70 0 0 0 16 0 0 0 0 1 0 0 0 0 0 0 0 0 121 0 377 0 0 0 0 0 0 0 0 0 0 0 1 138 332 0 0 0 0 0 0 4
0 4 0 0 0 0 0 0 0 0 7 0 32 1 1 0 0 0 0 0 0 0 0 0 26 0 0 0 0 0 0 0 0 1 0 0 0 0 209 15 2 186 8 3 456 5 136 44 46 0 0 3 0 4 0 0 0 5 24 16 2 0 94 0 0 0 0 999
0 0 0 0 0 0 1 0 1 0 0 0 0 0 0 0 0 0 0 0 1 0 0 3 0 0 0 0 0 0 0 0 0 0 0 0 0 0 0 1 12 0 4 2 0 0 0 1 2 0 0 0 1 0 2 0 0 5 0 2 0 37 1207 90 0 0 0 435
0 2 3 2 0 10 5 2 6 1 6 8 214 3 8 1 0 0 1 5 0 6 0 52 25 6 54 24 0 1 0 5 0 3 12 27 50 38 59 45 141 42 42 216 1459 245 260 87 57 12 1206 96 676 108 766 15 793 97 116 275 347 319 1377 844 4 999 435 0
