0 0 41 0 0 2 380 35 0 4 17 1 1 1806 0 0 50 22 9 0 9 0 60 0 0 36 2 3 977 375 0 0 3 24 0 0 0 0 0 0 0 0 0 0 0 0 0 0 0 0 0 0 0 0 0 0 0 0 0 0 0 0 0 0 0 0 1 0
0 0 0 1 1 8 0 0 32 0 22 1 133 0 10 3 4 0 0 0 0 477 0 117 380 11 2105 2 0 2 0 0 0 4 0 309 8 0 0 1 0 0 10 0 4 1 11 0 3 0 3 0 3 0 0 40 2 12 25 6 315 2 0 0 1 0 0 3
41 0 0 0 0 5 133 126 0 3 0 0 0 241 0 0 1475 0 5 0 54 1 2311 2 0 3268 4055 115 6 43 0 0 0 15 0 2 142 0 0 0 0 0 0 0 0 0 0 0 0 8 36 0 5 0 0 2 78 1 0 18 392 1 0 0 0 0 0 11
0 1 0 0 2 90 20 31 103 419 0 939 0 15 24 0 0 0 0 2781 0 1 0 665 0 0 0 1761 24 0 0 0 1 67 0 0 0 49 0 12 0 0 36 18 0 12 0 0 1 0 0 0 0 21 0 0 0 63 0 0 0 35 0 0 0 0 0 0
0 1 0 2 0 256 1 15 68 5 5 8 25 0 901 0 0 0 0 0 3 11 5 12 0 0 0 9 0 1 0 59 0 240 0 0 0 0 0 4 0 0 0 0 1 1 1 0 0 0 0 0 0 0 0 0 0 0 0 0 0 0 0 0 0 0 0 0
2 8 5 90 256 0 202 2571 188 2547 17 2696 24 38 1155 0 0 8 1 81 0 14 6 149 0 8 4 150 30 0 0 117 2 123 0 0 0 9 0 44 2 7 23 20 0 116 0 6 32 0 0 0 0 34 0 0 0 66 0 0 0 40 4 0 0 6 0 17
380 0 133 20 1 202 0 873 16 2330 10 9 4 1372 18 0 6 3 8 4 11 0 137 73 0 6 5 4795 242 2180 0 5 7 133 0 0 0 3 0 15 0 0 7 2 0 2 0 0 2 0 0 0 0 0 0 0 0 25 0 0 0 7 3 2 0 0 0 1
35 0 126 31 15 2571 873 0 44 1947 25 80 26 2803 126 0 61 6 7 9 3 1 179 27 0 12 0 95 107 23 0 243 1 111 1 0 0 1 0 37 0 8 8 0 1 15 0 1 15 0 0 0 0 1 0 0 0 54 1 0 0 11 1 2 0 1 0 16
0 32 0 103 68 188 16 44 0 134 6 243 156 19 979 0 0 0 2 77 0 312 2 1794 69 2 252 139 21 12 0 6 3 54 2 0 0 20 0 6 6 5 241 56 0 40 0 5 18 0 0 0 0 25 1 9 0 164 2 0 6 52 10 18 0 0 1 48
4 0 3 419 5 2547 2330 1947 134 0 7 1301 6 481 46 0 0 0 0 1917 0 1 5 20 0 0 0 876 105 6 0 4 0 283 0 0 0 9 1 27 1 0 53 8 0 28 0 0 5 0 0 0 0 8 0 0 0 157 0 0 0 23 0 0 0 0 0 0
17 22 0 0 5 17 10 25 6 7 0 35 1258 124 17 0 19 1713 916 0 2 16 2 3 42 1218 30 1 215 6 186 187 2 944 0 3 0 0 0 0 0 0 0 0 59 0 234 0 0 0 0 0 0 0 0 0 0 0 98 2 24 0 0 0 1 1 0 3
1 1 0 939 8 2696 9 80 243 1301 35 0 11 55 242 0 0 7 5 1300 0 0 0 534 0 3 3 333 42 0 0 2 1 147 0 0 0 24 0 50 9 1 41 81 0 161 1 1 3 0 0 0 0 26 0 0 0 57 0 0 0 41 0 0 0 0 0 10
1 133 0 0 25 24 4 26 156 6 1258 11 0 15 62 0 0 0 0 2 4 32 6 5 1062 41 626 3 22 1 241 142 0 629 0 53 0 2 7 6 0 5 11 3 79 4 1735 4 16 0 0 2 0 0 0 5 0 1 497 15 142 1 1 0 23 20 0 439
1806 0 241 15 0 38 1372 2803 19 481 124 55 15 0 27 0 367 40 16 10 36 0 494 8 0 59 5 80 2166 625 2 155 2 149 0 0 0 0 0 4 0 2 3 0 1 1 0 0 2 0 0 0 0 0 0 0 0 1 0 0 0 1 2 0 0 0 0 5
0 10 0 24 901 1155 18 126 979 46 17 242 62 27 0 1 0 2 1 7 17 19 10 110 0 9 18 59 13 1 1 17 0 69 0 0 0 2 0 10 0 2 37 9 0 16 2 0 19 0 0 0 0 7 0 0 0 4 0 0 0 2 2 0 0 3 0 11
0 3 0 0 0 0 0 0 0 0 0 0 0 0 1 0 0 0 0 0 661 1007 1067 807 0 0 1287 199 0 0 0 0 0 7 1 0 2 0 0 0 0 0 0 0 0 0 0 0 0 758 0 0 0 0 45 97 240 46 0 0 74 10 0 39 0 0 0 2
50 4 1475 0 0 0 6 61 0 0 19 0 0 367 0 0 0 7 1533 0 59 1 2659 4 0 1044 707 20 213 415 0 0 24 1527 0 3 28 0 0 0 0 0 0 0 0 0 1 0 0 2 14 0 2 0 0 1 21 0 0 9 99 0 0 1 0 0 0 1
22 0 0 0 0 8 3 6 0 0 1713 7 0 40 2 0 7 0 1010 0 2 0 1 0 0 1331 4 0 58 3 0 3 5 100 0 0 0 0 0 0 0 0 0 0 0 0 3 0 0 0 0 0 0 0 0 0 0 0 0 0 2 0 0 0 0 0 0 0
9 0 5 0 0 1 8 7 2 0 916 5 0 16 1 0 1533 1010 0 0 12 1 28 1 0 1714 241 2 36 35 0 1 12 1035 0 2 1 0 0 0 0 0 0 0 0 0 2 0 0 0 5 0 8 0 0 0 0 0 2 14 57 0 0 0 0 0 0 1
0 0 0 2781 0 81 4 9 77 1917 0 1300 2 10 7 0 0 0 0 0 0 0 0 111 0 0 0 174 9 0 0 1 0 47 0 0 0 22 0 18 1 0 14 13 0 7 0 0 0 0 0 0 0 3 0 0 0 39 0 0 0 7 0 0 0 0 0 0
9 0 54 0 3 0 11 3 0 0 2 0 4 36 17 661 59 2 12 0 0 6 6480 46 0 21 99 2403 35 3096 0 0 13 985 0 0 0 0 0 0 0 0 3 0 0 0 0 0 0 59 0 0 0 0 39 8 10 91 0 0 3 24 4 76 0 0 1 10
0 477 1 1 11 14 0 1 312 1 16 0 32 0 19 1007 1 0 1 0 6 0 1 954 106 1 1001 25 0 0 0 2 0 1 0 22 5 0 0 0 1 0 20 1 1 0 8 0 0 77 2 0 0 0 5 365 10 51 3 2 109 2 3 1 0 0 0 3
60 0 2311 0 5 6 137 179 2 5 2 0 6 494 10 1067 2659 1 28 0 6480 1 0 21 0 115 4310 488 61 619 0 0 13 1466 0 2 20 0 0 0 0 0 1 0 0 0 0 0 0 343 4 0 1 0 16 13 420 8 0 0 193 5 0 24 0 0 1 7
0 117 2 665 12 149 73 27 1794 20 3 534 5 8 110 807 4 0 1 111 46 954 21 0 76 2 813 1682 37 1 0 0 4 36 2 7 0 46 0 42 5 0 148 153 0 47 0 2 21 40 0 0 0 40 22 105 5 872 0 0 29 234 14 24 0 0 3 27
0 380 0 0 0 0 0 0 69 0 42 0 1062 0 0 0 0 0 0 0 0 106 0 76 0 1 1195 0 1 0 1 4 0 4 0 12 0 0 0 0 0 0 3 0 17 0 235 0 0 0 0 0 1 0 0 7 0 2 149 9 230 0 0 0 2 0 0 10
36 11 3268 0 0 8 6 12 2 0 1218 3 41 59 9 0 1044 1331 1714 0 21 1 115 2 1 0 3740 11 49 23 116 5 12 249 0 23 8 0 0 0 0 0 0 0 5 0 70 0 0 0 31 2 66 0 0 0 3 0 30 86 556 0 0 0 6 0 0 7
2 2105 4055 0 0 4 5 0 252 0 30 3 626 5 18 1287 707 4 241 0 99 1001 4310 813 1195 3740 0 412 7 13 316 0 14 460 0 303 257 0 0 0 0 0 11 0 5 1 172 0 2 397 162 2 129 0 4 155 548 13 106 284 5171 1 1 12 9 0 0 32
3 2 115 1761 9 150 4795 95 139 876 1 333 3 80 59 199 20 0 2 174 2403 25 488 1682 0 11 412 0 163 1944 0 0 24 240 2 1 0 21 0 39 5 2 60 29 0 34 0 3 10 18 0 0 0 13 10 12 1 589 0 0 0 176 25 47 0 0 3 35
977 0 6 24 0 30 242 107 21 105 215 42 22 2166 13 0 213 58 36 9 35 0 61 37 1 49 7 163 0 1784 0 190 1262 1264 0 0 0 0 0 6 0 2 9 0 2 0 1 0 4 0 0 0 0 0 0 0 0 6 3 0 0 3 3 1 0 1 0 6
375 2 43 0 1 0 2180 23 12 6 6 0 1 625 1 0 415 3 35 0 3096 0 619 1 0 23 13 1944 1784 0 0 0 307 735 1 0 0 0 0 0 0 0 1 0 0 0 0 0 0 12 0 0 0 0 20 0 2 57 0 0 0 30 9 113 0 0 2 19
0 0 0 0 0 0 0 0 0 0 186 0 241 2 1 0 0 0 0 0 0 0 0 0 1 116 316 0 0 0 0 0 0 5 0 0 0 0 0 1 0 0 0 0 1 0 51 0 0 0 0 1 1 0 0 0 0 0 8 4 31 0 0 0 1 0 0 0
0 0 0 0 59 117 5 243 6 4 187 2 142 155 17 0 0 3 1 1 0 2 0 0 4 5 0 0 190 0 0 0 3 584 0 0 0 0 0 0 0 1 0 0 9 0 14 0 0 0 0 0 0 0 0 0 0 0 9 0 0 0 0 0 0 0 0 4
3 0 0 1 0 2 7 1 3 0 2 1 0 2 0 0 24 5 12 0 13 0 13 4 0 12 14 24 1262 307 0 3 0 547 0 0 0 0 0 0 0 0 2 0 0 0 0 0 0 0 0 0 0 0 0 0 0 1 0 0 0 1 0 0 0 0 0 0
24 4 15 67 240 123 133 111 54 283 944 147 629 149 69 7 1527 100 1035 47 985 1 1466 36 4 249 460 240 1264 735 5 584 547 0 1 3 13 0 0 11 1 6 6 0 3 5 5 1 7 4 13 0 9 0 2 1 23 50 5 5 72 25 12 24 2 6 3 34
0 0 0 0 0 0 0 1 2 0 0 0 0 0 0 1 0 0 0 0 0 0 0 2 0 0 0 2 0 1 0 0 0 1 0 2 13 0 0 2 223 26 1 8 3 3 1 1170 3 0 33 2 5 0 7 0 2 3 0 38 2 8 1438 391 0 1 18 32
0 309 2 0 0 0 0 0 0 0 3 0 53 0 0 0 3 0 2 0 0 22 2 7 12 23 303 1 0 0 0 0 0 3 2 0 2 0 0 2 1 1 68 0 1 8 6 9 13 0 2 0 2 0 0 441 4 76 477 16 1582 1 0 2 0 0 0 28
0 8 142 0 0 0 0 0 0 0 0 0 0 0 0 2 28 0 1 0 0 5 20 0 0 8 257 0 0 0 0 0 0 13 13 2 0 0 0 14 269 185 0 5 0 0 0 260 0 0 170 0 2 0 75 1 2108 4 0 3518 2781 110 1 62 0 0 0 8
0 0 0 49 0 9 3 1 20 9 0 24 2 0 2 0 0 0 0 22 0 0 0 46 0 0 0 21 0 0 0 0 0 0 0 0 0 0 0 88 3 36 111 899 0 1056 0 8 24 0 0 0 0 2203 0 0 0 603 0 0 0 1316 7 0 0 0 1 56
0 0 0 0 0 0 0 0 0 1 0 0 7 0 0 0 0 0 0 0 0 0 0 0 0 0 0 0 0 0 0 0 0 0 0 0 0 0 0 105 1 3 40 2 34 6 5 0 1096 0 0 0 0 0 0 4 0 9 1 0 0 2 1 0 0 79 0 255
0 1 0 12 4 44 15 37 6 27 0 50 6 4 10 0 0 0 0 18 0 0 0 42 0 0 0 39 6 0 1 0 0 11 2 2 14 88 105 0 323 2696 163 5221 10 2486 1 95 1125 0 0 0 0 124 0 25 6 138 0 19 10 179 52 3 1 46 0 83
0 0 0 0 0 2 0 0 6 1 0 9 0 0 0 0 0 0 0 1 0 1 0 5 0 0 0 5 0 0 0 0 0 1 223 1 269 3 1 323 0 1732 5 2133 1 3 0 1863 18 0 39 0 7 1 45 2 270 108 0 93 12 4879 162 2805 0 0 8 136
0 0 0 0 0 7 0 8 5 0 0 1 5 2 2 0 0 0 0 0 0 0 0 0 0 0 0 2 2 0 0 1 0 6 26 1 185 36 3 2696 1732 0 20 1322 26 136 3 3956 93 0 1 3 1 40 15 4 162 33 2 23 3 98 34 61 0 351 0 43
0 10 0 36 0 23 7 8 241 53 0 41 11 3 37 0 0 0 0 14 3 20 1 148 3 0 11 60 9 1 0 0 2 6 1 68 0 111 40 163 5 20 0 113 4 224 1 16 717 0 2 0 4 78 0 275 0 2157 178 0 138 164 16 6 0 12 0 22
0 0 0 18 0 20 2 0 56 8 0 81 3 0 9 0 0 0 0 13 0 1 0 153 0 0 0 29 0 0 0 0 0 0 8 0 5 899 2 5221 2133 1322 113 0 1 1821 0 135 80 0 0 0 0 708 0 0 4 62 0 0 0 1581 102 4 0 1 3 481
0 4 0 0 1 0 0 1 0 0 59 0 79 1 0 0 0 0 0 0 0 1 0 0 17 5 5 0 2 0 1 9 0 3 3 1 0 0 34 10 1 26 4 1 0 22 1289 193 15 0 17 1448 208 0 6 1 10 1 244 398 9 3 211 19 62 542 4 1257
0 1 0 12 1 116 2 15 40 28 0 161 4 1 16 0 0 0 0 7 0 0 0 47 0 0 1 34 0 0 0 0 0 5 3 8 0 1056 6 2486 3 136 224 1821 22 0 1 56 230 0 0 4 0 1612 0 4 0 518 0 9 10 488 35 1 0 4 1 152
0 11 0 0 1 0 0 0 0 0 234 1 1735 0 2 0 1 3 2 0 0 8 0 0 235 70 172 0 1 0 51 14 0 5 1 6 0 0 5 1 0 3 1 0 1289 1 0 13 1 0 0 1 0 0 0 1 0 0 738 86 347 1 9 0 285 41 0 261
0 0 0 0 0 6 0 1 5 0 0 1 4 0 0 0 0 0 0 0 0 0 0 2 0 0 0 3 0 0 0 0 0 1 1170 9 260 8 0 95 1863 3956 16 135 193 56 13 0 79 0 47 25 8 21 2 0 111 33 0 144 20 58 2029 385 4 51 3 242
0 3 0 1 0 32 2 15 18 5 0 3 16 2 19 0 0 0 0 0 0 0 0 21 0 0 2 10 4 0 0 0 0 7 3 13 0 24 1096 1125 18 93 717 80 15 230 1 79 0 0 0 6 0 29 1 21 2 91 2 14 26 67 24 1 0 67 0 63
0 0 8 0 0 0 0 0 0 0 0 0 0 0 0 758 2 0 0 0 59 77 343 40 0 0 397 18 0 12 0 0 0 4 0 0 0 0 0 0 0 0 0 0 0 0 0 0 0 0 2 0 1 0 1253 1242 649 684 0 3 1369 196 0 0 0 0 0 3
0 3 36 0 0 0 0 0 0 0 0 0 0 0 0 0 14 0 5 0 0 2 4 0 0 31 162 0 0 0 0 0 0 13 33 2 170 0 0 0 39 1 2 0 17 0 0 47 0 2 0 21 1382 0 98 1 1282 0 0 329 242 9 53 365 0 0 0 803
0 0 0 0 0 0 0 0 0 0 0 0 2 0 0 0 0 0 0 0 0 0 0 0 0 2 2 0 0 0 1 0 0 0 2 0 0 0 0 0 0 3 0 0 1448 4 1 25 6 0 21 0 303 0 6 0 4 0 1 360 8 0 8 13 0 4 1 112
0 3 5 0 0 0 0 0 0 0 0 0 0 0 0 0 2 0 8 0 0 0 1 0 1 66 129 0 0 0 1 0 0 9 5 2 2 0 0 0 7 1 4 0 208 0 0 8 0 1 1382 303 0 0 34 0 59 1 0 1734 177 1 15 95 0 0 3 750
0 0 0 21 0 34 0 1 25 8 0 26 0 0 7 0 0 0 0 3 0 0 0 40 0 0 0 13 0 0 0 0 0 0 0 0 0 2203 0 124 1 40 78 708 0 1612 0 21 29 0 0 0 0 0 0 1 0 199 0 0 0 425 20 0 0 0 0 93
0 0 0 0 0 0 0 0 1 0 0 0 0 0 0 45 0 0 0 0 39 5 16 22 0 0 4 10 0 20 0 0 0 2 7 0 75 0 0 0 45 15 0 0 6 0 0 2 1 1253 98 6 34 0 0 7 6339 38 0 12 108 1917 77 3253 0 1 32 865
0 40 2 0 0 0 0 0 9 0 0 0 5 0 0 97 1 0 0 0 8 365 13 105 7 0 155 12 0 0 0 0 0 1 0 441 1 0 4 25 2 4 275 0 1 4 1 0 21 1242 1 0 0 1 7 0 3 1352 133 1 1538 13 2 1 0 0 0 7
0 2 78 0 0 0 0 0 0 0 0 0 0 0 0 240 21 0 0 0 10 10 420 5 0 3 548 1 0 2 0 0 0 23 2 4 2108 0 0 6 270 162 0 4 10 0 0 111 2 649 1282 4 59 0 6339 3 0 70 0 522 2800 429 7 478 0 0 9 892
0 12 1 63 0 66 25 54 164 157 0 57 1 1 4 46 0 0 0 39 91 51 8 872 2 0 13 589 6 57 0 0 1 50 3 76 4 603 9 138 108 33 2157 62 1 518 0 33 91 684 0 0 1 199 38 1352 70 0 40 0 993 2790 39 12 0 3 7 75
0 25 0 0 0 0 0 1 2 0 98 0 497 0 0 0 0 0 2 0 0 3 0 0 149 30 106 0 3 0 8 9 0 5 0 477 0 0 1 0 0 2 178 0 244 0 738 0 2 0 0 1 0 0 0 133 0 40 0 4 685 0 0 0 0 12 0 279
0 6 18 0 0 0 0 0 0 0 2 0 15 0 0 0 9 0 14 0 0 2 0 0 9 86 284 0 0 0 4 0 0 5 38 16 3518 0 0 19 93 23 0 0 398 9 86 144 14 3 329 360 1734 0 12 1 522 0 4 0 3396 1 30 96 58 6 3 151
0 315 392 0 0 0 0 0 6 0 24 0 142 0 0 74 99 2 57 0 3 109 193 29 230 556 5171 0 0 0 31 0 0 72 2 1582 2781 0 0 10 12 3 138 0 9 10 347 20 26 1369 242 8 177 0 108 1538 2800 993 685 3396 0 122 6 30 68 1 3 155
0 2 1 35 0 40 7 11 52 23 0 41 1 1 2 10 0 0 0 7 24 2 5 234 0 0 1 176 3 30 0 0 1 25 8 1 110 1316 2 179 4879 98 164 1581 3 488 1 58 67 196 9 0 1 425 1917 13 429 2790 0 1 122 0 96 960 0 1 18 235
0 0 0 0 0 4 3 1 10 0 0 0 1 2 2 0 0 0 0 0 4 3 0 14 0 0 1 25 3 9 0 0 0 12 1438 0 1 7 1 52 162 34 16 102 211 35 9 2029 24 0 53 8 15 20 77 2 7 39 0 30 6 96 0 1483 0 137 1212 1357
0 0 0 0 0 0 2 2 18 0 0 0 0 0 0 39 1 0 0 0 76 1 24 24 0 0 12 47 1 113 0 0 0 24 391 2 62 0 0 3 2805 61 6 4 19 1 0 385 1 0 365 13 95 0 3253 1 478 12 0 96 30 960 1483 0 0 6 256 1156
0 1 0 0 0 0 0 0 0 0 1 0 23 0 0 0 0 0 0 0 0 0 0 0 2 6 9 0 0 0 1 0 0 2 0 0 0 0 0 1 0 0 0 0 62 0 285 4 0 0 0 0 0 0 0 0 0 0 0 58 68 0 0 0 0 2 0 6
0 0 0 0 0 6 0 1 0 0 1 0 20 0 3 0 0 0 0 0 0 0 0 0 0 0 0 0 1 0 0 0 0 6 1 0 0 0 79 46 0 351 12 1 542 4 41 51 67 0 0 4 0 0 1 0 0 3 12 6 1 1 137 6 2 0 1 693
1 0 0 0 0 0 0 0 1 0 0 0 0 0 0 0 0 0 0 0 1 0 1 3 0 0 0 3 0 2 0 0 0 3 18 0 0 1 0 0 8 0 0 3 4 1 0 3 0 0 0 1 3 0 32 0 9 7 0 3 3 18 1212 256 0 1 0 381
0 3 11 0 0 17 1 16 48 0 3 10 439 5 11 2 1 0 1 0 10 3 7 27 10 7 32 35 6 19 0 4 0 34 32 28 8 56 255 83 136 43 22 481 1257 152 261 242 63 3 803 112 750 93 865 7 892 75 279 151 155 235 1357 1156 6 693 381 0
