0 0 0 1 0 5 380 70 0 4 13 1 0 1681 0 0 38 9 52 0 2 0 2 0 0 14 0 15 722 605 0 0 0 21 0 0 0 0 0 0 0 0 0 0 0 0 0 0 0 1 0 0 0 0 0 0 0 4 0 0 0 0 0 1 0 0 0 0
0 0 1 1 1 0 0 0 87 0 7 2 250 1 11 2 1 0 1 0 0 172 0 85 568 2 1725 2 1 0 3 0 0 5 0 82 0 0 0 0 0 0 0 0 0 0 3 0 0 5 0 0 0 0 0 11 0 1 6 17 288 0 0 0 2 0 0 3
0 1 0 0 0 14 313 73 0 11 0 0 0 13 0 0 1272 1 24 0 230 0 2206 19 0 2024 3902 399 2 21 0 0 0 132 0 2 111 0 0 0 0 0 0 0 0 0 0 0 0 9 12 0 1 0 1 1 30 1 0 34 273 0 0 1 0 0 0 4
1 1 0 0 31 31 2 5 323 640 0 922 5 2 67 0 0 0 0 1761 0 0 1 983 0 0 1 3079 18 0 0 0 0 9 0 1 0 382 0 7 1 1 30 56 0 39 0 0 9 0 0 0 0 101 0 1 0 55 0 0 1 132 0 0 0 0 0 0
0 1 0 31 0 348 0 23 42 10 14 51 28 0 834 0 0 0 0 7 2 6 1 19 0 0 1 11 0 0 0 186 0 232 0 0 0 0 1 0 0 1 2 1 0 5 0 0 3 0 0 0 0 0 1 0 1 1 0 0 0 0 0 1 0 0 0 0
5 0 14 31 348 0 161 2744 28 3076 29 3311 20 23 537 0 2 5 9 32 1 0 2 5 0 4 1 108 41 1 0 31 0 27 0 0 0 1 0 41 0 3 7 2 0 72 0 0 4 0 0 0 0 4 0 0 0 66 1 0 0 29 0 1 0 0 0 3
380 0 313 2 0 161 0 1225 4 1949 14 13 3 1640 3 0 316 1 44 2 77 1 229 11 0 95 4 4578 152 1701 0 0 0 76 0 0 0 1 0 0 0 0 5 2 0 0 0 0 0 0 0 0 0 2 0 1 0 4 0 0 0 9 0 0 0 0 0 2
70 0 73 5 23 2744 1225 0 29 879 20 360 63 2716 38 0 150 1 71 5 3 0 26 6 7 40 4 30 26 23 1 313 0 22 0 0 0 0 0 5 0 1 3 0 0 1 3 0 0 0 0 0 0 0 0 0 0 8 0 0 0 4 0 0 0 1 0 2
0 87 0 323 42 28 4 29 0 92 6 365 107 0 270 0 0 1 1 84 0 785 1 1984 86 7 140 181 10 1 1 1 1 16 0 0 0 21 1 10 1 0 119 58 0 44 0 1 9 1 1 0 0 29 0 9 0 122 1 0 9 49 3 0 0 0 0 3
4 0 11 640 10 3076 1949 879 92 0 40 2015 38 78 35 0 3 1 10 933 0 0 3 45 0 5 0 1744 251 2 0 0 0 221 0 0 0 9 0 9 2 0 35 5 0 86 4 0 32 0 0 0 0 48 0 1 0 221 0 0 0 23 0 0 0 0 0 1
13 7 0 0 14 29 14 20 6 40 0 40 486 30 3 0 30 1120 422 3 2 3 0 2 86 847 19 0 271 2 108 97 0 1141 0 6 0 0 2 0 0 1 0 0 46 0 301 0 0 0 0 0 0 0 0 3 0 0 25 2 71 0 1 0 13 1 0 0
1 2 0 922 51 3311 13 360 365 2015 40 0 59 37 835 0 0 2 1 1492 0 0 0 132 1 1 1 296 58 0 0 1 1 119 0 0 0 17 1 128 0 19 73 85 0 614 3 0 57 0 0 0 0 47 0 0 0 27 0 0 0 22 0 0 0 0 0 0
0 250 0 5 28 20 3 63 107 38 486 59 0 2 23 0 1 38 12 5 4 96 8 46 1061 76 752 29 35 4 173 73 0 393 0 25 0 0 2 11 1 6 4 2 30 6 476 0 6 0 0 1 0 2 3 2 4 5 130 25 449 4 5 0 84 3 0 19
1681 1 13 2 0 23 1640 2716 0 78 30 37 2 0 0 0 184 5 129 1 2 0 16 1 1 47 10 25 1347 263 0 59 0 37 0 0 0 0 0 1 0 0 0 0 0 0 1 0 0 1 0 0 0 0 0 0 0 1 0 0 0 1 0 0 0 0 0 1
0 11 0 67 834 537 3 38 270 35 3 835 23 0 0 0 0 0 1 33 4 13 0 38 12 0 5 75 6 0 1 18 0 6 0 0 0 1 12 14 0 0 3 27 0 35 3 0 12 1 0 0 0 31 1 0 0 7 0 0 0 4 1 2 0 0 0 4
0 2 0 0 0 0 0 0 0 0 0 0 0 0 0 0 0 0 0 0 259 376 993 620 0 1 642 131 0 0 0 0 0 3 0 0 3 0 0 0 0 0 0 0 0 0 0 0 0 416 0 0 0 0 35 41 496 72 0 1 161 30 0 8 0 0 0 1
38 1 1272 0 0 2 316 150 0 3 30 0 1 184 0 0 0 7 2015 0 26 0 1574 6 0 1022 546 48 108 234 0 0 1 1028 0 3 17 0 0 0 0 0 1 0 0 0 0 0 0 1 2 0 0 0 0 0 2 1 0 15 73 0 0 0 0 0 0 0
9 0 1 0 0 5 1 1 1 1 1120 2 38 5 0 0 7 0 620 0 0 0 1 0 0 721 1 0 25 0 0 0 0 56 0 0 0 0 0 0 0 0 0 0 1 0 9 0 0 0 0 1 0 0 0 0 0 0 0 5 8 0 0 0 7 0 0 0
52 1 24 0 0 9 44 71 1 10 422 1 12 129 1 0 2015 620 0 0 7 1 30 3 0 1224 107 2 153 74 1 4 3 733 0 2 0 0 0 0 0 0 0 0 1 0 1 0 0 0 0 0 0 0 0 0 0 0 0 24 27 0 0 0 1 0 0 0
0 0 0 1761 7 32 2 5 84 933 3 1492 5 1 33 0 0 0 0 0 0 0 0 24 0 0 0 1215 14 0 0 0 0 12 0 0 0 57 1 12 0 0 23 51 0 48 2 0 18 0 0 0 0 105 0 0 0 77 0 0 0 69 0 0 0 0 0 0
2 0 230 0 2 1 77 3 0 0 2 0 4 2 4 259 26 0 7 0 0 8 7035 10 0 7 90 1981 36 2667 0 0 16 1280 0 0 2 0 0 0 0 0 0 0 0 0 0 0 0 37 0 0 0 0 16 2 49 59 0 0 2 10 1 18 0 0 0 0
0 172 0 0 6 0 1 0 785 0 3 0 96 0 13 376 0 0 1 0 8 0 2 644 68 3 1000 11 0 0 3 0 0 11 1 6 2 0 0 0 0 0 15 0 0 0 0 0 0 42 0 0 0 1 3 129 11 65 1 7 78 7 0 0 0 0 0 1
2 0 2206 1 1 2 229 26 1 3 0 0 8 16 0 993 1574 1 30 0 7035 2 0 23 0 107 3049 427 23 307 0 0 2 1381 0 1 22 0 0 0 0 0 0 0 0 0 0 0 0 260 1 0 0 0 39 5 827 12 0 0 137 4 0 3 0 0 0 1
0 85 19 983 19 5 11 6 1984 45 2 132 46 1 38 620 6 0 3 24 10 644 23 0 46 12 694 1036 45 2 0 0 8 59 2 5 2 13 0 5 7 1 101 87 0 34 0 0 7 87 0 0 0 58 20 22 22 952 2 0 26 166 3 19 0 0 0 13
0 568 0 0 0 0 0 7 86 0 86 1 1061 1 12 0 0 0 0 0 0 68 0 46 0 6 1554 0 3 0 5 7 0 13 0 54 0 0 1 0 0 0 2 0 13 0 123 0 0 0 0 0 0 0 0 2 0 2 170 1 154 0 3 0 1 2 0 9
14 2 2024 0 0 4 95 40 7 5 847 1 76 47 0 1 1022 721 1224 0 7 3 107 12 6 0 3182 34 36 17 125 2 0 123 0 12 22 0 0 0 0 0 0 0 21 0 83 0 0 3 2 1 12 0 0 5 1 0 10 275 536 0 0 0 47 0 0 7
0 1725 3902 1 1 1 4 4 140 0 19 1 752 10 5 642 546 1 107 0 90 1000 3049 694 1554 3182 0 517 11 3 106 0 0 718 0 151 282 0 0 0 0 0 6 0 8 0 59 0 0 303 31 2 23 0 4 97 486 53 35 504 5313 2 0 0 33 0 0 21
15 2 399 3079 11 108 4578 30 181 1744 0 296 29 25 75 131 48 0 2 1215 1981 11 427 1036 0 34 517 0 440 1841 0 0 65 740 0 0 0 29 0 8 4 0 53 20 0 32 2 0 11 29 0 0 0 35 6 4 10 332 0 0 3 120 0 24 0 0 0 11
722 1 2 18 0 41 152 26 10 251 271 58 35 1347 6 0 108 25 153 14 36 0 23 45 3 36 11 440 0 1395 2 291 570 1247 0 1 0 0 0 0 1 0 0 0 4 0 10 0 0 4 0 0 0 0 4 1 0 20 1 0 0 8 0 6 0 0 0 5
605 0 21 0 0 1 1701 23 1 2 2 0 4 263 0 0 234 0 74 0 2667 0 307 2 0 17 3 1841 1395 0 0 0 190 807 0 0 0 0 0 0 0 0 0 0 0 0 1 0 0 2 1 0 0 0 14 0 4 13 0 0 1 6 0 7 0 0 0 2
0 3 0 0 0 0 0 1 1 0 108 0 173 0 1 0 0 0 1 0 0 3 0 0 5 125 106 0 2 0 0 0 0 3 0 5 0 0 0 0 0 0 0 0 14 0 70 0 0 0 0 1 0 0 0 0 0 0 15 21 111 0 0 0 35 0 0 0
0 0 0 0 186 31 0 313 1 0 97 1 73 59 18 0 0 0 4 0 0 0 0 0 7 2 0 0 291 0 0 0 0 256 0 0 0 0 1 0 0 0 0 0 2 0 6 0 0 0 0 0 0 0 0 0 0 0 0 0 0 0 0 0 0 0 0 0
0 0 0 0 0 0 0 0 1 0 0 1 0 0 0 0 1 0 3 0 16 0 2 8 0 0 0 65 570 190 0 0 0 751 0 0 0 0 0 0 0 0 0 0 0 0 0 0 0 1 0 0 0 0 1 0 0 2 0 0 0 0 0 3 0 0 0 0
21 5 132 9 232 27 76 22 16 221 1141 119 393 37 6 3 1028 56 733 12 1280 11 1381 59 13 123 718 740 1247 807 3 256 751 0 1 4 5 0 0 1 0 1 0 0 2 0 18 0 0 3 2 0 1 0 7 1 9 32 0 12 51 31 0 5 0 0 0 1
0 0 0 0 0 0 0 0 0 0 0 0 0 0 0 0 0 0 0 0 0 1 0 2 0 0 0 0 0 0 0 0 0 1 0 0 4 0 0 3 257 20 1 4 10 2 0 1034 0 0 2 1 2 0 4 0 2 5 0 3 1 23 1211 529 0 0 3 32
0 82 2 1 0 0 0 0 0 0 6 0 25 0 0 0 3 0 2 0 0 6 1 5 54 12 151 0 1 0 5 0 0 4 0 0 0 0 0 0 1 0 105 0 1 1 85 0 17 1 0 0 1 0 0 391 1 119 455 3 1501 2 0 0 0 0 0 0
0 0 111 0 0 0 0 0 0 0 0 0 0 0 0 3 17 0 0 0 2 2 22 2 0 22 282 0 0 0 0 0 0 5 4 0 0 0 0 12 242 92 0 2 0 1 0 55 0 1 242 0 16 0 99 1 1759 2 0 1581 3407 134 1 12 0 0 0 42
0 0 0 382 0 1 1 0 21 9 0 17 0 0 1 0 0 0 0 57 0 0 0 13 0 0 0 29 0 0 0 0 0 0 0 0 0 0 6 20 3 1 92 1564 1 706 2 3 19 0 0 0 0 2423 0 2 0 270 0 0 2 2283 10 0 0 0 0 15
0 0 0 0 1 0 0 0 1 0 2 1 2 0 12 0 0 0 0 1 0 0 0 0 1 0 0 0 0 0 0 1 0 0 0 0 0 6 0 418 3 14 49 13 79 33 68 0 710 0 0 1 0 9 2 3 1 37 0 0 0 32 1 0 1 99 0 350
0 0 0 7 0 41 0 5 10 9 0 128 11 1 14 0 0 0 0 12 0 0 0 5 0 0 0 8 0 0 0 0 0 1 3 0 12 20 418 0 298 2862 77 3435 51 3681 31 108 769 0 0 3 3 59 7 1 1 24 1 9 1 252 33 2 0 20 1 102
0 0 0 1 0 0 0 0 1 2 0 0 1 0 0 0 0 0 0 0 0 0 0 7 0 0 0 4 1 0 0 0 0 0 257 1 242 3 3 298 0 652 4 1408 12 21 2 2511 15 0 199 0 69 3 189 1 211 47 1 161 8 4474 128 1768 0 0 11 132
0 0 0 1 1 3 0 1 0 0 1 19 6 0 0 0 0 0 0 0 0 0 0 1 0 0 0 0 0 0 0 0 0 1 20 0 92 1 14 2862 652 0 16 986 60 130 21 3796 31 0 19 10 2 3 33 0 26 7 1 33 4 41 44 23 1 242 0 43
0 0 0 30 2 7 5 3 119 35 0 73 4 0 3 0 1 0 0 23 0 15 0 101 2 0 6 53 0 0 0 0 0 0 1 105 0 92 49 77 4 16 0 157 11 339 49 4 324 1 1 1 1 83 0 385 0 1911 97 2 221 171 5 0 0 0 2 17
0 0 0 56 1 2 2 0 58 5 0 85 2 0 27 0 0 0 0 51 0 0 0 87 0 0 0 20 0 0 0 0 0 0 4 0 2 1564 13 3435 1408 986 157 0 20 1599 6 221 44 0 0 0 2 1571 2 0 2 82 0 0 0 2533 289 0 0 0 2 350
0 0 0 0 0 0 0 0 0 0 46 0 30 0 0 0 0 1 1 0 0 0 0 0 13 21 8 0 4 0 14 2 0 2 10 1 0 1 79 51 12 60 11 20 0 34 790 66 2 0 26 1697 234 10 4 0 1 2 67 466 19 6 249 33 146 196 1 1500
0 0 0 39 5 72 0 1 44 86 0 614 6 0 35 0 0 0 0 48 0 0 0 34 0 0 0 32 0 0 0 0 0 0 2 1 1 706 33 3681 21 130 339 1599 34 0 11 39 570 0 0 3 5 2543 0 4 0 291 3 5 3 648 75 1 0 0 0 184
0 3 0 0 0 0 0 3 0 4 301 3 476 1 3 0 0 9 1 2 0 0 0 0 123 83 59 2 10 1 70 6 0 18 0 85 0 2 68 31 2 21 49 6 790 11 0 0 11 0 0 0 0 3 0 32 2 13 993 17 749 8 48 2 279 43 0 250
0 0 0 0 0 0 0 0 1 0 0 0 0 0 0 0 0 0 0 0 0 0 0 0 0 0 0 0 0 0 0 0 0 0 1034 0 55 3 0 108 2511 3796 4 221 66 39 0 0 3 0 37 7 20 17 28 0 24 4 0 69 1 52 1466 653 0 5 5 45
0 0 0 9 3 4 0 0 9 32 0 57 6 0 12 0 0 0 0 18 0 0 0 7 0 0 0 11 0 0 0 0 0 0 0 17 0 19 710 769 15 31 324 44 2 570 11 3 0 0 0 0 1 20 10 12 8 144 14 1 14 96 9 0 0 2 0 16
1 5 9 0 0 0 0 0 1 0 0 0 0 1 1 416 1 0 0 0 37 42 260 87 0 3 303 29 4 2 0 0 1 3 0 1 1 0 0 0 0 0 1 0 0 0 0 0 0 0 2 0 0 0 577 904 1024 1053 0 4 1187 288 1 0 0 0 0 7
0 0 12 0 0 0 0 0 1 0 0 0 0 0 0 0 2 0 0 0 0 0 1 0 0 2 31 0 0 1 0 0 0 2 2 0 242 0 0 0 199 19 1 0 26 0 0 37 0 2 0 4 1303 0 24 0 1335 2 0 345 328 57 3 312 0 0 0 904
0 0 0 0 0 0 0 0 0 0 0 0 1 0 0 0 0 1 0 0 0 0 0 0 0 1 2 0 0 0 1 0 0 0 1 0 0 0 1 3 0 10 1 0 1697 3 0 7 0 0 4 0 559 0 0 0 0 1 0 745 6 0 4 1 0 2 1 94
0 0 1 0 0 0 0 0 0 0 0 0 0 0 0 0 0 0 0 0 0 0 0 0 0 12 23 0 0 0 0 0 0 1 2 1 16 0 0 3 69 2 1 2 234 5 0 20 1 0 1303 559 0 0 2 0 20 4 0 1877 70 15 8 130 0 0 2 838
0 0 0 101 0 4 2 0 29 48 0 47 2 0 31 0 0 0 0 105 0 1 0 58 0 0 0 35 0 0 0 0 0 0 0 0 0 2423 9 59 3 3 83 1571 10 2543 3 17 20 0 0 0 0 0 0 0 0 132 0 0 0 615 33 0 0 0 1 36
0 0 1 0 1 0 0 0 0 0 0 0 3 0 1 35 0 0 0 0 16 3 39 20 0 0 4 6 4 14 0 0 1 7 4 0 99 0 2 7 189 33 0 2 4 0 0 28 10 577 24 0 2 0 0 7 5926 13 0 14 153 1924 13 2648 0 0 7 1010
0 11 1 1 0 0 1 0 9 1 3 0 2 0 0 41 0 0 0 0 2 129 5 22 2 5 97 4 1 0 0 0 0 1 0 391 1 2 3 1 1 0 385 0 0 4 32 0 12 904 0 0 0 0 7 0 4 1004 59 2 965 25 0 3 0 0 0 5
0 0 30 0 1 0 0 0 0 0 0 0 4 0 0 496 2 0 0 0 49 11 827 22 0 1 486 10 0 4 0 0 0 9 2 1 1759 0 1 1 211 26 0 2 1 0 2 24 8 1024 1335 0 20 0 5926 4 0 26 0 448 2032 335 2 467 0 0 0 735
4 1 1 55 1 66 4 8 122 221 0 27 5 1 7 72 1 0 0 77 59 65 12 952 2 0 53 332 20 13 0 0 2 32 5 119 2 270 37 24 47 7 1911 82 2 291 13 4 144 1053 2 1 4 132 13 1004 26 0 46 5 739 1907 40 9 0 0 7 58
0 6 0 0 0 1 0 0 1 0 25 0 130 0 0 0 0 0 0 0 0 1 0 2 170 10 35 0 1 0 15 0 0 0 0 455 0 0 0 1 1 1 97 0 67 3 993 0 14 0 0 0 0 0 0 59 0 46 0 0 1014 0 0 0 1 0 0 32
0 17 34 0 0 0 0 0 0 0 2 0 25 0 0 1 15 5 24 0 0 7 0 0 1 275 504 0 0 0 21 0 0 12 3 3 1581 0 0 9 161 33 2 0 466 5 17 69 1 4 345 745 1877 0 14 2 448 5 0 0 2612 45 3 10 310 4 0 54
0 288 273 1 0 0 0 0 9 0 71 0 449 0 0 161 73 8 27 0 2 78 137 26 154 536 5313 3 0 1 111 0 0 51 1 1501 3407 2 0 1 8 4 221 0 19 3 749 1 14 1187 328 6 70 0 153 965 2032 739 1014 2612 0 396 1 9 117 0 0 372
0 0 0 132 0 29 9 4 49 23 0 22 4 1 4 30 0 0 0 69 10 7 4 166 0 0 2 120 8 6 0 0 0 31 23 2 134 2283 32 252 4474 41 171 2533 6 648 8 52 96 288 57 0 15 615 1924 25 335 1907 0 45 396 0 287 1745 0 0 54 548
0 0 0 0 0 0 0 0 3 0 1 0 5 0 1 0 0 0 0 0 1 0 0 3 3 0 0 0 0 0 0 0 0 0 1211 0 1 10 1 33 128 44 5 289 249 75 48 1466 9 1 3 4 8 33 13 0 2 40 0 3 1 287 0 1110 0 154 908 1326
1 0 1 0 1 1 0 0 0 0 0 0 0 0 2 8 0 0 0 0 18 0 3 19 0 0 0 24 6 7 0 0 3 5 529 0 12 0 0 2 1768 23 0 0 33 1 2 653 0 0 312 1 130 0 2648 3 467 9 0 10 9 1745 1110 0 0 0 193 874
0 2 0 0 0 0 0 0 0 0 13 0 84 0 0 0 0 7 1 0 0 0 0 0 1 47 33 0 0 0 35 0 0 0 0 0 0 0 1 0 0 1 0 0 146 0 279 0 0 0 0 0 0 0 0 0 0 0 1 310 117 0 0 0 0 3 0 2
0 0 0 0 0 0 0 1 0 0 1 0 3 0 0 0 0 0 0 0 0 0 0 0 2 0 0 0 0 0 0 0 0 0 0 0 0 0 99 20 0 242 0 0 196 0 43 5 2 0 0 2 0 0 0 0 0 0 0 4 0 0 154 0 3 0 0 392
0 0 0 0 0 0 0 0 0 0 0 0 0 0 0 0 0 0 0 0 0 0 0 0 0 0 0 0 0 0 0 0 0 0 3 0 0 0 0 1 11 0 2 2 1 0 0 5 0 0 0 1 2 1 7 0 0 7 0 0 0 54 908 193 0 0 0 574
0 3 4 0 0 3 2 2 3 1 0 0 19 1 4 1 0 0 0 0 0 1 1 13 9 7 21 11 5 2 0 0 0 1 32 0 42 15 350 102 132 43 17 350 1500 184 250 45 16 7 904 94 838 36 1010 5 735 58 32 54 372 548 1326 874 2 392 574 0
