0 0 16 0 0 6 394 104 0 8 9 2 0 1888 0 0 64 4 14 0 8 0 75 0 0 13 6 2 1341 453 0 0 0 17 0 0 0 0 0 0 0 0 1 0 0 0 0 0 0 0 0 0 0 0 0 0 0 0 0 0 0 1 0 0 0 0 0 0
0 0 5 1 1 0 1 0 39 1 18 4 166 2 38 1 6 0 7 0 0 499 3 88 593 26 1883 1 6 1 1 5 1 18 0 364 3 0 0 0 0 0 8 0 0 0 11 0 0 2 11 0 1 0 0 26 4 8 50 4 218 1 0 0 7 0 0 3
16 5 0 0 0 17 300 69 0 31 0 1 0 39 1 0 1403 1 16 0 58 0 2641 13 0 2737 5316 28 4 46 0 0 0 141 0 9 55 0 0 0 0 0 1 0 0 0 0 0 0 1 27 0 3 0 1 1 11 2 2 15 234 0 0 0 0 0 0 11
0 1 0 0 2 9 1 2 53 653 0 308 0 2 8 0 0 0 0 2186 0 3 0 281 0 0 1 2195 6 0 0 0 0 15 0 0 0 187 0 0 0 0 12 0 0 311 0 1 3 0 0 0 0 23 0 0 0 40 0 0 0 3 1 0 0 0 0 0
0 1 0 2 0 254 2 2 95 3 3 68 183 0 1329 0 0 0 0 2 1 8 1 4 0 0 0 4 1 0 0 133 1 363 0 0 0 0 1 0 0 0 0 4 0 0 0 0 0 0 0 0 0 0 0 0 0 1 0 0 0 0 0 0 0 1 0 0
6 0 17 9 254 0 253 1955 33 3010 21 3474 26 67 749 0 6 3 3 51 3 2 29 7 0 6 0 127 88 2 0 109 6 67 0 0 0 0 0 5 0 0 0 0 0 4 1 0 1 0 0 0 0 0 0 0 0 5 0 0 0 1 0 0 0 1 0 1
394 1 300 1 2 253 0 243 7 2190 5 56 10 1158 14 4 35 0 2 2 116 1 521 107 0 12 82 5624 126 2045 0 1 13 120 0 0 0 0 0 0 0 0 5 0 0 0 0 0 1 0 0 0 0 0 0 0 0 11 0 0 0 2 0 0 0 0 0 0
104 0 69 2 2 1955 243 0 14 1055 10 268 14 3387 32 0 163 1 9 15 17 0 217 2 0 12 1 11 175 52 1 67 3 144 0 0 0 0 1 0 0 0 0 0 0 0 0 0 0 0 0 0 0 0 0 0 0 4 1 0 0 1 1 0 0 0 0 3
0 39 0 53 95 33 7 14 0 47 12 300 182 32 900 0 1 0 4 118 6 368 3 1817 97 7 226 171 20 0 0 30 6 43 0 0 0 22 1 9 2 1 244 30 0 22 1 1 22 2 0 0 0 19 2 7 1 154 2 0 2 114 2 0 0 0 0 6
8 1 31 653 3 3010 2190 1055 47 0 4 1543 59 742 47 0 4 0 0 773 4 0 28 31 0 0 1 1076 182 0 0 5 0 211 0 0 0 0 0 0 1 0 29 0 0 1 0 0 1 0 0 0 0 1 0 0 0 94 0 0 0 22 0 0 0 0 0 0
9 18 0 0 3 21 5 10 12 4 0 36 616 61 3 0 78 1115 839 2 5 14 3 0 10 915 66 0 165 2 98 106 1 1228 0 5 0 0 0 0 0 0 0 0 6 0 117 0 0 0 0 0 0 0 0 1 0 0 21 5 62 0 0 0 12 0 0 3
2 4 1 308 68 3474 56 268 300 1543 36 0 66 70 968 0 0 1 0 2057 0 9 3 260 0 0 3 494 127 0 0 4 5 187 0 0 0 25 0 139 0 0 17 11 0 813 0 0 3 0 0 0 0 24 0 1 0 30 0 0 0 33 0 0 0 0 0 3
0 166 0 0 183 26 10 14 182 59 616 66 0 26 68 2 1 22 8 11 1 143 11 8 746 94 607 18 38 1 313 154 0 563 0 24 0 0 17 5 0 1 9 3 24 7 773 4 27 1 0 0 0 3 0 16 0 13 376 7 115 12 4 0 55 31 0 162
1888 2 39 2 0 67 1158 3387 32 742 61 70 26 0 9 0 215 14 22 9 27 0 272 0 1 46 9 7 2022 386 6 221 0 95 0 0 0 0 1 0 0 0 0 0 0 0 1 0 1 0 0 0 0 0 0 0 0 0 0 0 0 0 0 0 0 0 0 2
0 38 1 8 1329 749 14 32 900 47 3 968 68 9 0 9 0 0 0 36 53 46 58 45 0 1 24 125 20 1 0 31 3 37 0 0 0 1 6 5 0 0 3 7 0 4 0 0 6 2 0 0 0 2 0 1 0 19 0 0 0 9 0 1 0 0 0 2
0 1 0 0 0 0 4 0 0 0 0 0 2 0 9 0 1 0 1 0 739 586 909 893 0 0 1206 255 0 1 0 0 0 10 0 2 5 0 0 0 0 0 1 0 0 0 0 1 1 1046 1 0 0 0 35 138 327 84 0 0 89 39 2 0 0 0 0 1
64 6 1403 0 0 6 35 163 1 4 78 0 1 215 0 1 0 17 1815 0 37 4 2653 30 0 1336 767 10 185 222 0 0 21 1144 0 9 40 0 0 0 0 0 0 0 0 0 0 0 0 0 38 0 2 0 0 3 3 0 0 13 140 0 0 0 0 0 0 9
4 0 1 0 0 3 0 1 0 0 1115 1 22 14 0 0 17 0 794 0 1 0 0 0 1 1204 11 1 6 2 2 1 0 108 0 1 0 0 0 0 0 0 0 0 0 0 6 0 0 0 0 0 0 0 0 0 0 0 1 4 12 0 0 0 1 0 0 0
14 7 16 0 0 3 2 9 4 0 839 0 8 22 0 1 1815 794 0 0 30 2 39 3 0 1418 183 1 92 28 1 1 12 560 0 11 2 0 0 0 0 0 0 0 0 0 3 0 0 0 7 0 6 0 0 2 0 0 2 27 119 0 0 0 0 0 0 3
0 0 0 2186 2 51 2 15 118 773 2 2057 11 9 36 0 0 0 0 0 0 0 0 145 0 0 0 1023 21 0 0 1 0 45 0 0 0 3 0 0 0 0 20 0 0 14 0 0 4 0 0 0 0 6 0 0 0 63 0 0 0 10 0 0 0 0 0 0
8 0 58 0 1 3 116 17 6 4 5 0 1 27 53 739 37 1 30 0 0 2 6482 64 0 14 7 2405 68 2836 0 4 16 1074 0 0 0 0 0 0 0 0 1 0 0 0 0 0 0 37 0 0 0 0 9 7 3 30 0 0 0 14 3 0 0 0 0 1
0 499 0 3 8 2 1 0 368 0 14 9 143 0 46 586 4 0 2 0 2 0 1 719 192 12 751 6 0 0 0 0 0 7 0 41 8 0 0 0 1 0 92 0 0 1 7 0 0 93 9 0 2 0 0 353 13 93 7 1 159 13 0 0 0 0 0 5
75 3 2641 0 1 29 521 217 3 28 3 3 11 272 58 909 2653 0 39 0 6482 1 0 75 0 223 1819 381 113 749 0 4 0 1617 0 2 31 0 0 0 0 0 5 0 0 0 0 0 0 293 1 0 0 0 4 7 242 23 0 1 250 8 0 0 0 0 0 6
0 88 13 281 4 7 107 2 1817 31 0 260 8 0 45 893 30 0 3 145 64 719 75 0 44 11 797 3282 8 0 0 0 3 54 1 17 0 59 0 5 3 0 219 12 0 32 0 2 7 62 1 0 0 9 13 53 9 990 4 0 52 534 6 0 0 0 1 20
0 593 0 0 0 0 0 0 97 0 10 0 746 1 0 0 0 1 0 0 0 192 0 44 0 12 1618 0 3 0 0 5 0 6 0 28 0 0 0 0 0 0 3 0 3 0 113 0 0 0 0 0 0 0 0 7 0 4 339 3 146 0 0 0 12 0 0 4
13 26 2737 0 0 6 12 12 7 0 915 0 94 46 1 0 1336 1204 1418 0 14 12 223 11 12 0 3600 1 69 16 216 2 3 234 0 37 39 0 0 0 0 0 0 0 0 0 122 0 0 0 43 1 25 0 0 4 0 0 43 268 887 0 0 0 30 0 0 12
6 1883 5316 1 0 0 82 1 226 1 66 3 607 9 24 1206 767 11 183 0 7 751 1819 797 1618 3600 0 228 23 14 163 2 8 977 0 231 154 0 0 0 0 0 5 0 3 0 186 0 0 344 117 0 19 0 1 89 355 26 170 121 4030 3 0 1 34 0 0 52
2 1 28 2195 4 127 5624 11 171 1076 0 494 18 7 125 255 10 1 1 1023 2405 6 381 3282 0 1 228 0 51 1308 0 3 4 258 1 2 1 132 0 5 0 0 82 1 0 38 0 1 6 19 0 0 0 98 13 12 2 644 0 0 4 221 5 0 0 0 1 9
1341 6 4 6 1 88 126 175 20 182 165 127 38 2022 20 0 185 6 92 21 68 0 113 8 3 69 23 51 0 1362 3 89 1211 817 0 1 0 0 0 1 1 0 0 0 1 0 0 0 0 0 0 0 0 0 0 1 0 3 1 0 1 7 0 0 0 2 0 3
453 1 46 0 0 2 2045 52 0 0 2 0 1 386 1 1 222 2 28 0 2836 0 749 0 0 16 14 1308 1362 0 0 3 209 798 0 0 1 0 0 0 0 0 0 0 0 0 0 0 0 0 0 0 0 0 0 0 1 0 0 0 1 0 0 0 0 0 0 0
0 1 0 0 0 0 0 1 0 0 98 0 313 6 0 0 0 2 1 0 0 0 0 0 0 216 163 0 3 0 0 3 0 13 0 2 0 0 0 0 0 0 0 0 1 0 52 0 0 0 0 0 0 0 0 0 0 0 9 5 43 0 0 0 18 0 0 0
0 5 0 0 133 109 1 67 30 5 106 4 154 221 31 0 0 1 1 1 4 0 4 0 5 2 2 3 89 3 3 0 2 409 0 0 0 0 0 1 0 0 0 0 0 0 0 0 0 0 0 0 0 0 0 0 0 0 1 0 0 0 0 0 0 0 0 2
0 1 0 0 1 6 13 3 6 0 1 5 0 0 3 0 21 0 12 0 16 0 0 3 0 3 8 4 1211 209 0 2 0 309 0 0 0 0 0 1 0 0 0 0 0 0 0 0 0 0 0 0 0 0 0 0 0 3 0 0 0 2 0 0 0 1 0 0
17 18 141 15 363 67 120 144 43 211 1228 187 563 95 37 10 1144 108 560 45 1074 7 1617 54 6 234 977 258 817 798 13 409 309 0 0 15 38 0 0 2 0 0 0 0 2 0 12 2 4 10 20 0 7 0 1 0 20 28 10 30 302 17 0 0 0 1 0 13
0 0 0 0 0 0 0 0 0 0 0 0 0 0 0 0 0 0 0 0 0 0 0 1 0 0 0 1 0 0 0 0 0 0 0 0 0 0 0 2 322 2 0 2 1 0 0 793 2 0 3 0 5 1 0 0 2 2 0 0 0 0 1603 350 0 0 15 15
0 364 9 0 0 0 0 0 0 0 5 0 24 0 0 2 9 1 11 0 0 41 2 17 28 37 231 2 1 0 2 0 0 15 0 0 1 3 0 0 1 0 59 0 0 2 62 0 3 7 13 0 10 0 3 519 3 166 497 10 2293 10 0 0 0 0 0 20
0 3 55 0 0 0 0 0 0 0 0 0 0 0 0 5 40 0 2 0 0 8 31 0 0 39 154 1 0 1 0 0 0 38 0 1 0 0 0 2 228 7 0 2 0 0 0 5 0 6 2124 0 12 0 73 0 1716 2 0 1928 3458 122 0 5 0 0 0 36
0 0 0 187 0 0 0 0 22 0 0 25 0 0 1 0 0 0 0 3 0 0 0 59 0 0 0 132 0 0 0 0 0 0 0 3 0 0 1 31 1 2 53 587 0 811 0 3 15 0 0 0 0 2553 0 1 0 586 0 0 1 1727 15 0 0 0 0 48
0 0 0 0 1 0 0 1 1 0 0 0 17 1 6 0 0 0 0 0 0 0 0 0 0 0 0 0 0 0 0 0 0 0 0 0 0 1 0 373 2 8 116 4 41 47 30 1 1195 0 0 0 0 3 0 4 1 59 1 0 0 12 0 0 0 126 0 391
0 0 0 0 0 5 0 0 9 0 0 139 5 0 5 0 0 0 0 0 0 0 0 5 0 0 0 5 1 0 0 1 1 2 2 0 2 31 373 0 275 1631 54 2507 18 2219 2 32 885 0 1 4 0 37 1 0 2 48 0 4 0 357 102 1 1 30 2 87
0 0 0 0 0 0 0 0 2 1 0 0 0 0 0 0 0 0 0 0 0 1 0 3 0 0 0 0 1 0 0 0 0 0 322 1 228 1 2 275 0 727 11 2333 11 7 0 1946 15 1 272 0 15 1 127 1 464 61 0 62 14 4393 177 1767 0 1 8 155
0 0 0 0 0 0 0 0 1 0 0 0 1 0 0 0 0 0 0 0 0 0 0 0 0 0 0 0 0 0 0 0 0 0 2 0 7 2 8 1631 727 0 2 464 0 77 0 2051 62 0 12 0 1 5 2 0 19 0 0 0 1 7 43 18 0 26 1 88
1 8 1 12 0 0 5 0 244 29 0 17 9 0 3 1 0 0 0 20 1 92 5 219 3 0 5 82 0 0 0 0 0 0 0 59 0 53 116 54 11 2 0 46 4 591 40 3 396 2 1 0 0 74 0 392 3 2484 169 1 126 159 12 0 0 10 0 18
0 0 0 0 4 0 0 0 30 0 0 11 3 0 7 0 0 0 0 0 0 0 0 12 0 0 0 1 0 0 0 0 0 0 2 0 2 587 4 2507 2333 464 46 0 10 1714 1 207 22 0 0 0 0 1277 0 0 3 131 0 0 0 2506 159 0 0 5 1 348
0 0 0 0 0 0 0 0 0 0 6 0 24 0 0 0 0 0 0 0 0 0 0 0 3 0 3 0 1 0 1 0 0 2 1 0 0 0 41 18 11 0 4 10 0 46 655 36 11 0 16 1347 333 6 1 0 5 3 44 706 17 10 236 14 135 235 1 1708
0 0 0 311 0 4 0 0 22 1 0 813 7 0 4 0 0 0 0 14 0 1 0 32 0 0 0 38 0 0 0 0 0 0 0 2 0 811 47 2219 7 77 591 1714 46 0 0 43 667 0 0 4 0 2564 0 1 0 539 2 2 0 588 125 0 0 13 0 215
0 11 0 0 0 1 0 0 1 0 117 0 773 1 0 0 0 6 3 0 0 7 0 0 113 122 186 0 0 0 52 0 0 12 0 62 0 0 30 2 0 0 40 1 655 0 0 3 14 0 0 0 0 2 0 14 0 8 690 52 765 0 22 0 841 96 0 312
0 0 0 1 0 0 0 0 1 0 0 0 4 0 0 1 0 0 0 0 0 0 0 2 0 0 0 1 0 0 0 0 0 2 793 0 5 3 1 32 1946 2051 3 207 36 43 3 0 19 0 26 2 4 9 2 0 20 2 0 13 0 10 1384 658 1 4 3 248
0 0 0 3 0 1 1 0 22 1 0 3 27 1 6 1 0 0 0 4 0 0 0 7 0 0 0 6 0 0 0 0 0 4 2 3 0 15 1195 885 15 62 396 22 11 667 14 19 0 10 0 2 0 17 33 3 9 202 1 3 4 116 59 3 0 24 0 33
0 2 1 0 0 0 0 0 2 0 0 0 1 0 2 1046 0 0 0 0 37 93 293 62 0 0 344 19 0 0 0 0 0 10 0 7 6 0 0 0 1 0 2 0 0 0 0 0 10 0 4 0 0 0 913 1075 1436 1126 0 6 820 750 0 0 0 0 0 13
0 11 27 0 0 0 0 0 0 0 0 0 0 0 0 1 38 0 7 0 0 9 1 1 0 43 117 0 0 0 0 0 0 20 3 13 2124 0 0 1 272 12 1 0 16 0 0 26 0 4 0 19 1617 0 53 5 1757 4 0 528 571 31 3 177 0 0 0 844
0 0 0 0 0 0 0 0 0 0 0 0 0 0 0 0 0 0 0 0 0 0 0 0 0 1 0 0 0 0 0 0 0 0 0 0 0 0 0 4 0 0 0 0 1347 4 0 2 2 0 19 0 445 0 0 0 2 0 0 454 15 0 5 10 4 5 2 165
0 1 3 0 0 0 0 0 0 0 0 0 0 0 0 0 2 0 6 0 0 2 0 0 0 25 19 0 0 0 0 0 0 7 5 10 12 0 0 0 15 1 0 0 333 0 0 4 0 0 1617 445 0 0 5 2 19 2 0 1167 91 1 5 56 0 0 1 478
0 0 0 23 0 0 0 0 19 1 0 24 3 0 2 0 0 0 0 6 0 0 0 9 0 0 0 98 0 0 0 0 0 0 1 0 0 2553 3 37 1 5 74 1277 6 2564 2 9 17 0 0 0 0 0 0 1 0 322 0 0 0 674 41 0 0 0 0 42
0 0 1 0 0 0 0 0 2 0 0 0 0 0 0 35 0 0 0 0 9 0 4 13 0 0 1 13 0 0 0 0 0 1 0 3 73 0 0 1 127 2 0 0 1 0 0 2 33 913 53 0 5 0 0 15 5699 85 0 6 8 1788 10 2240 0 0 6 663
0 26 1 0 0 0 0 0 7 0 1 1 16 0 1 138 3 0 2 0 7 353 7 53 7 4 89 12 1 0 0 0 0 0 0 519 0 1 4 0 1 0 392 0 0 1 14 0 3 1075 5 0 2 1 15 0 21 954 118 2 871 23 2 0 1 0 0 6
0 4 11 0 0 0 0 0 1 0 0 0 0 0 0 327 3 0 0 0 3 13 242 9 0 0 355 2 0 1 0 0 0 20 2 3 1716 0 1 2 464 19 3 3 5 0 0 20 9 1436 1757 2 19 0 5699 21 0 31 0 118 2196 563 7 250 0 0 6 904
0 8 2 40 1 5 11 4 154 94 0 30 13 0 19 84 0 0 0 63 30 93 23 990 4 0 26 644 3 0 0 0 3 28 2 166 2 586 59 48 61 0 2484 131 3 539 8 2 202 1126 4 0 2 322 85 954 31 0 93 8 585 3891 15 0 0 3 2 43
0 50 2 0 0 0 0 1 2 0 21 0 376 0 0 0 0 1 2 0 0 7 0 4 339 43 170 0 1 0 9 1 0 10 0 497 0 0 1 0 0 0 169 0 44 2 690 0 1 0 0 0 0 0 0 118 0 93 0 2 1086 0 0 0 9 1 0 21
0 4 15 0 0 0 0 0 0 0 5 0 7 0 0 0 13 4 27 0 0 1 1 0 3 268 121 0 0 0 5 0 0 30 0 10 1928 0 0 4 62 0 1 0 706 2 52 13 3 6 528 454 1167 0 6 2 118 8 2 0 3195 4 21 27 164 15 0 194
0 218 234 0 0 0 0 0 2 0 62 0 115 0 0 89 140 12 119 0 0 159 250 52 146 887 4030 4 1 1 43 0 0 302 0 2293 3458 1 0 0 14 1 126 0 17 0 765 0 4 820 571 15 91 0 8 871 2196 585 1086 3195 0 211 9 18 139 3 2 488
1 1 0 3 0 1 2 1 114 22 0 33 12 0 9 39 0 0 0 10 14 13 8 534 0 0 3 221 7 0 0 0 2 17 0 10 122 1727 12 357 4393 7 159 2506 10 588 0 10 116 750 31 0 1 674 1788 23 563 3891 0 4 211 0 98 301 0 1 12 251
0 0 0 1 0 0 0 1 2 0 0 0 4 0 0 2 0 0 0 0 3 0 0 6 0 0 0 5 0 0 0 0 0 0 1603 0 0 15 0 102 177 43 12 159 236 125 22 1384 59 0 3 5 5 41 10 2 7 15 0 21 9 98 0 953 9 159 1422 763
0 0 0 0 0 0 0 0 0 0 0 0 0 0 1 0 0 0 0 0 0 0 0 0 0 0 1 0 0 0 0 0 0 0 350 0 5 0 0 1 1767 18 0 0 14 0 0 658 3 0 177 10 56 0 2240 0 250 0 0 27 18 301 953 0 0 0 128 812
0 7 0 0 0 0 0 0 0 0 12 0 55 0 0 0 0 1 0 0 0 0 0 0 12 30 34 0 0 0 18 0 0 0 0 0 0 0 0 1 0 0 0 0 135 0 841 1 0 0 0 4 0 0 0 1 0 0 9 164 139 0 9 0 0 6 0 29
0 0 0 0 1 1 0 0 0 0 0 0 31 0 0 0 0 0 0 0 0 0 0 0 0 0 0 0 2 0 0 0 1 1 0 0 0 0 126 30 1 26 10 5 235 13 96 4 24 0 0 5 0 0 0 0 0 3 1 15 3 1 159 0 6 0 0 619
0 0 0 0 0 0 0 0 0 0 0 0 0 0 0 0 0 0 0 0 0 0 0 1 0 0 0 1 0 0 0 0 0 0 15 0 0 0 0 2 8 1 0 1 1 0 0 3 0 0 0 2 1 0 6 0 6 2 0 0 2 12 1422 128 0 0 0 382
0 3 11 0 0 1 0 3 6 0 3 3 162 2 2 1 9 0 3 0 1 5 6 20 4 12 52 9 3 0 0 2 0 13 15 20 36 48 391 87 155 88 18 348 1708 215 312 248 33 13 844 165 478 42 663 6 904 43 21 194 488 251 763 812 29 619 382 0
