0 0 23 0 0 4 360 101 0 9 13 1 1 1794 0 0 67 3 13 0 7 0 64 0 0 13 3 1 1343 465 0 0 5 12 0 0 0 0 0 0 0 0 0 0 0 0 0 0 0 0 0 0 0 0 0 0 0 0 0 0 0 0 0 0 0 0 0 0
0 0 2 1 0 0 1 1 32 0 15 6 160 5 27 2 10 0 8 0 6 479 4 107 572 29 1908 0 3 1 0 5 1 16 0 348 4 0 1 0 0 0 8 0 0 1 17 0 0 0 11 0 1 0 0 26 1 15 47 9 191 2 0 0 0 0 0 5
23 2 0 0 1 15 283 82 0 43 1 3 3 42 2 0 1490 0 21 0 44 2 2667 11 0 2708 5290 26 0 40 0 0 0 132 0 9 63 0 0 0 0 0 0 0 0 0 0 0 0 5 39 1 1 0 0 2 23 0 0 8 215 0 0 0 0 0 0 8
0 1 0 0 0 8 3 0 44 643 0 291 0 1 8 0 0 0 0 2225 0 3 0 297 0 0 2 2169 9 0 0 0 1 4 0 0 0 199 0 1 1 0 17 2 0 310 0 0 1 0 0 0 0 27 0 0 0 59 0 0 0 2 1 0 0 0 0 1
0 0 1 0 0 225 1 2 93 5 10 70 197 0 1343 0 0 0 0 5 3 11 2 7 1 0 1 13 0 0 0 128 0 346 0 0 0 0 1 1 0 0 1 1 0 0 0 0 0 0 0 0 0 0 0 0 0 0 0 0 0 0 0 0 0 0 0 0
4 0 15 8 225 0 263 1972 45 3022 41 3519 30 64 776 1 2 4 1 52 3 0 35 8 0 6 0 138 79 2 0 100 8 60 0 0 0 0 1 2 0 0 3 1 0 7 0 0 0 0 0 0 0 1 0 0 0 8 1 0 0 0 0 0 0 1 0 0
360 1 283 3 1 263 0 235 11 2168 1 41 4 1166 18 3 32 0 0 6 115 1 516 110 0 5 70 5709 113 2116 0 2 8 143 0 0 0 0 0 0 0 0 5 0 0 0 0 0 0 0 0 0 0 0 0 0 0 15 0 0 0 0 0 0 0 0 0 0
101 1 82 0 2 1972 235 0 21 1074 14 279 21 3414 31 0 182 2 6 14 17 0 224 0 0 8 0 11 172 61 1 66 2 145 0 0 0 0 0 0 0 1 0 1 0 0 1 0 0 0 0 0 0 0 0 0 0 0 1 0 0 0 0 0 0 3 0 0
0 32 0 44 93 45 11 21 0 39 8 313 144 26 880 1 1 0 2 118 2 378 5 1809 121 7 205 199 31 0 0 22 7 43 0 1 0 19 1 6 3 2 237 38 0 26 1 1 9 5 0 0 0 25 1 3 2 106 0 0 4 145 1 0 0 0 1 11
9 0 43 643 5 3022 2168 1074 39 0 15 1537 59 774 37 0 3 0 0 776 1 0 21 22 0 1 1 1063 198 0 0 7 7 193 0 0 0 0 0 0 1 0 31 1 0 4 0 0 2 0 0 0 0 5 0 0 0 78 0 0 0 28 0 0 0 0 0 1
13 15 1 0 10 41 1 14 8 15 0 9 623 44 5 0 81 1153 817 1 3 13 5 1 10 938 66 1 174 6 87 114 0 1233 0 4 0 0 1 0 0 0 0 0 6 0 129 0 0 0 0 0 0 0 0 4 0 0 13 3 57 0 0 0 19 0 0 3
1 6 3 291 70 3519 41 279 313 1537 9 0 63 68 943 0 0 1 0 2116 1 5 3 268 1 0 5 491 138 0 0 13 5 149 0 0 0 31 1 146 0 0 15 8 0 856 0 0 5 0 0 0 0 21 0 0 0 33 0 0 0 22 0 0 0 0 0 6
1 160 3 0 197 30 4 21 144 59 623 63 0 26 71 0 0 14 4 20 4 161 11 7 752 76 586 15 43 0 293 140 0 566 0 35 0 1 18 13 1 3 5 4 32 2 729 2 25 0 0 0 0 9 0 11 0 15 371 10 128 7 1 0 63 33 0 162
1794 5 42 1 0 64 1166 3414 26 774 44 68 26 0 10 0 226 9 37 7 24 0 265 2 0 45 9 13 2043 422 2 228 2 105 0 0 0 0 0 0 0 0 0 0 0 0 0 0 0 0 0 0 0 0 0 0 0 0 0 0 0 0 0 0 0 1 0 4
0 27 2 8 1343 776 18 31 880 37 5 943 71 10 0 16 0 0 0 45 47 50 60 57 0 1 30 114 11 1 0 33 11 40 0 0 0 3 6 3 0 1 8 5 0 10 0 0 5 0 0 0 0 2 0 2 1 22 0 0 1 8 0 0 0 0 0 2
0 2 0 0 0 1 3 0 1 0 0 0 0 0 16 0 3 0 1 0 786 582 954 905 0 1 1184 241 0 0 0 0 0 7 0 1 3 0 0 0 0 0 1 0 0 0 0 0 0 1077 0 0 0 0 35 151 333 74 0 0 90 40 0 0 0 0 0 1
67 10 1490 0 0 2 32 182 1 3 81 0 0 226 0 3 0 17 1849 0 44 7 2581 20 1 1378 771 6 229 200 0 1 20 1187 0 9 30 0 0 0 0 0 0 0 0 0 0 0 0 2 28 0 5 0 0 1 4 0 0 9 154 0 0 0 0 0 0 6
3 0 0 0 0 4 0 2 0 0 1153 1 14 9 0 0 17 0 818 0 1 1 1 0 0 1198 10 0 15 1 1 0 0 113 0 1 0 0 0 0 0 0 0 0 0 0 3 0 0 0 0 0 0 0 0 0 0 0 0 2 15 0 0 0 0 0 0 0
13 8 21 0 0 1 0 6 2 0 817 0 4 37 0 1 1849 818 0 0 28 6 25 2 1 1475 214 2 93 25 0 5 9 591 0 8 8 0 0 0 0 0 0 0 0 0 4 0 0 0 4 0 1 0 0 1 0 0 5 27 110 0 0 0 0 0 0 7
0 0 0 2225 5 52 6 14 118 776 1 2116 20 7 45 0 0 0 0 0 0 1 0 126 0 0 0 1066 38 0 0 0 0 48 0 0 0 5 0 0 0 0 33 0 0 19 0 0 3 0 0 0 0 6 0 0 0 82 0 0 0 9 0 0 0 0 0 0
7 6 44 0 3 3 115 17 2 1 3 1 4 24 47 786 44 1 28 0 0 0 6522 76 0 13 9 2418 76 2837 0 3 18 1033 1 0 0 0 0 0 0 0 0 0 0 0 0 0 0 30 0 0 0 0 4 4 4 44 0 0 0 16 1 0 0 0 0 3
0 479 2 3 11 0 1 0 378 0 13 5 161 0 50 582 7 1 6 1 0 0 4 692 192 10 709 5 4 0 1 1 0 14 0 50 7 0 0 0 1 0 93 0 0 1 6 0 0 98 8 0 0 0 5 320 21 86 12 0 151 23 0 0 0 0 0 4
64 4 2667 0 2 35 516 224 5 21 5 3 11 265 60 954 2581 1 25 0 6522 4 0 80 0 247 1826 376 104 756 0 3 3 1599 0 2 29 0 0 0 0 0 0 0 0 0 0 0 0 296 1 0 0 0 6 10 239 32 0 0 230 5 0 0 0 0 0 8
0 107 11 297 7 8 110 0 1809 22 1 268 7 2 57 905 20 0 2 126 76 692 80 0 52 8 791 3178 10 0 0 1 4 75 0 20 0 54 0 4 2 0 218 21 0 32 0 0 9 66 0 0 0 14 13 64 11 1003 0 0 51 493 6 1 0 0 1 9
0 572 0 0 1 0 0 0 121 0 10 1 752 0 0 0 1 0 1 0 0 192 0 52 0 13 1580 0 1 0 1 0 0 2 0 37 0 0 0 0 0 0 3 0 2 0 121 0 0 0 0 0 0 0 0 11 0 3 365 3 131 0 0 0 13 1 0 1
13 29 2708 0 0 6 5 8 7 1 938 0 76 45 1 1 1378 1198 1475 0 13 10 247 8 13 0 3549 2 66 28 225 2 3 221 0 32 27 0 0 0 0 0 0 0 0 0 108 0 0 0 48 0 34 0 0 6 1 0 38 261 902 0 0 0 31 0 0 9
3 1908 5290 2 1 0 70 0 205 1 66 5 586 9 30 1184 771 10 214 0 9 709 1826 791 1580 3549 0 255 30 10 150 4 9 980 0 237 179 0 0 0 0 0 6 0 2 0 195 0 0 387 134 0 22 0 0 72 350 19 190 102 4051 0 0 0 33 0 0 49
1 0 26 2169 13 138 5709 11 199 1063 1 491 15 13 114 241 6 0 2 1066 2418 5 376 3178 0 2 255 0 57 1254 0 4 4 246 1 0 0 125 0 0 1 0 77 2 0 23 0 2 7 25 0 0 0 100 11 12 0 621 0 0 2 216 8 2 0 0 0 7
1343 3 0 9 0 79 113 172 31 198 174 138 43 2043 11 0 229 15 93 38 76 4 104 10 1 66 30 57 0 1333 3 80 1211 846 0 1 0 0 1 1 0 0 3 0 0 0 1 0 1 0 0 0 0 0 1 0 0 1 2 0 1 2 0 0 0 2 0 1
465 1 40 0 0 2 2116 61 0 0 6 0 0 422 1 0 200 1 25 0 2837 0 756 0 0 28 10 1254 1333 0 0 4 206 829 0 0 0 0 0 0 0 0 0 0 0 0 0 0 0 0 0 0 0 0 0 0 0 0 0 0 0 0 0 0 0 0 0 0
0 0 0 0 0 0 0 1 0 0 87 0 293 2 0 0 0 1 0 0 0 1 0 0 1 225 150 0 3 0 0 0 0 25 0 0 0 0 0 0 0 0 0 0 2 0 53 0 0 0 0 0 0 0 0 0 0 0 8 3 58 0 0 0 21 0 0 0
0 5 0 0 128 100 2 66 22 7 114 13 140 228 33 0 1 0 5 0 3 1 3 1 0 2 4 4 80 4 0 0 0 425 0 0 0 0 3 2 0 0 0 0 0 0 1 0 0 0 0 0 0 0 0 0 0 0 0 0 0 0 0 0 0 1 0 3
5 1 0 1 0 8 8 2 7 7 0 5 0 2 11 0 20 0 9 0 18 0 3 4 0 3 9 4 1211 206 0 0 0 318 0 0 0 0 1 0 0 0 0 0 0 0 0 0 0 0 0 0 0 0 0 0 0 1 0 0 0 1 0 0 0 0 0 0
12 16 132 4 346 60 143 145 43 193 1233 149 566 105 40 7 1187 113 591 48 1033 14 1599 75 2 221 980 246 846 829 25 425 318 0 0 25 30 0 0 1 0 0 3 0 0 0 13 0 1 6 19 0 6 0 1 3 13 28 14 27 264 15 1 0 1 2 0 12
0 0 0 0 0 0 0 0 0 0 0 0 0 0 0 0 0 0 0 0 1 0 0 0 0 0 0 1 0 0 0 0 0 0 0 0 0 0 0 1 358 5 0 2 0 0 0 824 0 0 0 0 4 0 0 0 0 0 0 4 0 2 1606 331 0 1 15 16
0 348 9 0 0 0 0 0 1 0 4 0 35 0 0 1 9 1 8 0 0 50 2 20 37 32 237 0 1 0 0 0 0 25 0 0 3 1 0 0 1 0 53 0 1 0 39 0 8 5 10 0 8 0 0 509 2 168 533 16 2244 6 0 1 0 0 0 22
0 4 63 0 0 0 0 0 0 0 0 0 0 0 0 3 30 0 8 0 0 7 29 0 0 27 179 0 0 0 0 0 0 30 0 3 0 0 0 0 237 3 0 1 0 0 0 7 0 1 2111 1 10 0 94 0 1694 7 0 1898 3509 105 0 0 0 0 0 35
0 0 0 199 0 0 0 0 19 0 0 31 1 0 3 0 0 0 0 5 0 0 0 54 0 0 0 125 0 0 0 0 0 0 0 1 0 0 7 39 2 2 52 607 0 807 0 2 20 0 0 0 0 2572 0 0 0 552 0 0 1 1723 21 0 0 0 0 31
0 1 0 0 1 1 0 0 1 0 1 1 18 0 6 0 0 0 0 0 0 0 0 0 0 0 0 0 1 0 0 3 1 0 0 0 0 7 0 357 2 5 117 11 54 41 32 1 1194 0 0 1 0 6 0 2 2 45 2 1 1 13 1 0 0 130 0 391
0 0 0 1 1 2 0 0 6 0 0 146 13 0 3 0 0 0 0 0 0 0 0 4 0 0 0 0 1 0 0 2 0 1 1 0 0 39 357 0 264 1645 44 2579 8 2201 2 34 924 0 1 2 0 43 0 2 1 46 0 2 0 404 81 0 0 23 2 88
0 0 0 1 0 0 0 0 3 1 0 0 1 0 0 0 0 0 0 0 0 1 0 2 0 0 0 1 0 0 0 0 0 0 358 1 237 2 2 264 0 743 7 2277 13 12 0 1977 10 1 265 0 16 1 135 5 480 43 0 66 23 4340 161 1743 0 3 8 166
0 0 0 0 0 0 0 1 2 0 0 0 3 0 1 0 0 0 0 0 0 0 0 0 0 0 0 0 0 0 0 0 0 0 5 0 3 2 5 1645 743 0 7 461 1 51 0 2032 66 0 10 0 0 6 0 1 16 4 0 1 0 8 41 33 0 24 0 74
0 8 0 17 1 3 5 0 237 31 0 15 5 0 8 1 0 0 0 33 0 93 0 218 3 0 6 77 3 0 0 0 0 3 0 53 0 52 117 44 7 7 0 40 7 632 33 4 449 1 0 0 0 85 0 379 0 2531 156 0 139 149 9 0 0 12 0 11
0 0 0 2 1 1 0 1 38 1 0 8 4 0 5 0 0 0 0 0 0 0 0 21 0 0 0 2 0 0 0 0 0 0 2 0 1 607 11 2579 2277 461 40 0 13 1770 1 219 32 0 0 0 0 1321 0 0 0 148 0 0 0 2471 156 0 0 2 0 336
0 0 0 0 0 0 0 0 0 0 6 0 32 0 0 0 0 0 0 0 0 0 0 0 2 0 2 0 0 0 2 0 0 0 0 1 0 0 54 8 13 1 7 13 0 48 712 26 13 0 17 1333 329 5 3 2 5 7 32 760 9 6 249 8 159 226 4 1704
0 1 0 310 0 7 0 0 26 4 0 856 2 0 10 0 0 0 0 19 0 1 0 32 0 0 0 23 0 0 0 0 0 0 0 0 0 807 41 2201 12 51 632 1770 48 0 0 53 697 0 0 1 0 2602 0 1 0 554 4 8 0 589 124 0 0 7 0 213
0 17 0 0 0 0 0 1 1 0 129 0 729 0 0 0 0 3 4 0 0 6 0 0 121 108 195 0 1 0 53 1 0 13 0 39 0 0 32 2 0 0 33 1 712 0 0 2 13 0 0 0 0 0 2 28 0 4 654 65 782 5 22 0 798 91 0 278
0 0 0 0 0 0 0 0 1 0 0 0 2 0 0 0 0 0 0 0 0 0 0 0 0 0 0 2 0 0 0 0 0 0 824 0 7 2 1 34 1977 2032 4 219 26 53 2 0 21 0 26 3 5 9 1 0 31 5 0 15 2 9 1400 650 2 5 0 230
0 0 0 1 0 0 0 0 9 2 0 5 25 0 5 0 0 0 0 3 0 0 0 9 0 0 0 7 1 0 0 0 0 1 0 8 0 20 1194 924 10 66 449 32 13 697 13 21 0 11 0 0 0 15 23 4 15 192 1 8 2 101 60 2 1 23 0 27
0 0 5 0 0 0 0 0 5 0 0 0 0 0 0 1077 2 0 0 0 30 98 296 66 0 0 387 25 0 0 0 0 0 6 0 5 1 0 0 0 1 0 1 0 0 0 0 0 11 0 6 0 1 0 949 1087 1474 1115 0 7 835 771 0 1 0 0 0 11
0 11 39 0 0 0 0 0 0 0 0 0 0 0 0 0 28 0 4 0 0 8 1 0 0 48 134 0 0 0 0 0 0 19 0 10 2111 0 0 1 265 10 0 0 17 0 0 26 0 6 0 11 1623 0 32 1 1822 11 0 507 552 39 2 164 0 0 1 848
0 0 1 0 0 0 0 0 0 0 0 0 0 0 0 0 0 0 0 0 0 0 0 0 0 0 0 0 0 0 0 0 0 0 0 0 1 0 1 2 0 0 0 0 1333 1 0 3 0 0 11 0 420 0 0 0 1 0 0 431 13 0 4 9 1 6 1 187
0 1 1 0 0 0 0 0 0 0 0 0 0 0 0 0 5 0 1 0 0 0 0 0 0 34 22 0 0 0 0 0 0 6 4 8 10 0 0 0 16 0 0 0 329 0 0 5 0 1 1623 420 0 0 2 3 19 3 0 1138 128 0 4 59 0 0 1 496
0 0 0 27 0 1 0 0 25 5 0 21 9 0 2 0 0 0 0 6 0 0 0 14 0 0 0 100 0 0 0 0 0 0 0 0 0 2572 6 43 1 6 85 1321 5 2602 0 9 15 0 0 0 0 0 0 0 0 325 0 0 0 653 33 0 0 2 0 51
0 0 0 0 0 0 0 0 1 0 0 0 0 0 0 35 0 0 0 0 4 5 6 13 0 0 0 11 1 0 0 0 0 1 0 0 94 0 0 0 135 0 0 0 3 0 2 1 23 949 32 0 2 0 0 18 5711 71 0 2 10 1807 11 2275 0 1 4 721
0 26 2 0 0 0 0 0 3 0 4 0 11 0 2 151 1 0 1 0 4 320 10 64 11 6 72 12 0 0 0 0 0 3 0 509 0 0 2 2 5 1 379 0 2 1 28 0 4 1087 1 0 3 0 18 0 22 978 104 3 861 23 0 2 0 1 0 8
0 1 23 0 0 0 0 0 2 0 0 0 0 0 1 333 4 0 0 0 4 21 239 11 0 1 350 0 0 0 0 0 0 13 0 2 1694 0 2 1 480 16 0 0 5 0 0 31 15 1474 1822 1 19 0 5711 22 0 33 0 138 2233 598 6 258 0 0 8 956
0 15 0 59 0 8 15 0 106 78 0 33 15 0 22 74 0 0 0 82 44 86 32 1003 3 0 19 621 1 0 0 0 1 28 0 168 7 552 45 46 43 4 2531 148 7 554 4 5 192 1115 11 0 3 325 71 978 33 0 98 7 609 3955 15 1 0 2 2 37
0 47 0 0 0 1 0 1 0 0 13 0 371 0 0 0 0 0 5 0 0 12 0 0 365 38 190 0 2 0 8 0 0 14 0 533 0 0 2 0 0 0 156 0 32 4 654 0 1 0 0 0 0 0 0 104 0 98 0 0 1048 0 0 0 7 3 0 18
0 9 8 0 0 0 0 0 0 0 3 0 10 0 0 0 9 2 27 0 0 0 0 0 3 261 102 0 0 0 3 0 0 27 4 16 1898 0 1 2 66 1 0 0 760 8 65 15 8 7 507 431 1138 0 2 3 138 7 0 0 3206 15 13 27 144 12 0 176
0 191 215 0 0 0 0 0 4 0 57 0 128 0 1 90 154 15 110 0 0 151 230 51 131 902 4051 2 1 0 58 0 0 264 0 2244 3509 1 1 0 23 0 139 0 9 0 782 2 2 835 552 13 128 0 10 861 2233 609 1048 3206 0 207 4 22 160 2 1 475
0 2 0 2 0 0 0 0 145 28 0 22 7 0 8 40 0 0 0 9 16 23 5 493 0 0 0 216 2 0 0 0 1 15 2 6 105 1723 13 404 4340 8 149 2471 6 589 5 9 101 771 39 0 0 653 1807 23 598 3955 0 15 207 0 102 318 0 2 20 263
0 0 0 1 0 0 0 0 1 0 0 0 1 0 0 0 0 0 0 0 1 0 0 6 0 0 0 8 0 0 0 0 0 1 1606 0 0 21 1 81 161 41 9 156 249 124 22 1400 60 0 2 4 4 33 11 0 6 15 0 13 4 102 0 922 3 166 1418 767
0 0 0 0 0 0 0 0 0 0 0 0 0 0 0 0 0 0 0 0 0 0 0 1 0 0 0 2 0 0 0 0 0 0 331 1 0 0 0 0 1743 33 0 0 8 0 0 650 2 1 164 9 59 0 2275 2 258 1 0 27 22 318 922 0 0 0 126 854
0 0 0 0 0 0 0 0 0 0 19 0 63 0 0 0 0 0 0 0 0 0 0 0 13 31 33 0 0 0 21 0 0 1 0 0 0 0 0 0 0 0 0 0 159 0 798 2 1 0 0 1 0 0 0 0 0 0 7 144 160 0 3 0 0 5 0 29
0 0 0 0 0 1 0 3 0 0 0 0 33 1 0 0 0 0 0 0 0 0 0 0 1 0 0 0 2 0 0 1 0 2 1 0 0 0 130 23 3 24 12 2 226 7 91 5 23 0 0 6 0 2 1 1 0 2 3 12 2 2 166 0 5 0 0 639
0 0 0 0 0 0 0 0 1 0 0 0 0 0 0 0 0 0 0 0 0 0 0 1 0 0 0 0 0 0 0 0 0 0 15 0 0 0 0 2 8 0 0 0 4 0 0 0 0 0 1 1 1 0 4 0 8 2 0 0 1 20 1418 126 0 0 0 366
0 5 8 1 0 0 0 0 11 1 3 6 162 4 2 1 6 0 7 0 3 4 8 9 1 9 49 7 1 0 0 3 0 12 16 22 35 31 391 88 166 74 11 336 1704 213 278 230 27 11 848 187 496 51 721 8 956 37 18 176 475 263 767 854 29 639 366 0
