0 1 43 1 0 12 315 54 1 34 5 2 0 627 0 0 89 6 5 1 1 0 50 7 0 25 3 29 1452 194 0 0 17 13 1 1 0 0 0 0 0 0 2 0 0 0 0 0 2 0 0 0 0 0 0 0 0 13 0 0 0 21 1 0 0 0 0 3
1 0 3 0 0 0 1 0 13 0 2 0 79 0 5 8 2 0 4 0 0 294 0 111 795 18 2196 1 1 0 0 1 0 6 0 196 7 0 0 0 0 0 3 0 1 0 31 0 0 5 1 0 1 0 0 22 0 3 40 6 245 1 1 1 1 0 0 3
43 3 0 0 0 23 256 221 0 7 0 0 0 121 1 0 552 0 7 0 45 0 3335 0 0 3302 3766 234 10 145 0 0 0 168 0 1 75 0 0 0 0 0 1 0 0 0 0 0 0 2 21 0 2 0 0 2 2 1 0 26 246 0 0 0 1 0 0 4
1 0 0 0 30 16 27 2 153 429 0 654 4 1 106 0 0 0 0 2588 0 0 0 476 0 0 0 1611 11 0 0 0 0 14 0 0 0 344 0 0 4 0 32 7 0 105 0 0 6 0 0 0 0 61 0 0 0 205 0 0 0 25 0 0 0 0 0 6
0 0 0 30 0 783 4 18 125 21 7 85 106 0 1008 0 0 0 0 12 5 2 10 61 1 0 0 35 0 0 0 100 0 245 0 0 0 0 1 4 0 0 3 2 0 8 0 0 6 0 0 0 0 0 0 0 0 1 0 0 0 0 0 0 0 0 0 0
12 0 23 16 783 0 378 2673 31 2140 43 2799 36 45 680 0 6 6 3 21 0 0 2 8 0 6 0 150 67 1 0 203 0 53 0 0 0 4 0 3 6 0 3 11 0 108 0 0 1 0 0 0 0 9 0 0 0 19 0 0 0 19 3 0 0 0 3 12
315 1 256 27 4 378 0 1117 7 2974 8 65 17 1607 12 0 13 0 1 5 44 0 179 89 0 31 3 6552 262 1023 0 2 1 62 0 0 0 0 0 0 0 0 5 0 0 0 0 0 1 0 0 0 0 0 0 0 0 10 0 0 0 1 0 0 0 0 0 1
54 0 221 2 18 2673 1117 0 5 745 7 177 18 2303 25 0 124 5 6 10 4 0 87 2 0 38 4 16 74 52 0 42 0 13 0 0 0 0 0 0 0 0 0 0 0 0 0 0 0 0 0 0 0 0 0 0 0 3 0 0 0 0 0 0 0 0 0 0
1 13 0 153 125 31 7 5 0 40 7 188 33 0 381 0 0 0 3 72 0 287 0 1684 63 2 180 132 19 0 0 8 0 10 0 0 0 31 3 5 12 1 193 19 1 17 1 1 8 1 0 0 0 13 0 18 0 180 0 0 2 60 8 1 0 0 2 14
34 0 7 429 21 2140 2974 745 40 0 17 1731 43 154 41 0 2 0 0 716 0 0 2 13 0 5 1 1022 263 1 0 5 0 139 0 0 0 6 0 2 5 0 30 0 0 47 0 0 12 0 0 0 0 6 0 0 0 260 0 0 1 18 0 0 0 0 0 0
5 2 0 0 7 43 8 7 7 17 0 39 641 22 5 0 37 1135 278 4 0 12 0 6 28 761 23 4 213 0 53 270 0 1079 0 0 0 0 0 0 0 0 0 0 2 0 84 0 0 0 0 0 0 0 0 0 0 0 3 1 13 0 1 0 22 2 0 1
2 0 0 654 85 2799 65 177 188 1731 39 0 52 101 648 0 0 2 0 2383 0 0 0 148 0 0 0 176 127 1 0 5 0 133 0 0 0 51 2 45 1 0 34 57 0 797 1 1 23 0 0 0 0 47 0 0 0 63 0 0 0 29 0 0 0 0 0 1
0 79 0 4 106 36 17 18 33 43 641 52 0 4 44 2 1 12 13 6 0 43 2 17 784 92 703 36 26 0 170 81 0 219 0 2 1 2 6 5 0 5 4 6 41 17 843 1 12 0 0 0 0 4 0 0 0 3 102 27 34 1 1 0 92 12 0 65
627 0 121 1 0 45 1607 2303 0 154 22 101 4 0 6 0 163 4 1 9 0 0 102 10 0 37 3 34 1550 237 0 77 0 35 0 0 0 0 0 0 0 0 2 0 0 0 0 0 1 0 0 0 0 0 0 0 0 5 0 0 0 2 0 0 0 0 0 0
0 5 1 106 1008 680 12 25 381 41 5 648 44 6 0 1 0 0 0 59 21 8 24 244 1 0 9 93 52 0 0 15 0 53 0 0 0 53 4 1 0 0 4 52 0 27 4 0 10 0 0 0 0 22 0 0 5 16 0 0 1 19 0 0 0 1 0 6
0 8 0 0 0 0 0 0 0 0 0 0 2 0 1 0 0 0 0 0 495 934 1093 561 3 0 1310 98 0 0 0 0 0 17 0 0 2 0 0 0 0 0 1 0 0 0 0 0 5 814 1 0 0 0 45 96 148 135 0 0 192 37 4 2 0 0 0 11
89 2 552 0 0 6 13 124 0 2 37 0 1 163 0 0 0 73 2153 0 29 0 1219 0 0 641 423 5 361 89 0 0 29 1254 0 3 12 0 0 0 0 0 1 0 0 0 1 0 0 1 0 0 0 0 0 1 0 0 0 13 85 0 0 0 1 0 0 0
6 0 0 0 0 6 0 5 0 0 1135 2 12 4 0 0 73 0 1230 0 0 0 0 0 0 381 1 0 30 0 0 0 0 137 0 0 0 0 0 0 0 0 0 0 0 0 1 0 0 0 0 0 0 0 0 0 0 0 0 1 2 0 0 0 1 0 0 0
5 4 7 0 0 3 1 6 3 0 278 0 13 1 0 0 2153 1230 0 0 16 0 14 0 0 1327 43 0 36 2 0 1 3 661 0 1 1 0 0 0 0 0 0 0 0 0 4 0 0 0 0 0 0 0 0 0 0 0 2 9 49 0 0 0 0 0 0 0
1 0 0 2588 12 21 5 10 72 716 4 2383 6 9 59 0 0 0 0 0 0 0 0 75 0 0 0 580 17 0 0 0 0 16 0 0 0 88 0 7 3 0 21 27 0 53 0 0 8 0 0 0 0 35 0 0 0 123 0 0 0 90 0 0 0 0 0 0
1 0 45 0 5 0 44 4 0 0 0 0 0 0 21 495 29 0 16 0 0 14 6333 32 0 2 194 2706 54 2446 0 0 13 1541 0 0 0 0 0 0 0 0 1 0 0 0 0 0 1 40 0 0 0 0 20 7 7 64 0 0 5 11 5 1 0 0 0 5
0 294 0 0 2 0 0 0 287 0 12 0 43 0 8 934 0 0 0 0 14 0 2 975 115 3 1026 19 0 0 2 0 0 4 0 7 3 0 2 0 0 1 2 0 0 0 24 0 0 92 2 0 0 0 10 287 13 57 9 3 99 17 0 1 0 0 0 6
50 0 3335 0 10 2 179 87 0 2 0 0 2 102 24 1093 1219 0 14 0 6333 2 0 28 0 304 2206 580 155 844 0 1 26 2240 0 3 27 0 0 0 1 0 0 0 0 0 1 0 1 286 4 0 0 0 15 15 170 30 0 3 331 3 1 0 0 0 0 4
7 111 0 476 61 8 89 2 1684 13 6 148 17 10 244 561 0 0 0 75 32 975 28 0 141 3 546 1421 67 2 0 0 2 53 7 4 0 34 0 5 19 2 107 19 0 1 0 3 24 60 0 0 0 8 13 41 10 825 5 0 11 238 41 18 0 0 9 75
0 795 0 0 1 0 0 0 63 0 28 0 784 0 1 3 0 0 0 0 0 115 0 141 0 3 1467 0 0 0 3 0 0 0 0 26 0 0 0 0 0 0 3 0 17 0 227 0 0 0 0 0 0 0 0 11 0 4 474 7 74 0 4 0 0 5 0 11
25 18 3302 0 0 6 31 38 2 5 761 0 92 37 0 0 641 381 1327 0 2 3 304 3 3 0 2823 13 55 9 216 5 1 209 0 41 45 0 0 0 0 0 0 0 3 0 238 0 0 0 5 0 5 0 0 5 0 0 59 264 1076 0 0 0 68 0 0 3
3 2196 3766 0 0 0 3 4 180 1 23 0 703 3 9 1310 423 1 43 0 194 1026 2206 546 1467 2823 0 237 11 5 228 1 2 841 1 274 389 0 0 0 0 0 6 0 3 0 397 0 1 283 76 0 11 0 4 151 130 71 236 269 5531 12 0 1 54 0 0 45
29 1 234 1611 35 150 6552 16 132 1022 4 176 36 34 93 98 5 0 0 580 2706 19 580 1421 0 13 237 0 414 839 0 3 22 474 4 0 1 4 0 7 18 0 47 2 0 18 0 0 23 29 1 0 0 15 18 5 5 554 0 0 12 204 10 6 0 0 6 53
1452 1 10 11 0 67 262 74 19 263 213 127 26 1550 52 0 361 30 36 17 54 0 155 67 0 55 11 414 0 766 0 38 977 1511 0 0 0 0 0 1 0 0 8 0 0 0 0 0 1 2 0 0 0 0 2 0 0 27 0 0 2 15 0 0 0 0 3 10
194 0 145 0 0 1 1023 52 0 1 0 1 0 237 0 0 89 0 2 0 2446 0 844 2 0 9 5 839 766 0 0 0 201 739 0 1 1 0 0 0 0 0 0 0 0 0 0 0 1 0 0 0 0 0 0 0 0 8 0 0 0 7 0 0 0 0 1 1
0 0 0 0 0 0 0 0 0 0 53 0 170 0 0 0 0 0 0 0 0 2 0 0 3 216 228 0 0 0 0 1 0 6 0 1 0 0 0 0 0 0 0 0 0 0 117 0 0 0 0 0 0 0 0 0 0 0 8 4 20 0 0 0 19 0 0 0
0 1 0 0 100 203 2 42 8 5 270 5 81 77 15 0 0 0 1 0 0 0 1 0 0 5 1 3 38 0 1 0 0 428 0 0 0 0 0 0 0 0 0 0 0 0 0 0 0 0 0 0 0 0 0 0 0 0 1 0 0 0 0 0 0 0 0 3
17 0 0 0 0 0 1 0 0 0 0 0 0 0 0 0 29 0 3 0 13 0 26 2 0 1 2 22 977 201 0 0 0 506 0 0 0 0 0 0 0 0 0 0 0 0 0 0 1 0 0 0 0 0 0 1 0 4 0 0 0 3 0 1 0 0 0 0
13 6 168 14 245 53 62 13 10 139 1079 133 219 35 53 17 1254 137 661 16 1541 4 2240 53 0 209 841 474 1511 739 6 428 506 0 1 15 7 0 0 4 4 1 10 0 0 5 4 1 10 19 3 0 0 0 5 5 11 81 3 11 150 65 4 5 1 2 2 14
1 0 0 0 0 0 0 0 0 0 0 0 0 0 0 0 0 0 0 0 0 0 0 7 0 0 1 4 0 0 0 0 0 1 0 1 26 1 1 3 1333 75 1 12 7 4 0 1477 2 0 31 5 56 0 2 0 10 7 0 104 5 35 1300 400 0 0 30 47
1 196 1 0 0 0 0 0 0 0 0 0 2 0 0 0 3 0 1 0 0 7 3 4 26 41 274 0 0 1 1 0 0 15 1 0 2 0 0 0 3 1 34 0 0 0 32 2 0 5 3 0 1 0 2 300 0 76 441 2 1046 0 0 0 0 0 0 5
0 7 75 0 0 0 0 0 0 0 0 0 1 0 0 2 12 0 1 0 0 3 27 0 0 45 389 1 0 1 0 0 0 7 26 2 0 0 0 14 478 93 0 1 0 0 0 104 3 0 938 0 24 0 14 1 1624 1 0 1874 3399 78 2 128 0 0 1 34
0 0 0 344 0 4 0 0 31 6 0 51 2 0 53 0 0 0 0 88 0 0 0 34 0 0 0 4 0 0 0 0 0 0 1 0 0 0 10 21 3 3 104 924 0 856 0 3 25 0 0 0 0 3066 0 0 0 377 0 0 0 987 18 0 0 1 0 36
0 0 0 0 1 0 0 0 3 0 0 2 6 0 4 0 0 0 0 0 0 2 0 0 0 0 0 0 0 0 0 0 0 0 1 0 0 10 0 551 17 76 143 8 14 86 2 0 945 0 0 0 0 7 0 4 0 58 0 0 0 16 0 0 0 112 0 234
0 0 0 0 4 3 0 0 5 2 0 45 5 0 1 0 0 0 0 7 0 0 0 5 0 0 0 7 1 0 0 0 0 4 3 0 14 21 551 0 302 1742 50 1647 13 2885 0 50 710 0 0 2 0 60 0 0 5 37 0 6 0 336 36 0 0 10 0 52
0 0 0 4 0 6 0 0 12 5 0 1 0 0 0 0 0 0 0 3 0 0 1 19 0 0 0 18 0 0 0 0 0 4 1333 3 478 3 17 302 0 684 11 1484 20 22 1 1800 52 1 141 1 21 0 88 1 345 159 0 107 50 4109 221 1220 0 2 5 118
0 0 0 0 0 0 0 0 1 0 0 0 5 0 0 0 0 0 0 0 0 1 0 2 0 0 0 0 0 0 0 0 0 1 75 1 93 3 76 1742 684 0 20 1038 8 123 0 3205 22 0 44 0 5 8 0 0 18 5 0 24 0 40 39 47 0 161 1 47
2 3 1 32 3 3 5 0 193 30 0 34 4 2 4 1 1 0 0 21 1 2 0 107 3 0 6 47 8 0 0 0 0 10 1 34 0 104 143 50 11 20 0 42 24 632 46 5 337 0 0 0 1 61 0 216 0 2205 151 3 77 150 43 0 0 13 0 68
0 0 0 7 2 11 0 0 19 0 0 57 6 0 52 0 0 0 0 27 0 0 0 19 0 0 0 2 0 0 0 0 0 0 12 0 1 924 8 1647 1484 1038 42 0 20 2043 0 84 42 0 0 0 0 817 1 0 2 46 0 0 0 2214 169 0 0 3 0 220
0 1 0 0 0 0 0 0 1 0 2 0 41 0 0 0 0 0 0 0 0 0 0 0 17 3 3 0 0 0 0 0 0 0 7 0 0 0 14 13 20 8 24 20 0 54 534 20 8 0 12 1277 154 11 3 0 0 6 13 693 15 4 277 2 67 278 2 1505
0 0 0 105 8 108 0 0 17 47 0 797 17 0 27 0 0 0 0 53 0 0 0 1 0 0 0 18 0 0 0 0 0 5 4 0 0 856 86 2885 22 123 632 2043 54 0 0 116 713 0 0 5 1 2461 0 0 0 305 0 5 0 326 198 0 0 3 0 286
0 31 0 0 0 0 0 0 1 0 84 1 843 0 4 0 1 1 4 0 0 24 1 0 227 238 397 0 0 0 117 0 0 4 0 32 0 0 2 0 1 0 46 0 534 0 0 1 4 0 0 6 1 0 2 23 0 11 1139 74 826 1 36 0 457 92 0 122
0 0 0 0 0 0 0 0 1 0 0 1 1 0 0 0 0 0 0 0 0 0 0 3 0 0 0 0 0 0 0 0 0 1 1477 2 104 3 0 50 1800 3205 5 84 20 116 1 0 6 0 52 1 29 10 4 2 18 15 0 51 3 23 987 137 0 62 2 64
2 0 0 6 6 1 1 0 8 12 0 23 12 1 10 5 0 0 0 8 1 0 1 24 0 0 1 23 1 1 0 0 1 10 2 0 3 25 945 710 52 22 337 42 8 713 4 6 0 14 0 2 0 16 20 9 26 148 0 4 7 82 24 0 0 12 1 47
0 5 2 0 0 0 0 0 1 0 0 0 0 0 0 814 1 0 0 0 40 92 286 60 0 0 283 29 2 0 0 0 0 19 0 5 0 0 0 0 1 0 0 0 0 0 0 0 14 0 1 0 2 0 897 908 428 1077 4 1 1356 290 0 4 0 0 0 37
0 1 21 0 0 0 0 0 0 0 0 0 0 0 0 1 0 0 0 0 0 2 4 0 0 5 76 1 0 0 0 0 0 3 31 3 938 0 0 0 141 44 0 0 12 0 0 52 0 1 0 33 1446 0 28 1 1202 0 0 1089 494 13 7 403 0 0 1 1226
0 0 0 0 0 0 0 0 0 0 0 0 0 0 0 0 0 0 0 0 0 0 0 0 0 0 0 0 0 0 0 0 0 0 5 0 0 0 0 2 1 0 0 0 1277 5 6 1 2 0 33 0 598 0 1 0 2 0 0 169 9 0 10 3 0 5 0 161
0 1 2 0 0 0 0 0 0 0 0 0 0 0 0 0 0 0 0 0 0 0 0 0 0 5 11 0 0 0 0 0 0 0 56 1 24 0 0 0 21 5 1 0 154 1 1 29 0 2 1446 598 0 0 19 1 23 2 0 1522 43 2 40 126 0 0 6 548
0 0 0 61 0 9 0 0 13 6 0 47 4 0 22 0 0 0 0 35 0 0 0 8 0 0 0 15 0 0 0 0 0 0 0 0 0 3066 7 60 0 8 61 817 11 2461 0 10 16 0 0 0 0 0 0 0 0 62 0 0 0 176 29 0 0 2 0 42
0 0 0 0 0 0 0 0 0 0 0 0 0 0 0 45 0 0 0 0 20 10 15 13 0 0 4 18 2 0 0 0 0 5 2 2 14 0 0 0 88 0 0 1 3 0 2 4 20 897 28 1 19 0 0 8 5814 40 0 4 48 2288 33 2265 0 0 12 1055
0 22 2 0 0 0 0 0 18 0 0 0 0 0 0 96 1 0 0 0 7 287 15 41 11 5 151 5 0 0 0 0 1 5 0 300 1 0 4 0 1 0 216 0 0 0 23 2 9 908 1 0 1 0 8 0 10 850 171 2 801 16 0 0 0 0 0 8
0 0 2 0 0 0 0 0 0 0 0 0 0 0 5 148 0 0 0 0 7 13 170 10 0 0 130 5 0 0 0 0 0 11 10 0 1624 0 0 5 345 18 0 2 0 0 0 18 26 428 1202 2 23 0 5814 10 0 11 0 214 1951 501 22 655 0 0 4 1079
13 3 1 205 1 19 10 3 180 260 0 63 3 5 16 135 0 0 0 123 64 57 30 825 4 0 71 554 27 8 0 0 4 81 7 76 1 377 58 37 159 5 2205 46 6 305 11 15 148 1077 0 0 2 62 40 850 11 0 112 1 345 1965 91 5 0 1 10 95
0 40 0 0 0 0 0 0 0 0 3 0 102 0 0 0 0 0 2 0 0 9 0 5 474 59 236 0 0 0 8 1 0 3 0 441 0 0 0 0 0 0 151 0 13 0 1139 0 0 4 0 0 0 0 0 171 0 112 0 0 599 0 1 0 1 10 0 42
0 6 26 0 0 0 0 0 0 0 1 0 27 0 0 0 13 1 9 0 0 3 3 0 7 264 269 0 0 0 4 0 0 11 104 2 1874 0 0 6 107 24 3 0 693 5 74 51 4 1 1089 169 1522 0 4 2 214 1 0 0 2217 4 15 74 301 13 3 163
0 245 246 0 0 0 0 0 2 1 13 0 34 0 1 192 85 2 49 0 5 99 331 11 74 1076 5531 12 2 0 20 0 0 150 5 1046 3399 0 0 0 50 0 77 0 15 0 826 3 7 1356 494 9 43 0 48 801 1951 345 599 2217 0 233 0 9 223 0 2 506
21 1 0 25 0 19 1 0 60 18 0 29 1 2 19 37 0 0 0 90 11 17 3 238 0 0 12 204 15 7 0 0 3 65 35 0 78 987 16 336 4109 40 150 2214 4 326 1 23 82 290 13 0 2 176 2288 16 501 1965 0 4 233 0 239 967 0 1 33 608
1 1 0 0 0 3 0 0 8 0 1 0 1 0 0 4 0 0 0 0 5 0 1 41 4 0 0 10 0 0 0 0 0 4 1300 0 2 18 0 36 221 39 43 169 277 198 36 987 24 0 7 10 40 29 33 0 22 91 1 15 0 239 0 708 1 31 1516 1214
0 1 0 0 0 0 0 0 1 0 0 0 0 0 0 2 0 0 0 0 1 1 0 18 0 0 1 6 0 0 0 0 1 5 400 0 128 0 0 0 1220 47 0 0 2 0 0 137 0 4 403 3 126 0 2265 0 655 5 0 74 9 967 708 0 0 0 143 726
0 1 1 0 0 0 0 0 0 0 22 0 92 0 0 0 1 1 0 0 0 0 0 0 0 68 54 0 0 0 19 0 0 1 0 0 0 0 0 0 0 0 0 0 67 0 457 0 0 0 0 0 0 0 0 0 0 0 1 301 223 0 1 0 0 2 0 6
0 0 0 0 0 0 0 0 0 0 2 0 12 0 1 0 0 0 0 0 0 0 0 0 5 0 0 0 0 0 0 0 0 2 0 0 0 1 112 10 2 161 13 3 278 3 92 62 12 0 0 5 0 2 0 0 0 1 10 13 0 1 31 0 2 0 0 506
0 0 0 0 0 3 0 0 2 0 0 0 0 0 0 0 0 0 0 0 0 0 0 9 0 0 0 6 3 1 0 0 0 2 30 0 1 0 0 0 5 1 0 0 2 0 0 2 1 0 1 0 6 0 12 0 4 10 0 3 2 33 1516 143 0 0 0 516
3 3 4 6 0 12 1 0 14 0 1 1 65 0 6 11 0 0 0 0 5 6 4 75 11 3 45 53 10 1 0 3 0 14 47 5 34 36 234 52 118 47 68 220 1505 286 122 64 47 37 1226 161 548 42 1055 8 1079 95 42 163 506 608 1214 726 6 506 516 0
