0 0 7 0 0 0 287 63 0 1 1 0 0 1736 0 0 18 0 3 0 0 0 17 0 0 9 0 1 564 232 0 0 1 3 0 0 0 0 0 0 0 0 0 0 0 0 0 0 0 0 0 0 0 0 0 0 0 0 0 0 0 0 0 1 0 0 0 0
0 0 1 1 0 0 0 0 33 0 2 0 73 1 1 0 7 1 4 0 0 201 1 61 338 22 1535 0 2 0 2 0 0 9 0 115 1 0 0 0 0 0 3 0 3 0 31 0 0 2 1 1 1 0 0 35 2 4 53 20 225 0 0 0 3 0 0 4
7 1 0 0 1 2 2 28 0 0 0 0 0 32 0 0 856 0 9 0 23 0 2206 2 0 2264 3302 6 4 12 0 0 0 76 0 2 18 0 0 0 0 0 0 0 0 0 0 0 0 8 30 0 4 0 0 0 13 1 0 47 202 0 0 0 0 0 0 5
0 1 0 0 2 15 11 8 123 695 0 804 6 4 25 0 1 0 0 1805 0 2 1 570 0 0 1 928 27 1 0 0 4 19 0 0 0 9 0 0 0 0 18 0 0 15 0 0 2 0 0 0 0 7 0 0 0 47 0 0 0 2 0 0 0 0 0 0
0 0 1 2 0 135 0 5 85 1 25 28 31 0 720 0 0 0 0 3 0 1 0 5 0 0 0 5 1 0 0 179 0 259 0 0 0 0 0 0 0 0 0 0 0 0 0 0 1 0 0 0 0 0 0 0 0 0 0 0 0 0 0 0 0 0 0 0
0 0 2 15 135 0 559 1987 63 2296 13 4050 30 25 725 0 1 1 6 16 0 0 6 14 0 6 2 118 55 0 0 111 2 26 0 0 0 1 0 2 0 0 0 0 0 14 0 1 0 0 0 0 0 1 0 0 0 2 0 0 0 0 0 0 0 0 0 3
287 0 2 11 0 559 0 602 4 2600 3 63 4 1211 6 1 0 0 1 1 1 0 10 195 0 1 3 4515 120 1360 0 0 5 44 0 0 0 0 0 0 0 0 0 0 0 0 0 0 0 1 0 0 0 0 0 0 0 3 0 0 0 3 0 0 0 0 0 0
63 0 28 8 5 1987 602 0 25 484 14 127 28 1654 24 0 65 2 8 16 6 0 91 7 0 17 2 113 77 78 0 464 0 44 0 0 0 0 0 0 0 0 1 0 0 1 0 0 0 0 0 0 0 0 0 0 0 1 0 0 0 0 0 0 0 1 0 1
0 33 0 123 85 63 4 25 0 40 5 439 25 11 482 0 0 0 3 101 0 383 0 1641 80 13 152 76 31 7 0 7 6 33 0 2 0 45 0 0 1 1 191 19 0 108 1 1 4 1 1 0 0 23 0 1 0 81 0 0 3 47 0 1 0 0 1 2
1 0 0 695 1 2296 2600 484 40 0 3 1168 21 504 31 0 0 0 0 752 0 0 0 33 0 0 0 802 204 3 0 0 2 201 0 0 0 0 0 1 0 0 18 0 0 17 0 0 5 0 0 0 0 0 0 0 0 83 0 0 0 0 0 0 0 0 0 0
1 2 0 0 25 13 3 14 5 3 0 66 846 26 8 0 25 1661 472 3 0 1 0 1 40 1068 8 0 155 0 50 185 0 1231 0 2 0 0 0 0 0 0 0 0 36 0 67 0 0 0 0 1 1 0 0 0 0 0 16 22 24 0 0 0 24 3 0 10
0 0 0 804 28 4050 63 127 439 1168 66 0 68 73 852 0 0 6 12 1792 0 3 0 233 0 6 5 132 146 0 0 11 2 177 0 0 0 55 0 25 0 0 16 43 0 677 1 0 9 0 0 0 0 47 0 0 0 16 1 0 0 11 0 0 0 0 0 1
0 73 0 6 31 30 4 28 25 21 846 68 0 7 41 0 0 23 5 11 2 34 1 8 831 115 371 4 56 0 421 59 0 480 0 5 0 0 4 9 2 3 8 6 139 6 911 0 10 0 0 2 1 5 1 11 0 1 170 39 68 3 2 0 43 9 0 293
1736 1 32 4 0 25 1211 1654 11 504 26 73 7 0 5 0 69 3 6 14 11 0 176 5 0 20 5 81 1720 442 0 206 2 44 0 1 0 0 0 0 0 0 0 0 0 0 0 0 0 0 0 0 0 0 0 0 0 2 1 0 0 0 0 0 0 0 0 0
0 1 0 25 720 725 6 24 482 31 8 852 41 5 0 0 0 0 0 22 2 2 2 27 1 0 4 35 15 8 0 1 3 12 0 0 0 17 1 1 0 0 4 3 0 12 1 0 3 0 0 0 0 8 0 0 0 9 0 0 0 9 0 0 0 0 0 1
0 0 0 0 0 0 1 0 0 0 0 0 0 0 0 0 2 0 1 0 410 579 568 727 0 1 670 114 0 0 0 0 0 4 0 0 0 0 0 0 0 0 0 0 0 0 0 0 0 604 0 0 0 0 15 55 352 29 0 1 49 8 0 0 0 0 0 0
18 7 856 1 0 1 0 65 0 0 25 0 0 69 0 2 0 1 1921 0 12 5 1463 8 0 638 506 1 96 70 0 0 0 1348 0 4 8 0 0 0 0 0 0 0 0 0 0 0 0 0 8 0 1 0 0 3 0 0 0 16 74 0 0 0 0 0 0 2
0 1 0 0 0 1 0 2 0 0 1661 6 23 3 0 0 1 0 968 0 0 0 0 0 0 871 2 0 15 0 0 2 0 45 0 0 0 0 0 0 0 0 0 0 0 0 0 0 0 0 0 0 0 0 0 0 0 0 0 0 2 0 0 0 1 0 0 0
3 4 9 0 0 6 1 8 3 0 472 12 5 6 0 1 1921 968 0 0 1 4 4 3 0 2116 103 1 40 3 0 4 0 954 0 0 0 0 0 0 0 0 0 0 0 0 3 0 0 0 1 0 0 0 0 0 0 0 4 26 36 0 0 0 1 0 0 1
0 0 0 1805 3 16 1 16 101 752 3 1792 11 14 22 0 0 0 0 0 0 0 0 89 0 0 0 151 37 0 0 0 0 32 0 0 0 20 0 4 0 0 9 3 0 37 0 0 2 0 0 0 0 17 0 0 0 95 0 0 0 5 0 2 0 0 0 0
0 0 23 0 0 0 1 6 0 0 0 0 2 11 2 410 12 0 1 0 0 2 4109 7 0 2 5 1124 32 2395 0 0 5 1278 0 0 0 0 0 0 0 0 1 0 0 0 0 0 0 46 0 0 0 0 44 1 17 31 0 0 3 15 1 3 0 0 0 0
0 201 0 2 1 0 0 0 383 0 1 3 34 0 2 579 5 0 4 0 2 0 8 703 92 12 668 10 0 0 4 0 0 8 0 17 1 0 0 0 0 0 14 1 2 0 19 0 0 58 2 0 0 0 1 173 6 21 18 13 77 6 0 1 0 0 0 2
17 1 2206 1 0 6 10 91 0 0 0 0 1 176 2 568 1463 0 4 0 4109 8 0 43 0 91 1891 304 86 501 0 0 1 1559 0 0 3 0 0 0 0 0 0 0 0 0 0 0 0 249 1 0 0 0 12 11 506 27 0 1 111 9 0 1 0 0 0 1
0 61 2 570 5 14 195 7 1641 33 1 233 8 5 27 727 8 0 3 89 7 703 43 0 59 17 607 1951 30 3 0 2 9 43 0 7 0 27 0 0 1 0 63 58 0 55 0 0 1 104 0 0 0 19 33 24 13 306 0 0 36 126 11 9 0 0 0 6
0 338 0 0 0 0 0 0 80 0 40 0 831 0 1 0 0 0 0 0 0 92 0 59 0 8 1050 0 0 0 14 1 0 1 0 5 0 0 0 0 0 0 1 0 18 0 141 0 0 0 0 0 0 0 0 2 0 2 240 4 67 0 0 0 8 4 0 90
9 22 2264 0 0 6 1 17 13 0 1068 6 115 20 0 1 638 871 2116 0 2 12 91 17 8 0 2468 0 49 12 85 2 0 300 0 13 0 0 0 0 0 0 0 0 15 0 117 0 0 0 21 4 16 0 1 2 2 0 89 447 674 0 0 0 51 0 0 15
0 1535 3302 1 0 2 3 2 152 0 8 5 371 5 4 670 506 2 103 0 5 668 1891 607 1050 2468 0 112 25 5 107 3 0 554 0 169 43 0 0 0 0 0 7 0 5 0 100 0 1 429 57 4 12 0 8 81 343 29 234 379 3537 1 0 0 21 0 0 37
1 0 6 928 5 118 4515 113 76 802 0 132 4 81 35 114 1 0 1 151 1124 10 304 1951 0 0 112 0 147 1065 0 0 29 111 0 0 0 2 0 0 0 0 22 0 0 8 0 0 2 71 0 0 0 1 92 10 21 175 0 0 5 106 8 21 0 0 0 3
564 2 4 27 1 55 120 77 31 204 155 146 56 1720 15 0 96 15 40 37 32 0 86 30 0 49 25 147 0 1362 1 199 747 915 1 0 0 0 0 1 0 0 2 0 0 0 0 0 0 0 0 0 0 0 0 0 0 14 2 0 9 12 3 1 0 0 1 9
232 0 12 1 0 0 1360 78 7 3 0 0 0 442 8 0 70 0 3 0 2395 0 501 3 0 12 5 1065 1362 0 0 0 224 701 0 0 0 0 0 0 0 0 4 0 0 0 0 0 0 3 0 0 0 0 25 0 2 16 0 0 0 33 4 3 0 0 1 1
0 2 0 0 0 0 0 0 0 0 50 0 421 0 0 0 0 0 0 0 0 4 0 0 14 85 107 0 1 0 0 0 0 2 0 1 0 0 0 0 0 0 0 0 10 0 153 0 0 0 0 0 0 0 0 0 0 0 16 19 40 0 0 0 17 0 0 1
0 0 0 0 179 111 0 464 7 0 185 11 59 206 1 0 0 2 4 0 0 0 0 2 1 2 3 0 199 0 0 0 0 331 0 0 0 0 0 0 0 0 0 0 0 0 0 1 0 0 0 0 0 0 0 0 0 0 0 0 0 0 0 0 0 0 0 1
1 0 0 4 0 2 5 0 6 2 0 2 0 2 3 0 0 0 0 0 5 0 1 9 0 0 0 29 747 224 0 0 0 636 0 0 0 0 0 0 0 0 5 0 0 0 0 0 0 0 0 0 0 0 0 0 0 3 0 0 0 1 1 0 0 0 0 1
3 9 76 19 259 26 44 44 33 201 1231 177 480 44 12 4 1348 45 954 32 1278 8 1559 43 1 300 554 111 915 701 2 331 636 0 1 12 0 0 0 0 1 0 2 0 0 0 0 1 1 4 5 0 1 0 1 1 6 28 14 36 138 36 5 1 0 0 2 13
0 0 0 0 0 0 0 0 0 0 0 0 0 0 0 0 0 0 0 0 0 0 0 0 0 0 0 0 1 0 0 0 0 1 0 1 0 0 0 0 595 4 0 0 0 2 0 683 0 0 5 0 1 0 0 0 5 0 0 5 0 3 644 258 0 0 0 8
0 115 2 0 0 0 0 0 2 0 2 0 5 1 0 0 4 0 0 0 0 17 0 7 5 13 169 0 0 0 1 0 0 12 1 0 0 1 0 0 1 0 30 0 0 1 4 0 8 1 1 0 1 0 0 260 0 55 264 16 902 0 1 1 0 0 0 18
0 1 18 0 0 0 0 0 0 0 0 0 0 0 0 0 8 0 0 0 0 1 3 0 0 0 43 0 0 0 0 0 0 0 0 0 0 0 0 0 20 4 0 0 0 0 0 9 0 0 129 0 2 0 5 0 1392 0 0 2649 2177 13 0 5 0 0 0 6
0 0 0 9 0 1 0 0 45 0 0 55 0 0 17 0 0 0 0 20 0 0 0 27 0 0 0 2 0 0 0 0 0 0 0 1 0 0 0 39 11 4 188 1364 0 1285 1 8 78 0 0 0 0 2515 0 0 0 757 0 0 2 741 26 0 0 0 0 43
0 0 0 0 0 0 0 0 0 0 0 0 4 0 1 0 0 0 0 0 0 0 0 0 0 0 0 0 0 0 0 0 0 0 0 0 0 0 0 230 0 17 22 0 73 2 13 1 732 1 0 0 0 0 0 0 0 3 1 0 0 0 0 0 0 132 0 86
0 0 0 0 0 2 0 0 0 1 0 25 9 0 1 0 0 0 0 4 0 0 0 0 0 0 0 0 1 0 0 0 0 0 0 0 0 39 230 0 340 1483 66 3766 21 2467 8 76 1203 0 0 0 3 34 0 0 1 11 0 3 0 311 42 0 0 36 0 76
0 0 0 0 0 0 0 0 1 0 0 0 2 0 0 0 0 0 0 0 0 0 0 1 0 0 0 0 0 0 0 0 0 1 595 1 20 11 0 340 0 628 2 1150 5 5 0 2222 8 0 23 0 3 7 10 0 129 110 0 21 8 3129 142 2005 0 1 9 81
0 0 0 0 0 0 0 0 1 0 0 0 3 0 0 0 0 0 0 0 0 0 0 0 0 0 0 0 0 0 0 0 0 0 4 0 4 4 17 1483 628 0 6 523 7 63 3 2597 36 0 22 1 3 7 2 0 12 6 0 6 0 47 54 14 0 177 0 38
0 3 0 18 0 0 0 1 191 18 0 16 8 0 4 0 0 0 0 9 1 14 0 63 1 0 7 22 2 4 0 0 5 2 0 30 0 188 22 66 2 6 0 44 8 399 7 15 450 2 2 0 4 67 0 317 2 1720 121 10 189 115 10 2 0 7 2 28
0 0 0 0 0 0 0 0 19 0 0 43 6 0 3 0 0 0 0 3 0 1 0 58 0 0 0 0 0 0 0 0 0 0 0 0 0 1364 0 3766 1150 523 44 0 2 1133 1 471 30 0 0 0 0 1100 0 0 0 25 0 0 0 1766 120 0 0 1 4 262
0 3 0 0 0 0 0 0 0 0 36 0 139 0 0 0 0 0 0 0 0 2 0 0 18 15 5 0 0 0 10 0 0 0 0 0 0 0 73 21 5 7 8 2 0 44 866 57 27 0 5 1099 528 3 0 0 0 3 28 807 15 1 243 2 26 211 1 1265
0 0 0 15 0 14 0 1 108 17 0 677 6 0 12 0 0 0 0 37 0 0 0 55 0 0 0 8 0 0 0 0 0 0 2 1 0 1285 2 2467 5 63 399 1133 44 0 2 164 1019 0 0 1 3 2097 0 2 0 185 0 6 4 102 80 0 0 0 0 216
0 31 0 0 0 0 0 0 1 0 67 1 911 0 1 0 0 0 3 0 0 19 0 0 141 117 100 0 0 0 153 0 0 0 0 4 0 1 13 8 0 3 7 1 866 2 0 2 4 0 0 0 0 1 1 3 0 1 570 56 618 1 12 0 166 78 2 302
0 0 0 0 0 1 0 0 1 0 0 0 0 0 0 0 0 0 0 0 0 0 0 0 0 0 0 0 0 0 0 1 0 1 683 0 9 8 1 76 2222 2597 15 471 57 164 2 0 41 0 40 4 4 24 5 0 69 6 0 27 10 35 2225 311 0 27 0 189
0 0 0 2 1 0 0 0 4 5 0 9 10 0 3 0 0 0 0 2 0 0 0 1 0 0 1 2 0 0 0 0 0 1 0 8 0 78 732 1203 8 36 450 30 27 1019 4 41 0 0 0 3 0 16 1 21 0 146 2 1 25 51 6 1 0 12 0 40
0 2 8 0 0 0 1 0 1 0 0 0 0 0 0 604 0 0 0 0 46 58 249 104 0 0 429 71 0 3 0 0 0 4 0 1 0 0 1 0 0 0 2 0 0 0 0 0 0 0 0 0 0 0 356 805 671 936 0 0 780 184 0 0 0 0 0 5
0 1 30 0 0 0 0 0 1 0 0 0 0 0 0 0 8 0 1 0 0 2 1 0 0 21 57 0 0 0 0 0 0 5 5 1 129 0 0 0 23 22 2 0 5 0 0 40 0 0 0 0 1344 0 30 0 1366 1 0 519 427 9 74 104 0 0 0 952
0 1 0 0 0 0 0 0 0 0 1 0 2 0 0 0 0 0 0 0 0 0 0 0 0 4 4 0 0 0 0 0 0 0 0 0 0 0 0 0 0 1 0 0 1099 1 0 4 3 0 0 0 567 0 0 0 0 0 0 232 2 0 9 0 0 1 1 19
0 1 4 0 0 0 0 0 0 0 1 0 1 0 0 0 1 0 0 0 0 0 0 0 0 16 12 0 0 0 0 0 0 1 1 1 2 0 0 3 3 3 4 0 528 3 0 4 0 0 1344 567 0 0 12 1 13 2 0 2104 78 0 8 16 1 0 2 970
0 0 0 7 0 1 0 0 23 0 0 47 5 0 8 0 0 0 0 17 0 0 0 19 0 0 0 1 0 0 0 0 0 0 0 0 0 2515 0 34 7 7 67 1100 3 2097 1 24 16 0 0 0 0 0 0 0 0 30 0 0 0 69 28 0 0 0 1 43
0 0 0 0 0 0 0 0 0 0 0 0 1 0 0 15 0 0 0 0 44 1 12 33 0 1 8 92 0 25 0 0 0 1 0 0 5 0 0 0 10 2 0 0 0 0 1 5 1 356 30 0 12 0 0 5 4575 35 0 3 4 1614 21 1524 0 0 18 1349
0 35 0 0 0 0 0 0 1 0 0 0 11 0 0 55 3 0 0 0 1 173 11 24 2 2 81 10 0 0 0 0 0 1 0 260 0 0 0 0 0 0 317 0 0 2 3 0 21 805 0 0 1 0 5 0 9 480 150 1 777 4 0 0 0 0 0 34
0 2 13 0 0 0 0 0 0 0 0 0 0 0 0 352 0 0 0 0 17 6 506 13 0 2 343 21 0 2 0 0 0 6 5 0 1392 0 0 1 129 12 2 0 0 0 0 69 0 671 1366 0 13 0 4575 9 0 36 0 482 2333 459 6 330 0 0 0 1072
0 4 1 47 0 2 3 1 81 83 0 16 1 2 9 29 0 0 0 95 31 21 27 306 2 0 29 175 14 16 0 0 3 28 0 55 0 757 3 11 110 6 1720 25 3 185 1 6 146 936 1 0 2 30 35 480 36 0 81 2 447 2655 39 3 0 0 10 39
0 53 0 0 0 0 0 0 0 0 16 1 170 1 0 0 0 0 4 0 0 18 0 0 240 89 234 0 2 0 16 0 0 14 0 264 0 0 1 0 0 0 121 0 28 0 570 0 2 0 0 0 0 0 0 150 0 81 0 6 631 0 0 0 1 6 0 221
0 20 47 0 0 0 0 0 0 0 22 0 39 0 0 1 16 0 26 0 0 13 1 0 4 447 379 0 0 0 19 0 0 36 5 16 2649 0 0 3 21 6 10 0 807 6 56 27 1 0 519 232 2104 0 3 1 482 2 6 0 2921 11 36 20 140 8 0 154
0 225 202 0 0 0 0 0 3 0 24 0 68 0 0 49 74 2 36 0 3 77 111 36 67 674 3537 5 9 0 40 0 0 138 0 902 2177 2 0 0 8 0 189 0 15 4 618 10 25 780 427 2 78 0 4 777 2333 447 631 2921 0 20 8 13 231 3 0 381
0 0 0 2 0 0 3 0 47 0 0 11 3 0 9 8 0 0 0 5 15 6 9 126 0 0 1 106 12 33 0 0 1 36 3 0 13 741 0 311 3129 47 115 1766 1 102 1 35 51 184 9 0 0 69 1614 4 459 2655 0 11 20 0 166 1099 0 1 29 196
0 0 0 0 0 0 0 0 0 0 0 0 2 0 0 0 0 0 0 0 1 0 0 11 0 0 0 8 3 4 0 0 1 5 644 1 0 26 0 42 142 54 10 120 243 80 12 2225 6 0 74 9 8 28 21 0 6 39 0 36 8 166 0 1378 3 114 666 1082
1 0 0 0 0 0 0 0 1 0 0 0 0 0 0 0 0 0 0 2 3 1 1 9 0 0 0 21 1 3 0 0 0 1 258 1 5 0 0 0 2005 14 2 0 2 0 0 311 1 0 104 0 16 0 1524 0 330 3 0 20 13 1099 1378 0 0 0 104 817
0 3 0 0 0 0 0 0 0 0 24 0 43 0 0 0 0 1 1 0 0 0 0 0 8 51 21 0 0 0 17 0 0 0 0 0 0 0 0 0 0 0 0 0 26 0 166 0 0 0 0 0 1 0 0 0 0 0 1 140 231 0 3 0 0 1 0 8
0 0 0 0 0 0 0 1 0 0 3 0 9 0 0 0 0 0 0 0 0 0 0 0 4 0 0 0 0 0 0 0 0 0 0 0 0 0 132 36 1 177 7 1 211 0 78 27 12 0 0 1 0 0 0 0 0 0 6 8 3 1 114 0 1 0 0 458
0 0 0 0 0 0 0 0 1 0 0 0 0 0 0 0 0 0 0 0 0 0 0 0 0 0 0 0 1 1 0 0 0 2 0 0 0 0 0 0 9 0 2 4 1 0 2 0 0 0 0 1 2 1 18 0 0 10 0 0 0 29 666 104 0 0 0 673
0 4 5 0 0 3 0 1 2 0 10 1 293 0 1 0 2 0 1 0 0 2 1 6 90 15 37 3 9 1 1 1 1 13 8 18 6 43 86 76 81 38 28 262 1265 216 302 189 40 5 952 19 970 43 1349 34 1072 39 221 154 381 196 1082 817 8 458 673 0
