0 0 2 0 0 0 118 31 0 4 0 0 0 1179 0 0 61 0 28 0 0 0 10 0 0 13 2 3 1605 494 0 8 12 19 0 0 0 0 0 0 0 0 1 0 0 0 0 0 0 0 0 0 0 0 0 0 0 4 0 0 0 0 0 1 0 0 0 0
0 0 0 1 3 0 0 0 55 0 9 0 208 0 12 4 1 0 0 0 0 297 0 104 371 6 1713 1 0 3 0 0 0 3 0 151 5 0 0 0 4 0 2 0 0 0 7 0 0 1 3 0 0 0 0 32 2 2 9 3 196 0 0 0 0 0 0 2
2 0 0 0 0 2 115 43 0 2 0 0 0 68 0 0 359 0 11 0 192 0 2430 3 0 1120 2902 101 1 66 0 0 0 15 0 0 29 0 0 0 0 0 0 0 0 0 0 0 0 0 6 0 1 0 0 2 2 0 0 1 69 0 0 0 0 0 0 2
0 1 0 0 36 14 3 1 115 717 0 1160 3 0 70 0 0 0 0 2475 0 0 0 567 0 0 0 1210 7 0 0 0 0 12 0 0 0 196 0 5 0 0 26 0 0 77 0 0 10 0 0 0 0 38 0 0 0 107 0 0 0 21 0 0 0 0 0 0
0 3 0 36 0 151 4 5 85 10 2 86 30 1 846 0 0 0 1 8 8 4 42 104 0 0 0 35 0 1 0 121 0 219 0 0 0 0 10 2 0 1 0 0 0 3 0 0 4 0 0 0 0 0 0 0 1 2 0 0 0 0 0 0 0 0 0 0
0 0 2 14 151 0 147 1851 53 2433 21 2701 108 12 1652 0 0 0 0 16 0 0 0 29 0 1 1 126 87 0 0 68 3 67 0 0 0 2 1 7 0 0 5 1 0 8 4 0 3 0 0 0 0 0 0 1 0 32 0 0 0 30 2 1 0 0 0 9
118 0 115 3 4 147 0 437 2 1531 13 1 12 984 23 0 8 0 3 0 31 3 53 39 0 64 19 4951 86 1880 0 3 13 72 0 0 0 0 0 0 0 0 2 0 0 0 1 0 0 5 0 0 0 0 0 3 0 7 0 0 1 0 0 0 0 0 0 0
31 0 43 1 5 1851 437 0 4 1062 0 320 6 1730 17 0 73 0 22 12 2 0 15 6 0 65 2 22 15 35 0 372 2 55 0 0 0 0 0 0 0 0 1 0 0 1 0 0 0 0 0 0 0 0 0 0 0 5 0 0 0 0 0 0 0 0 0 0
0 55 0 115 85 53 2 4 0 50 2 180 109 0 508 1 0 0 0 51 0 405 0 2280 25 1 143 203 5 0 0 13 0 1 1 2 0 19 3 2 5 1 167 44 1 26 3 0 14 1 0 0 0 18 0 6 0 161 0 0 1 101 6 1 0 4 0 1
4 0 2 717 10 2433 1531 1062 50 0 44 1418 79 219 47 0 1 0 1 604 0 0 1 57 0 6 0 2377 181 5 0 21 8 132 0 0 0 0 0 6 1 0 28 0 0 26 0 0 3 0 0 0 0 3 0 0 0 143 0 0 0 8 0 0 0 0 0 0
0 9 0 0 2 21 13 0 2 44 0 30 556 2 2 0 9 1276 209 2 2 4 1 1 21 1115 25 16 247 16 40 184 3 1065 0 3 0 0 0 0 0 0 1 0 45 0 177 0 0 0 0 1 0 0 0 0 0 0 36 15 37 0 0 0 9 0 0 1
0 0 0 1160 86 2701 1 320 180 1418 30 0 62 37 928 0 0 0 0 2260 0 0 0 200 0 0 0 388 146 0 0 36 0 169 0 0 0 56 4 34 0 0 21 26 1 198 2 0 28 1 0 0 0 24 0 0 0 29 0 0 0 66 1 0 0 0 0 3
0 208 0 3 30 108 12 6 109 79 556 62 0 0 76 1 0 3 0 11 5 184 10 55 1100 26 522 70 57 5 172 109 7 358 0 6 0 1 0 7 0 1 3 1 78 3 604 0 6 1 0 0 0 2 0 3 0 9 395 21 208 7 1 0 27 3 0 29
1179 0 68 0 1 12 984 1730 0 219 2 37 0 0 3 0 119 0 25 3 4 0 32 1 0 82 4 2 1626 351 0 97 1 33 0 0 0 0 0 0 0 0 0 0 0 0 0 0 0 0 0 0 0 0 0 0 0 0 0 0 0 0 0 0 0 0 0 0
0 12 0 70 846 1652 23 17 508 47 2 928 76 3 0 1 0 0 0 33 8 24 12 253 1 0 19 170 14 2 0 33 0 24 0 0 0 9 7 2 0 1 7 12 0 16 2 0 9 2 0 0 0 13 0 0 0 6 1 0 0 27 1 0 0 1 0 0
0 4 0 0 0 0 0 0 1 0 0 0 1 0 1 0 2 0 0 0 450 924 605 515 0 2 870 201 0 0 0 0 0 4 0 2 3 0 0 0 1 0 2 0 0 0 0 0 0 639 0 0 0 0 9 29 160 106 0 0 45 13 1 6 0 0 0 4
61 1 359 0 0 0 8 73 0 1 9 0 0 119 0 2 0 7 1466 0 50 0 1373 2 0 983 248 3 80 277 0 0 1 1430 0 0 22 0 0 0 0 0 0 0 0 0 0 0 0 0 5 0 0 0 0 1 3 0 0 4 62 0 0 0 0 0 0 0
0 0 0 0 0 0 0 0 0 0 1276 0 3 0 0 0 7 0 261 0 0 0 0 0 0 471 0 0 0 0 0 0 0 94 0 0 0 0 0 0 0 0 0 0 0 0 4 0 0 0 0 0 0 0 0 0 0 0 1 7 9 0 0 0 0 0 0 0
28 0 11 0 1 0 3 22 0 1 209 0 0 25 0 0 1466 261 0 0 13 0 33 0 0 2604 35 4 29 51 0 1 0 660 0 0 1 0 0 0 0 0 0 0 0 0 1 0 0 0 0 0 0 0 0 0 0 0 0 1 9 0 0 0 0 0 0 2
0 0 0 2475 8 16 0 12 51 604 2 2260 11 3 33 0 0 0 0 0 0 0 0 149 0 0 0 446 11 0 0 2 0 15 0 0 0 4 1 2 0 0 7 9 0 17 0 0 3 0 0 0 0 7 0 0 0 56 0 0 0 28 0 0 0 0 0 0
0 0 192 0 8 0 31 2 0 0 2 0 5 4 8 450 50 0 13 0 0 1 6146 1 0 54 161 1270 6 2037 0 3 2 886 0 1 1 0 0 0 0 0 1 0 0 0 0 0 0 29 0 0 0 0 2 2 8 9 0 0 15 0 1 1 0 0 0 2
0 297 0 0 4 0 3 0 405 0 4 0 184 0 24 924 0 0 0 0 1 0 2 860 74 3 680 22 1 0 0 1 0 1 1 0 3 2 0 3 4 0 44 0 0 1 4 0 1 113 3 0 0 0 0 213 6 69 6 0 64 5 2 2 0 0 0 0
10 0 2430 0 42 0 53 15 0 1 1 0 10 32 12 605 1373 0 33 0 6146 2 0 10 0 240 2119 200 4 396 0 3 0 1483 0 0 56 0 0 0 0 0 0 0 0 0 0 0 0 514 2 0 0 0 4 7 574 30 0 1 307 8 0 1 0 0 0 7
0 104 3 567 104 29 39 6 2280 57 1 200 55 1 253 515 2 0 0 149 1 860 10 0 68 6 546 1327 12 5 0 9 1 18 4 4 2 89 0 9 3 0 80 95 0 17 3 5 11 103 0 0 0 45 2 24 5 643 2 0 27 314 29 32 0 0 1 30
0 371 0 0 0 0 0 0 25 0 21 0 1100 0 1 0 0 0 0 0 0 74 0 68 0 5 967 0 0 0 3 0 0 0 0 49 0 0 0 0 0 0 2 0 1 0 38 0 0 0 0 0 0 0 0 3 0 0 299 5 138 0 0 0 2 0 0 6
13 6 1120 0 0 1 64 65 1 6 1115 0 26 82 0 2 983 471 2604 0 54 3 240 6 5 0 3707 32 34 83 194 0 3 485 0 19 9 0 0 0 0 0 0 0 7 0 77 0 0 1 9 1 9 0 0 7 0 1 54 201 743 0 0 0 21 0 0 6
2 1713 2902 0 0 1 19 2 143 0 25 0 522 4 19 870 248 0 35 0 161 680 2119 546 967 3707 0 371 22 15 358 9 2 779 0 275 323 0 0 0 0 0 5 0 7 0 84 0 1 329 76 0 12 0 7 153 339 27 116 202 3791 4 0 0 22 0 0 40
3 1 101 1210 35 126 4951 22 203 2377 16 388 70 2 170 201 3 0 4 446 1270 22 200 1327 0 32 371 0 132 1714 0 5 23 294 3 3 5 2 0 8 2 0 34 11 0 45 1 2 7 63 0 0 0 9 3 4 19 401 0 0 19 79 8 27 0 0 2 19
1605 0 1 7 0 87 86 15 5 181 247 146 57 1626 14 0 80 0 29 11 6 1 4 12 0 34 22 132 0 1198 0 204 972 840 0 0 0 0 0 2 1 0 1 0 0 1 1 0 1 0 0 0 0 0 1 0 0 18 0 0 3 9 2 9 0 0 0 0
494 3 66 0 1 0 1880 35 0 5 16 0 5 351 2 0 277 0 51 0 2037 0 396 5 0 83 15 1714 1198 0 0 3 582 972 0 0 2 0 0 0 0 0 0 0 0 0 0 0 0 1 0 0 0 0 0 0 0 5 0 0 2 3 2 1 0 0 0 3
0 0 0 0 0 0 0 0 0 0 40 0 172 0 0 0 0 0 0 0 0 0 0 0 3 194 358 0 0 0 0 0 0 3 0 1 0 0 0 0 0 0 0 0 3 0 46 0 0 0 0 1 0 0 0 0 0 0 30 20 55 0 0 0 12 0 0 0
8 0 0 0 121 68 3 372 13 21 184 36 109 97 33 0 0 0 1 2 3 1 3 9 0 0 9 5 204 3 0 0 0 473 0 0 0 0 0 0 0 0 0 0 0 0 0 0 1 0 0 0 0 0 0 0 0 0 0 0 0 0 0 0 0 0 0 0
12 0 0 0 0 3 13 2 0 8 3 0 7 1 0 0 1 0 0 0 2 0 0 1 0 3 2 23 972 582 0 0 0 600 0 0 0 0 0 0 1 0 0 0 0 0 0 0 0 2 0 0 0 0 0 0 0 3 0 0 0 2 0 0 0 0 0 2
19 3 15 12 219 67 72 55 1 132 1065 169 358 33 24 4 1430 94 660 15 886 1 1483 18 0 485 779 294 840 972 3 473 600 0 0 6 12 0 0 0 0 0 3 0 0 0 3 1 2 6 1 0 0 0 2 2 7 19 0 6 71 11 1 12 0 0 1 2
0 0 0 0 0 0 0 0 1 0 0 0 0 0 0 0 0 0 0 0 0 1 0 4 0 0 0 3 0 0 0 0 0 0 0 0 0 0 0 5 518 50 0 4 13 1 0 1146 1 0 2 0 4 1 2 0 3 3 0 2 4 5 1095 284 0 0 3 44
0 151 0 0 0 0 0 0 2 0 3 0 6 0 0 2 0 0 0 0 1 0 0 4 49 19 275 3 0 0 1 0 0 6 0 0 1 0 0 0 3 0 39 0 0 0 3 0 7 4 8 0 5 0 0 285 1 59 406 5 2198 0 0 2 0 0 0 7
0 5 29 0 0 0 0 0 0 0 0 0 0 0 0 3 22 0 1 0 1 3 56 2 0 9 323 5 0 2 0 0 0 12 0 1 0 0 0 0 214 14 0 1 0 0 0 14 0 0 564 0 11 0 96 0 1471 1 0 1646 2701 129 0 38 0 0 0 4
0 0 0 196 0 2 0 0 19 0 0 56 1 0 9 0 0 0 0 4 0 2 0 89 0 0 0 2 0 0 0 0 0 0 0 0 0 0 5 7 0 1 32 904 0 313 0 3 11 0 0 0 0 1879 0 0 0 220 0 0 0 1823 8 0 0 1 0 26
0 0 0 0 10 1 0 0 3 0 0 4 0 0 7 0 0 0 0 1 0 0 0 0 0 0 0 0 0 0 0 0 0 0 0 0 0 5 0 64 2 3 169 7 26 41 0 3 855 0 0 0 0 3 4 8 28 134 0 0 0 35 2 0 0 117 0 133
0 0 0 5 2 7 0 0 2 6 0 34 7 0 2 0 0 0 0 2 0 3 0 9 0 0 0 8 2 0 0 0 0 0 5 0 0 7 64 0 283 1872 38 2876 32 2699 7 91 690 0 0 0 0 26 0 1 0 51 1 1 2 357 95 0 0 111 0 93
0 4 0 0 0 0 0 0 5 1 0 0 0 0 0 1 0 0 0 0 0 4 0 3 0 0 0 2 1 0 0 0 1 0 518 3 214 0 2 283 0 554 1 1058 30 27 3 1751 24 19 104 0 13 1 26 3 143 108 0 59 24 4422 270 2126 0 10 10 276
0 0 0 0 1 0 0 0 1 0 0 0 1 0 1 0 0 0 0 0 0 0 0 0 0 0 0 0 0 0 0 0 0 0 50 0 14 1 3 1872 554 0 4 635 7 316 1 2257 33 0 2 0 0 7 0 1 4 3 0 3 1 29 28 24 0 332 2 46
1 2 0 26 0 5 2 1 167 28 1 21 3 0 7 2 0 0 0 7 1 44 0 80 2 0 5 34 1 0 0 0 0 3 0 39 0 32 169 38 1 4 0 39 21 195 6 1 723 5 0 0 0 40 0 358 1 2294 87 0 140 267 5 3 0 34 0 26
0 0 0 0 0 1 0 0 44 0 0 26 1 0 12 0 0 0 0 9 0 0 0 95 0 0 0 11 0 0 0 0 0 0 4 0 1 904 7 2876 1058 635 39 0 26 1144 5 441 38 1 0 0 0 1092 0 0 0 119 0 0 0 2138 217 1 0 31 0 296
0 0 0 0 0 0 0 0 1 0 45 1 78 0 0 0 0 0 0 0 0 0 0 0 1 7 7 0 0 0 3 0 0 0 13 0 0 0 26 32 30 7 21 26 0 43 653 11 11 2 2 1330 168 2 2 0 0 12 131 614 25 19 135 18 77 289 2 1385
0 0 0 77 3 8 0 1 26 26 0 198 3 0 16 0 0 0 0 17 0 1 0 17 0 0 0 45 1 0 0 0 0 0 1 0 0 313 41 2699 27 316 195 1144 43 0 0 45 464 0 0 0 0 1854 0 0 0 548 0 0 0 1156 150 0 0 43 0 146
0 7 0 0 0 4 1 0 3 0 177 2 604 0 2 0 0 4 1 0 0 4 0 3 38 77 84 1 1 0 46 0 0 3 0 3 0 0 0 7 3 1 6 5 653 0 0 1 11 2 0 0 0 0 1 0 2 9 311 81 381 4 3 1 289 12 0 148
0 0 0 0 0 0 0 0 0 0 0 0 0 0 0 0 0 0 0 0 0 0 0 5 0 0 0 2 0 0 0 0 0 1 1146 0 14 3 3 91 1751 2257 1 441 11 45 1 0 6 0 9 0 5 6 1 0 10 5 0 6 3 12 694 229 0 101 0 110
0 0 0 10 4 3 0 0 14 3 0 28 6 0 9 0 0 0 0 3 0 1 0 11 0 0 1 7 1 0 0 1 0 2 1 7 0 11 855 690 24 33 723 38 11 464 11 6 0 4 0 0 0 23 10 13 6 236 2 0 34 208 13 4 0 83 0 61
0 1 0 0 0 0 5 0 1 0 0 1 1 0 2 639 0 0 0 0 29 113 514 103 0 1 329 63 0 1 0 0 2 6 0 4 0 0 0 0 19 0 5 1 2 0 2 0 4 0 0 0 0 0 446 1061 1101 910 0 2 748 140 3 16 0 2 0 8
0 3 6 0 0 0 0 0 0 0 0 0 0 0 0 0 5 0 0 0 0 3 2 0 0 9 76 0 0 0 0 0 0 1 2 8 564 0 0 0 104 2 0 0 2 0 0 9 0 0 0 0 574 0 47 2 1841 2 0 471 466 27 1 271 0 0 0 1200
0 0 0 0 0 0 0 0 0 0 1 0 0 0 0 0 0 0 0 0 0 0 0 0 0 1 0 0 0 0 1 0 0 0 0 0 0 0 0 0 0 0 0 0 1330 0 0 0 0 0 0 0 763 0 0 0 1 0 0 178 1 0 0 2 0 0 1 108
0 0 1 0 0 0 0 0 0 0 0 0 0 0 0 0 0 0 0 0 0 0 0 0 0 9 12 0 0 0 0 0 0 0 4 5 11 0 0 0 13 0 0 0 168 0 0 5 0 0 574 763 0 0 1 1 14 1 0 1539 79 1 1 55 0 0 1 691
0 0 0 38 0 0 0 0 18 3 0 24 2 0 13 0 0 0 0 7 0 0 0 45 0 0 0 9 0 0 0 0 0 0 1 0 0 1879 3 26 1 7 40 1092 2 1854 0 6 23 0 0 0 0 0 0 0 0 188 0 0 0 905 26 0 0 2 0 34
0 0 0 0 0 0 0 0 0 0 0 0 0 0 0 9 0 0 0 0 2 0 4 2 0 0 7 3 1 0 0 0 0 2 2 0 96 0 4 0 26 0 0 0 2 0 1 1 10 446 47 0 1 0 0 1 5742 30 0 9 104 1694 14 1660 0 0 10 993
0 32 2 0 0 1 3 0 6 0 0 0 3 0 0 29 1 0 0 0 2 213 7 24 3 7 153 4 0 0 0 0 0 2 0 285 0 0 8 1 3 1 358 0 0 0 0 0 13 1061 2 0 1 0 1 0 4 1069 119 3 970 22 1 8 0 0 0 15
0 2 2 0 1 0 0 0 0 0 0 0 0 0 0 160 3 0 0 0 8 6 574 5 0 0 339 19 0 0 0 0 0 7 3 1 1471 0 28 0 143 4 1 0 0 0 2 10 6 1101 1841 1 14 0 5742 4 0 18 0 210 1548 433 12 616 0 0 0 868
4 2 0 107 2 32 7 5 161 143 0 29 9 0 6 106 0 0 0 56 9 69 30 643 0 1 27 401 18 5 0 0 3 19 3 59 1 220 134 51 108 3 2294 119 12 548 9 5 236 910 2 0 1 188 30 1069 18 0 81 5 617 2827 35 15 0 19 3 51
0 9 0 0 0 0 0 0 0 0 36 0 395 0 1 0 0 1 0 0 0 6 0 2 299 54 116 0 0 0 30 0 0 0 0 406 0 0 0 1 0 0 87 0 131 0 311 0 2 0 0 0 0 0 0 119 0 81 0 8 725 0 0 0 1 2 0 16
0 3 1 0 0 0 0 0 0 0 15 0 21 0 0 0 4 7 1 0 0 0 1 0 5 201 202 0 0 0 20 0 0 6 2 5 1646 0 0 1 59 3 0 0 614 0 81 6 0 2 471 178 1539 0 9 3 210 5 8 0 2687 24 0 40 92 0 1 255
0 196 69 0 0 0 1 0 1 0 37 0 208 0 0 45 62 9 9 0 15 64 307 27 138 743 3791 19 3 2 55 0 0 71 4 2198 2701 0 0 2 24 1 140 0 25 0 381 3 34 748 466 1 79 0 104 970 1548 617 725 2687 0 175 2 27 129 0 1 563
0 0 0 21 0 30 0 0 101 8 0 66 7 0 27 13 0 0 0 28 0 5 8 314 0 0 4 79 9 3 0 0 2 11 5 0 129 1823 35 357 4422 29 267 2138 19 1156 4 12 208 140 27 0 1 905 1694 22 433 2827 0 24 175 0 227 1730 0 2 10 503
0 0 0 0 0 2 0 0 6 0 0 1 1 0 1 1 0 0 0 0 1 2 0 29 0 0 0 8 2 2 0 0 0 1 1095 0 0 8 2 95 270 28 5 217 135 150 3 694 13 3 1 0 1 26 14 1 12 35 0 0 2 227 0 905 0 206 891 722
1 0 0 0 0 1 0 0 1 0 0 0 0 0 0 6 0 0 0 0 1 2 1 32 0 0 0 27 9 1 0 0 0 12 284 2 38 0 0 0 2126 24 3 1 18 0 1 229 4 16 271 2 55 0 1660 8 616 15 0 40 27 1730 905 0 0 0 248 1425
0 0 0 0 0 0 0 0 0 0 9 0 27 0 0 0 0 0 0 0 0 0 0 0 2 21 22 0 0 0 12 0 0 0 0 0 0 0 0 0 0 0 0 0 77 0 289 0 0 0 0 0 0 0 0 0 0 0 1 92 129 0 0 0 0 0 0 12
0 0 0 0 0 0 0 0 4 0 0 0 3 0 1 0 0 0 0 0 0 0 0 0 0 0 0 0 0 0 0 0 0 0 0 0 0 1 117 111 10 332 34 31 289 43 12 101 83 2 0 0 0 2 0 0 0 19 2 0 0 2 206 0 0 0 0 784
0 0 0 0 0 0 0 0 0 0 0 0 0 0 0 0 0 0 0 0 0 0 0 1 0 0 0 2 0 0 0 0 0 1 3 0 0 0 0 0 10 2 0 0 2 0 0 0 0 0 0 1 1 0 10 0 0 3 0 1 1 10 891 248 0 0 0 191
0 2 2 0 0 9 0 0 1 0 1 3 29 0 0 4 0 0 2 0 2 0 7 30 6 6 40 19 0 3 0 0 2 2 44 7 4 26 133 93 276 46 26 296 1385 146 148 110 61 8 1200 108 691 34 993 15 868 51 16 255 563 503 722 1425 12 784 191 0
