0 0 12 0 0 0 232 65 0 2 2 0 1 1510 1 0 30 2 5 0 1 0 2 0 0 40 15 0 875 158 0 1 1 12 0 0 0 0 0 0 0 0 0 0 0 0 0 0 0 0 0 0 0 0 1 0 0 0 0 0 0 2 0 0 0 0 0 0
0 0 0 0 1 0 0 0 16 1 0 0 140 0 9 1 1 0 1 0 0 227 0 58 625 9 1559 0 2 0 0 0 0 3 0 388 1 0 0 0 0 0 0 0 0 0 6 0 1 2 2 0 0 0 0 14 1 9 25 6 248 1 0 0 0 0 0 0
12 0 0 0 0 5 151 249 0 2 1 1 0 117 0 0 2032 0 4 0 15 0 2383 0 0 2172 3302 15 18 47 0 0 1 72 0 11 219 0 0 0 0 0 0 0 0 0 0 0 0 6 14 0 0 0 0 12 35 2 0 6 389 1 0 1 0 0 0 3
0 0 0 0 5 8 3 1 80 1115 0 457 0 0 34 0 0 0 0 2240 0 0 0 708 1 0 2 1968 5 0 0 0 1 10 0 0 0 85 0 7 0 0 30 21 0 101 0 0 2 0 0 0 0 168 0 0 0 55 0 0 0 44 0 0 0 0 0 0
0 1 0 5 0 233 1 4 73 3 51 28 25 0 794 5 0 1 1 3 23 6 30 14 0 0 7 19 0 0 0 254 0 240 0 0 0 0 10 20 0 0 0 1 0 7 0 0 11 0 0 0 0 0 0 0 0 2 0 0 0 0 0 0 0 0 0 2
0 0 5 8 233 0 485 2298 110 2677 28 3197 50 14 712 0 6 2 1 60 0 0 2 6 0 22 6 66 7 2 0 54 0 12 0 0 0 5 1 23 1 7 13 9 0 65 0 0 22 0 0 0 0 41 0 0 0 21 1 0 0 13 4 0 0 0 0 20
232 0 151 3 1 485 0 1020 6 2261 13 74 10 987 32 0 6 1 4 3 54 0 327 62 0 9 11 4660 292 730 0 1 12 86 0 0 0 0 0 0 0 0 1 0 0 3 1 0 1 0 0 0 0 0 0 0 1 2 0 0 0 1 0 0 0 0 0 1
65 0 249 1 4 2298 1020 0 9 671 14 187 8 2642 75 0 163 5 3 18 7 2 108 5 0 133 33 20 53 56 0 48 3 9 0 0 0 0 1 10 0 4 0 0 0 4 0 0 3 0 0 0 0 0 0 0 0 26 0 0 2 5 0 0 0 0 0 5
0 16 0 80 73 110 6 9 0 32 5 475 42 1 562 0 0 0 1 88 1 253 0 1786 36 5 227 120 5 0 1 25 1 26 0 2 0 17 1 0 1 1 147 14 0 43 3 0 5 1 0 0 1 12 0 13 0 52 1 0 4 12 4 1 0 0 0 3
2 1 2 1115 3 2677 2261 671 32 0 21 802 46 92 51 0 3 5 5 981 0 0 1 18 1 7 2 438 115 2 0 4 0 118 0 0 0 5 0 19 1 0 23 0 0 260 1 0 32 0 0 0 0 71 0 0 0 185 0 0 0 17 0 0 0 0 0 0
2 0 1 0 51 28 13 14 5 21 0 120 205 8 7 0 18 1252 294 7 3 0 1 2 22 918 16 2 80 2 25 222 0 1009 0 1 0 0 0 0 0 0 0 0 27 0 275 0 0 0 0 0 0 0 0 1 0 0 23 5 19 0 0 0 5 0 0 0
0 0 1 457 28 3197 74 187 475 802 120 0 70 13 434 0 1 14 13 2342 0 0 0 198 0 16 2 98 58 0 0 16 0 105 0 0 0 33 2 53 1 0 33 30 0 591 0 1 33 0 0 0 0 84 0 0 0 22 0 0 0 12 1 0 0 0 0 3
1 140 0 0 25 50 10 8 42 46 205 70 0 0 60 1 0 2 2 15 6 117 4 56 604 53 568 18 8 1 97 65 0 472 0 7 0 1 1 9 1 9 8 9 34 34 894 3 10 0 0 0 0 7 0 3 1 1 119 9 128 6 0 0 31 0 0 58
1510 0 117 0 0 14 987 2642 1 92 8 13 0 0 1 0 161 6 21 12 3 2 98 1 0 107 37 4 1732 430 0 56 1 28 0 0 0 0 0 1 0 0 0 0 0 0 0 0 0 0 0 0 0 0 0 2 0 0 0 0 3 1 0 0 0 0 0 0
1 9 0 34 794 712 32 75 562 51 7 434 60 1 0 9 0 1 0 27 60 29 23 111 5 3 113 111 5 7 0 17 3 9 0 0 0 5 4 14 0 2 6 19 0 44 1 2 35 7 0 0 0 23 1 0 0 23 0 0 0 9 3 0 0 0 0 15
0 1 0 0 5 0 0 0 0 0 0 0 1 0 9 0 0 0 0 0 432 850 658 452 0 0 1248 81 0 0 0 0 0 11 0 5 3 0 0 0 0 0 1 0 0 0 0 0 1 1108 0 0 0 0 28 69 361 68 0 0 102 17 0 4 0 0 0 2
30 1 2032 0 0 6 6 163 0 3 18 1 0 161 0 0 0 22 1059 0 62 1 1546 0 0 993 859 2 233 480 0 0 26 1304 0 9 35 0 0 0 0 0 0 0 0 0 0 0 0 5 3 0 1 0 0 0 7 0 0 3 147 0 0 1 0 0 0 0
2 0 0 0 1 2 1 5 0 5 1252 14 2 6 1 0 22 0 1154 0 0 0 2 0 0 311 3 0 21 1 0 12 1 83 0 1 1 0 0 0 0 0 0 0 0 0 5 0 0 0 0 0 0 0 0 0 0 0 0 3 5 0 0 0 2 0 0 0
5 1 4 0 1 1 4 3 1 5 294 13 2 21 0 0 1059 1154 0 0 8 1 12 1 0 1471 121 2 96 10 0 7 5 961 0 5 5 0 0 0 0 0 0 0 0 0 1 0 0 0 1 0 0 0 0 0 0 0 1 11 58 0 0 0 0 0 0 0
0 0 0 2240 3 60 3 18 88 981 7 2342 15 12 27 0 0 0 0 0 0 0 0 317 0 0 0 246 15 0 0 3 0 31 0 0 0 60 0 24 1 0 21 60 0 264 0 0 10 0 0 0 0 197 0 0 0 75 0 0 0 79 0 0 0 0 0 3
1 0 15 0 23 0 54 7 1 0 3 0 6 3 60 432 62 0 8 0 0 1 5288 4 0 3 26 1520 77 2545 0 0 51 1732 0 0 0 0 0 0 0 0 0 0 0 0 2 0 0 53 0 0 0 0 39 3 15 40 0 0 0 15 1 2 0 0 1 0
0 227 0 0 6 0 0 2 253 0 0 0 117 2 29 850 1 0 1 0 1 0 2 1180 148 5 656 7 0 0 0 2 0 3 0 22 2 0 0 0 0 0 9 0 0 0 5 0 0 90 0 0 0 0 2 180 5 21 6 4 135 7 0 0 0 0 0 0
2 0 2383 0 30 2 327 108 0 1 1 0 4 98 23 658 1546 2 12 0 5288 2 0 72 0 89 2855 686 57 701 0 0 6 1577 0 1 16 0 0 0 0 0 0 0 0 1 0 0 0 691 1 0 0 0 30 10 478 16 0 0 115 4 0 1 0 0 0 0
0 58 0 708 14 6 62 5 1786 18 2 198 56 1 111 452 0 0 1 317 4 1180 72 0 90 10 798 1127 16 1 0 1 7 56 1 5 1 32 0 7 2 3 117 27 0 13 1 0 8 128 0 0 0 38 32 30 7 541 0 0 12 240 11 1 0 0 0 17
0 625 0 1 0 0 0 0 36 1 22 0 604 0 5 0 0 0 0 0 0 148 0 90 0 6 850 1 0 0 5 0 0 5 0 8 1 0 0 1 0 0 3 0 9 0 119 0 0 0 0 0 0 0 0 2 0 0 190 5 118 0 0 0 4 0 0 10
40 9 2172 0 0 22 9 133 5 7 918 16 53 107 3 0 993 311 1471 0 3 5 89 10 6 0 2851 1 191 30 233 35 2 328 0 36 71 0 0 0 0 0 0 0 2 0 231 0 0 1 10 0 9 0 0 4 0 0 66 389 910 0 0 0 93 0 0 29
15 1559 3302 2 7 6 11 33 227 2 16 2 568 37 113 1248 859 3 121 0 26 656 2855 798 850 2851 0 111 70 11 42 6 4 1071 0 330 395 0 0 0 0 0 14 0 1 0 95 0 7 303 31 0 12 0 1 120 354 21 97 302 4243 3 0 0 20 0 0 47
0 0 15 1968 19 66 4660 20 120 438 2 98 18 4 111 81 2 0 2 246 1520 7 686 1127 1 1 111 0 120 970 0 4 36 340 2 0 0 21 0 15 4 0 43 3 0 136 1 1 6 43 0 0 0 198 25 7 3 265 0 0 3 160 6 4 0 0 0 10
875 2 18 5 0 7 292 53 5 115 80 58 8 1732 5 0 233 21 96 15 77 0 57 16 0 191 70 120 0 1347 0 103 1233 696 0 0 0 0 0 4 0 3 3 0 0 1 0 0 1 0 0 0 0 0 0 0 1 3 0 1 7 4 0 0 0 0 0 2
158 0 47 0 0 2 730 56 0 2 2 0 1 430 7 0 480 1 10 0 2545 0 701 1 0 30 11 970 1347 0 0 0 332 693 0 0 1 0 0 0 0 0 0 0 0 0 0 0 0 8 0 0 0 0 5 1 1 16 0 0 1 2 0 1 0 0 0 0
0 0 0 0 0 0 0 0 1 0 25 0 97 0 0 0 0 0 0 0 0 0 0 0 5 233 42 0 0 0 0 0 0 6 0 0 0 0 0 0 0 0 0 0 4 0 255 0 0 0 0 0 0 0 0 0 0 0 8 6 54 0 0 0 32 0 0 0
1 0 0 0 254 54 1 48 25 4 222 16 65 56 17 0 0 12 7 3 0 2 0 1 0 35 6 4 103 0 0 0 1 386 0 0 0 0 0 1 0 0 0 0 0 1 0 1 1 0 0 0 0 0 0 0 0 0 0 0 0 0 0 0 0 0 0 2
1 0 1 1 0 0 12 3 1 0 0 0 0 1 3 0 26 1 5 0 51 0 6 7 0 2 4 36 1233 332 0 1 0 666 0 1 0 0 0 0 0 0 1 0 0 0 0 0 0 0 0 0 0 0 1 0 0 3 0 0 1 3 0 0 0 0 0 0
12 3 72 10 240 12 86 9 26 118 1009 105 472 28 9 11 1304 83 961 31 1732 3 1577 56 5 328 1071 340 696 693 6 386 666 0 0 5 22 1 0 10 3 5 8 1 0 3 8 1 6 9 2 0 1 0 8 5 16 43 3 36 209 21 3 3 0 0 2 11
0 0 0 0 0 0 0 0 0 0 0 0 0 0 0 0 0 0 0 0 0 0 0 1 0 0 0 2 0 0 0 0 0 0 0 0 3 0 0 1 1010 44 0 8 3 0 0 974 0 0 4 2 2 1 0 0 0 0 0 24 19 3 747 247 0 0 2 12
0 388 11 0 0 0 0 0 2 0 1 0 7 0 0 5 9 1 5 0 0 22 1 5 8 36 330 0 0 0 0 0 1 5 0 0 4 0 0 1 0 1 43 0 0 0 30 3 8 10 1 0 1 0 0 284 0 112 498 5 1401 0 0 1 0 0 0 2
0 1 219 0 0 0 0 0 0 0 0 0 0 0 0 3 35 1 5 0 0 2 16 1 1 71 395 0 0 1 0 0 0 22 3 4 0 0 0 10 198 44 0 0 0 0 0 11 0 1 1032 0 21 0 7 0 2513 0 0 1285 3290 81 1 13 0 0 0 18
0 0 0 85 0 5 0 0 17 5 0 33 1 0 5 0 0 0 0 60 0 0 0 32 0 0 0 21 0 0 0 0 0 1 0 0 0 0 2 18 6 6 65 946 0 656 1 2 25 0 0 0 0 2912 0 0 0 873 0 0 1 1895 9 0 0 0 0 26
0 0 0 0 10 1 0 1 1 0 0 2 1 0 4 0 0 0 0 0 0 0 0 0 0 0 0 0 0 0 0 0 0 0 0 0 0 2 0 222 1 1 84 2 73 44 28 0 755 0 0 0 0 2 4 1 1 14 4 2 0 7 0 0 0 98 0 273
0 0 0 7 20 23 0 10 0 19 0 53 9 1 14 0 0 0 0 24 0 0 0 7 1 0 0 15 4 0 0 1 0 10 1 1 10 18 222 0 315 1776 64 2360 19 3591 4 61 630 0 4 1 3 152 0 1 7 22 1 14 14 165 29 1 0 20 0 72
0 0 0 0 0 1 0 0 1 1 0 1 1 0 0 0 0 0 0 1 0 0 0 2 0 0 0 4 0 0 0 0 0 3 1010 0 198 6 1 315 0 778 2 1723 5 26 0 1427 13 0 61 0 38 33 31 0 411 107 0 76 29 4347 130 943 0 0 1 63
0 0 0 0 0 7 0 4 1 0 0 0 9 0 2 0 0 0 0 0 0 0 0 3 0 0 0 0 3 0 0 0 0 5 44 1 44 6 1 1776 778 0 9 166 19 59 3 2004 6 0 12 2 2 7 1 0 15 1 0 37 8 11 18 28 1 319 0 75
0 0 0 30 0 13 1 0 147 23 0 33 8 0 6 1 0 0 0 21 0 9 0 117 3 0 14 43 3 0 0 0 1 8 0 43 0 65 84 64 2 9 0 19 0 272 22 5 622 0 0 0 0 75 0 203 0 2345 95 5 286 87 12 0 0 4 0 33
0 0 0 21 1 9 0 0 14 0 0 30 9 0 19 0 0 0 0 60 0 0 0 27 0 0 0 3 0 0 0 0 0 1 8 0 0 946 2 2360 1723 166 19 0 4 2013 1 161 27 0 0 1 1 1786 0 0 1 42 0 3 3 1013 105 0 0 0 2 146
0 0 0 0 0 0 0 0 0 0 27 0 34 0 0 0 0 0 0 0 0 0 0 0 9 2 1 0 0 0 4 0 0 0 3 0 0 0 73 19 5 19 0 4 0 29 376 112 4 0 4 875 342 2 0 0 2 1 80 729 15 2 250 17 14 338 0 831
0 0 0 101 7 65 3 4 43 260 0 591 34 0 44 0 0 0 0 264 0 0 1 13 0 0 0 136 1 0 0 1 0 3 0 0 0 656 44 3591 26 59 272 2013 29 0 0 47 905 0 0 6 3 2443 0 0 0 237 0 26 16 183 70 0 0 2 0 147
0 6 0 0 0 0 1 0 3 1 275 0 894 0 1 0 0 5 1 0 2 5 0 1 119 231 95 1 0 0 255 0 0 8 0 30 0 1 28 4 0 3 22 1 376 0 0 1 6 0 0 0 0 1 0 12 0 21 421 23 709 5 0 0 208 33 0 156
0 0 0 0 0 0 0 0 0 0 0 1 3 0 2 0 0 0 0 0 0 0 0 0 0 0 0 1 0 0 0 1 0 1 974 3 11 2 0 61 1427 2004 5 161 112 47 1 0 7 0 9 16 13 7 0 0 11 6 1 101 51 15 1189 211 6 49 0 105
0 1 0 2 11 22 1 3 5 32 0 33 10 0 35 1 0 0 0 10 0 0 0 8 0 0 7 6 1 0 0 1 0 6 0 8 0 25 755 630 13 6 622 27 4 905 6 7 0 13 0 0 0 32 67 23 23 146 7 12 118 93 5 4 0 9 1 39
0 2 6 0 0 0 0 0 1 0 0 0 0 0 7 1108 5 0 0 0 53 90 691 128 0 1 303 43 0 8 0 0 0 9 0 10 1 0 0 0 0 0 0 0 0 0 0 0 13 0 0 0 0 0 653 556 771 1030 1 0 1589 329 0 0 0 0 0 17
0 2 14 0 0 0 0 0 0 0 0 0 0 0 0 0 3 0 1 0 0 0 1 0 0 10 31 0 0 0 0 0 0 2 4 1 1032 0 0 4 61 12 0 0 4 0 0 9 0 0 0 1 1227 0 41 1 1285 0 0 378 407 5 0 195 0 0 0 601
0 0 0 0 0 0 0 0 0 0 0 0 0 0 0 0 0 0 0 0 0 0 0 0 0 0 0 0 0 0 0 0 0 0 2 0 0 0 0 1 0 2 0 1 875 6 0 16 0 0 1 0 629 0 0 0 0 0 0 76 2 0 3 6 0 9 1 34
0 0 0 0 0 0 0 0 1 0 0 0 0 0 0 0 1 0 0 0 0 0 0 0 0 9 12 0 0 0 0 0 0 1 2 1 21 0 0 3 38 2 0 1 342 3 0 13 0 0 1227 629 0 0 20 1 25 0 0 1345 70 4 7 180 0 0 1 815
0 0 0 168 0 41 0 0 12 71 0 84 7 0 23 0 0 0 0 197 0 0 0 38 0 0 0 198 0 0 0 0 0 0 1 0 0 2912 2 152 33 7 75 1786 2 2443 1 7 32 0 0 0 0 0 0 0 0 141 0 0 1 362 30 0 0 0 0 47
1 0 0 0 0 0 0 0 0 0 0 0 0 0 1 28 0 0 0 0 39 2 30 32 0 0 1 25 0 5 0 0 1 8 0 0 7 0 4 0 31 1 0 0 0 0 0 0 67 653 41 0 20 0 0 3 5127 74 1 4 12 1726 10 1718 0 0 4 968
0 14 12 0 0 0 0 0 13 0 1 0 3 2 0 69 0 0 0 0 3 180 10 30 2 4 120 7 0 1 0 0 0 5 0 284 0 0 1 1 0 0 203 0 0 0 12 0 23 556 1 0 1 0 3 0 3 779 108 1 1014 11 0 0 0 0 0 5
0 1 35 0 0 0 1 0 0 0 0 0 1 0 0 361 7 0 0 0 15 5 478 7 0 0 354 3 1 1 0 0 0 16 0 0 2513 0 1 7 411 15 0 1 2 0 0 11 23 771 1285 0 25 0 5127 3 0 26 0 97 1863 526 4 333 0 0 0 842
0 9 2 55 2 21 2 26 52 185 0 22 1 0 23 68 0 0 0 75 40 21 16 541 0 0 21 265 3 16 0 0 3 43 0 112 0 873 14 22 107 1 2345 42 1 237 21 6 146 1030 0 0 0 141 74 779 26 0 83 0 925 1773 46 2 0 2 9 69
0 25 0 0 0 1 0 0 1 0 23 0 119 0 0 0 0 0 1 0 0 6 0 0 190 66 97 0 0 0 8 0 0 3 0 498 0 0 4 1 0 0 95 0 80 0 421 1 7 1 0 0 0 0 1 108 0 83 0 2 516 0 0 0 1 10 0 47
0 6 6 0 0 0 0 0 0 0 5 0 9 0 0 0 3 3 11 0 0 4 0 0 5 389 302 0 1 0 6 0 0 36 24 5 1285 0 2 14 76 37 5 3 729 26 23 101 12 0 378 76 1345 0 4 1 97 0 2 0 2564 4 36 50 353 13 0 168
0 248 389 0 0 0 0 2 4 0 19 0 128 3 0 102 147 5 58 0 0 135 115 12 118 910 4243 3 7 1 54 0 1 209 19 1401 3290 1 0 14 29 8 286 3 15 16 709 51 118 1589 407 2 70 1 12 1014 1863 925 516 2564 0 151 14 61 103 1 2 527
2 1 1 44 0 13 1 5 12 17 0 12 6 1 9 17 0 0 0 79 15 7 4 240 0 0 3 160 4 2 0 0 3 21 3 0 81 1895 7 165 4347 11 87 1013 2 183 5 15 93 329 5 0 4 362 1726 11 526 1773 0 4 151 0 81 745 0 0 10 188
0 0 0 0 0 4 0 0 4 0 0 1 0 0 3 0 0 0 0 0 1 0 0 11 0 0 0 6 0 0 0 0 0 3 747 0 1 9 0 29 130 18 12 105 250 70 0 1189 5 0 0 3 7 30 10 0 4 46 0 36 14 81 0 879 1 59 1308 913
0 0 1 0 0 0 0 0 1 0 0 0 0 0 0 4 1 0 0 0 2 0 1 1 0 0 0 4 0 1 0 0 0 3 247 1 13 0 0 1 943 28 0 0 17 0 0 211 4 0 195 6 180 0 1718 0 333 2 0 50 61 745 879 0 0 0 165 989
0 0 0 0 0 0 0 0 0 0 5 0 31 0 0 0 0 2 0 0 0 0 0 0 4 93 20 0 0 0 32 0 0 0 0 0 0 0 0 0 0 1 0 0 14 0 208 6 0 0 0 0 0 0 0 0 0 0 1 353 103 0 1 0 0 0 0 7
0 0 0 0 0 0 0 0 0 0 0 0 0 0 0 0 0 0 0 0 0 0 0 0 0 0 0 0 0 0 0 0 0 0 0 0 0 0 98 20 0 319 4 0 338 2 33 49 9 0 0 9 0 0 0 0 0 2 10 13 1 0 59 0 0 0 0 230
0 0 0 0 0 0 0 0 0 0 0 0 0 0 0 0 0 0 0 0 1 0 0 0 0 0 0 0 0 0 0 0 0 2 2 0 0 0 0 0 1 0 0 2 0 0 0 0 1 0 0 1 1 0 4 0 0 9 0 0 2 10 1308 165 0 0 0 514
0 0 3 0 2 20 1 5 3 0 0 3 58 0 15 2 0 0 0 3 0 0 0 17 10 29 47 10 2 0 0 2 0 11 12 2 18 26 273 72 63 75 33 146 831 147 156 105 39 17 601 34 815 47 968 5 842 69 47 168 527 188 913 989 7 230 514 0
