0 0 22 0 0 3 406 184 1 9 2 0 0 1704 0 0 29 3 6 1 4 0 31 0 0 14 5 3 709 382 0 0 0 10 0 0 0 0 0 0 0 0 0 0 0 0 0 0 0 0 0 0 0 0 0 0 0 0 0 0 0 1 0 0 0 0 0 0
0 0 0 0 1 0 0 0 55 0 4 0 73 0 1 0 0 0 0 0 0 257 0 94 258 7 1504 0 1 0 1 0 0 2 0 89 8 0 0 0 0 0 0 0 0 0 1 0 0 1 2 0 1 0 0 6 0 0 4 19 287 0 0 0 0 0 0 1
22 0 0 0 0 1 40 245 0 0 0 0 0 117 1 8 665 0 12 0 91 0 3507 5 0 1969 2680 21 5 163 0 0 0 131 0 2 38 0 0 0 0 0 0 0 0 0 0 0 0 2 5 0 0 0 0 0 28 1 0 7 142 2 0 0 0 0 0 2
0 0 0 0 3 1 5 1 43 460 0 520 4 2 7 0 0 0 0 2318 0 0 0 806 0 0 1 1117 12 0 0 0 0 9 0 0 0 8 0 13 0 1 22 1 0 72 0 2 11 0 0 0 0 36 0 0 0 93 0 0 0 11 0 0 0 0 0 1
0 1 0 3 0 106 0 11 116 1 0 29 15 2 822 0 0 0 0 4 9 0 3 35 0 0 1 13 0 1 0 22 0 40 0 0 0 0 0 3 0 3 3 0 0 10 0 0 12 0 0 0 0 0 2 0 1 1 0 0 0 0 0 0 0 0 0 0
3 0 1 1 106 0 248 1490 17 2545 7 3221 11 55 590 0 1 1 2 70 0 0 1 21 0 3 0 168 38 0 0 1 0 35 1 0 0 0 1 12 0 0 4 0 0 67 1 0 6 0 0 0 0 10 0 0 0 20 0 0 0 15 0 0 0 0 0 4
406 0 40 5 0 248 0 676 2 1542 9 6 7 1238 4 0 4 0 7 18 133 0 25 80 0 5 2 4916 138 1791 0 0 6 73 0 0 0 1 0 0 0 1 9 1 0 33 0 0 0 1 0 0 0 3 0 0 0 11 0 0 0 4 0 0 0 0 0 3
184 0 245 1 11 1490 676 0 9 685 8 244 13 1781 41 0 133 0 5 20 21 0 135 2 0 95 7 31 81 80 0 189 0 39 0 0 0 0 0 0 0 0 0 0 0 2 0 0 1 0 0 0 0 0 0 0 0 0 0 0 0 0 0 0 0 0 0 0
1 55 0 43 116 17 2 9 0 4 7 368 45 2 334 0 1 0 1 36 1 350 0 1992 51 5 255 72 9 0 0 4 0 19 0 0 0 4 0 8 0 0 210 6 0 18 0 2 9 3 0 0 0 15 0 11 0 71 1 0 3 52 5 0 0 0 1 2
9 0 0 460 1 2545 1542 685 4 0 6 1354 30 526 7 0 0 0 1 1559 0 0 0 18 0 0 0 1561 86 0 0 0 0 90 0 0 0 0 0 1 0 0 6 0 0 73 0 0 5 0 0 0 0 5 0 0 0 64 0 0 0 3 0 0 0 0 0 0
2 4 0 0 0 7 9 8 7 6 0 35 465 22 1 0 1 1358 197 9 0 4 0 2 8 834 19 2 174 0 141 3 0 477 0 1 0 0 0 0 0 0 0 0 15 0 316 0 0 0 0 0 0 0 0 1 0 0 47 17 61 0 0 0 22 0 0 0
0 0 0 520 29 3221 6 244 368 1354 35 0 56 116 342 0 2 4 11 1297 0 0 0 642 0 4 1 101 96 0 0 1 0 164 0 0 0 7 8 50 0 4 25 9 0 538 1 1 49 0 0 0 0 76 0 0 0 47 0 0 0 29 1 0 0 0 0 6
0 73 0 4 15 11 7 13 45 30 465 56 0 2 32 0 0 7 2 34 3 38 0 12 984 47 322 8 69 0 204 35 0 502 0 4 0 0 12 6 0 4 5 3 10 33 378 4 22 0 0 0 0 8 0 0 0 3 166 10 212 4 0 0 24 12 0 325
1704 0 117 2 2 55 1238 1781 2 526 22 116 2 0 1 0 149 0 21 55 14 0 136 4 0 36 11 35 1639 415 4 11 0 60 0 0 0 0 0 1 0 0 2 0 0 7 0 0 1 0 0 0 0 0 0 1 0 1 0 0 0 0 0 0 0 0 0 0
0 1 1 7 822 590 4 41 334 7 1 342 32 1 0 0 0 0 0 7 19 4 0 162 1 0 14 77 4 0 0 12 0 16 0 0 0 3 7 13 0 3 10 7 0 52 1 1 15 1 0 0 0 39 0 2 1 10 0 0 0 12 1 0 0 0 0 1
0 0 8 0 0 0 0 0 0 0 0 0 0 0 0 0 1 0 0 0 542 619 800 1036 0 1 1098 60 0 0 0 0 0 6 4 0 2 0 0 0 0 0 0 0 0 0 0 0 0 854 0 0 0 0 12 68 290 84 0 0 33 31 4 2 0 0 0 8
29 0 665 0 0 1 4 133 1 0 1 2 0 149 0 1 0 8 617 0 34 0 779 1 0 749 331 6 159 104 0 0 3 1325 0 0 11 0 0 0 0 0 1 0 0 0 0 0 0 1 0 0 0 0 0 0 0 0 0 7 54 0 0 0 0 0 0 1
3 0 0 0 0 1 0 0 0 0 1358 4 7 0 0 0 8 0 618 0 0 0 0 0 0 321 7 0 17 0 4 0 0 73 0 0 0 0 0 0 0 0 0 0 0 0 0 0 0 0 0 0 0 0 0 0 0 0 0 1 1 0 0 0 0 0 0 0
6 0 12 0 0 2 7 5 1 1 197 11 2 21 0 0 617 618 0 1 5 0 4 3 0 1689 93 2 100 8 1 0 0 522 0 1 0 0 0 0 0 0 0 0 0 0 0 0 0 0 0 0 0 0 0 0 0 0 0 5 17 0 0 0 0 0 0 1
1 0 0 2318 4 70 18 20 36 1559 9 1297 34 55 7 0 0 0 1 0 0 0 0 243 0 0 0 462 49 0 0 0 0 45 0 0 0 19 1 31 0 1 11 1 0 254 1 0 42 0 0 0 0 118 0 0 0 151 0 0 0 99 0 0 0 0 0 0
4 0 91 0 9 0 133 21 1 0 0 0 3 14 19 542 34 0 5 0 0 0 5519 7 0 1 4 958 35 3136 0 0 15 1404 0 0 0 0 0 0 0 0 0 0 0 0 0 0 0 24 0 0 0 0 0 0 2 17 0 0 1 18 1 3 0 0 3 2
0 257 0 0 0 0 0 0 350 0 4 0 38 0 4 619 0 0 0 0 0 0 0 691 78 4 824 1 0 0 0 0 0 0 0 12 2 0 0 0 0 0 0 0 0 0 1 0 0 41 0 0 0 0 0 143 5 24 1 2 37 2 1 0 0 0 0 0
31 0 3507 0 3 1 25 135 0 0 0 0 0 136 0 800 779 0 4 0 5519 0 0 89 0 45 1414 253 42 740 0 0 2 1745 0 1 7 0 0 0 0 0 0 0 0 0 0 0 0 183 0 0 0 0 1 3 258 2 0 0 181 5 0 0 0 0 0 4
0 94 5 806 35 21 80 2 1992 18 2 642 12 4 162 1036 1 0 3 243 7 691 89 0 57 2 596 1466 13 2 0 0 1 50 4 0 0 21 0 30 2 1 120 20 0 103 0 0 8 52 0 0 0 85 1 50 5 418 0 0 11 255 21 9 0 0 5 34
0 258 0 0 0 0 0 0 51 0 8 0 984 0 1 0 0 0 0 0 0 78 0 57 0 8 900 0 0 0 10 0 0 0 0 46 0 0 1 0 0 0 0 0 1 0 148 0 0 0 0 0 0 0 0 0 0 0 202 1 154 0 0 0 3 0 0 4
14 7 1969 0 0 3 5 95 5 0 834 4 47 36 0 1 749 321 1689 0 1 4 45 2 8 0 3444 1 56 16 103 0 2 171 0 22 17 0 0 0 0 0 0 0 1 0 117 0 0 1 1 1 3 0 0 1 0 0 32 235 699 0 0 0 25 0 0 3
5 1504 2680 1 1 0 2 7 255 0 19 1 322 11 14 1098 331 7 93 0 4 824 1414 596 900 3444 0 49 36 6 144 0 3 590 0 139 254 0 0 0 0 0 1 0 0 0 42 0 0 460 32 0 10 0 1 112 387 7 81 397 4504 0 0 0 4 0 0 27
3 0 21 1117 13 168 4916 31 72 1561 2 101 8 35 77 60 6 0 2 462 958 1 253 1466 0 1 49 0 98 1663 0 0 19 315 2 0 0 8 0 16 0 0 39 1 0 96 0 0 9 15 0 0 0 34 1 3 6 234 0 0 5 98 9 1 0 0 4 10
709 1 5 12 0 38 138 81 9 86 174 96 69 1639 4 0 159 17 100 49 35 0 42 13 0 56 36 98 0 1250 3 100 556 924 0 0 0 0 0 0 0 1 1 0 0 6 0 0 0 1 0 0 0 0 0 3 0 23 0 0 0 22 3 0 0 0 0 6
382 0 163 0 1 0 1791 80 0 0 0 0 0 415 0 0 104 0 8 0 3136 0 740 2 0 16 6 1663 1250 0 0 0 192 748 0 0 0 0 0 0 0 0 0 0 0 0 0 0 0 3 0 0 0 0 0 1 0 6 0 0 0 6 0 0 0 0 0 1
0 1 0 0 0 0 0 0 0 0 141 0 204 4 0 0 0 4 1 0 0 0 0 0 10 103 144 0 3 0 0 0 0 1 0 0 0 0 0 0 0 0 0 0 0 0 27 0 0 0 0 0 0 0 0 0 0 0 14 18 93 0 0 0 9 0 0 0
0 0 0 0 22 1 0 189 4 0 3 1 35 11 12 0 0 0 0 0 0 0 0 0 0 0 0 0 100 0 0 0 0 358 0 0 0 0 0 0 0 0 0 0 0 0 0 0 0 0 0 0 0 0 0 0 0 0 0 0 0 0 0 0 0 0 0 0
0 0 0 0 0 0 6 0 0 0 0 0 0 0 0 0 3 0 0 0 15 0 2 1 0 2 3 19 556 192 0 0 0 335 0 0 0 0 0 0 0 0 0 0 0 0 0 0 0 0 0 0 0 0 0 0 0 3 0 0 0 10 0 1 0 0 0 1
10 2 131 9 40 35 73 39 19 90 477 164 502 60 16 6 1325 73 522 45 1404 0 1745 50 0 171 590 315 924 748 1 358 335 0 0 2 12 0 0 2 0 1 3 0 0 37 4 0 2 8 0 0 0 0 6 3 12 38 1 11 89 34 3 3 0 1 2 13
0 0 0 0 0 1 0 0 0 0 0 0 0 0 0 4 0 0 0 0 0 0 0 4 0 0 0 2 0 0 0 0 0 0 0 0 21 0 0 7 1198 171 4 12 3 2 0 1451 1 0 15 4 10 4 4 0 8 1 0 90 2 17 911 312 0 0 3 23
0 89 2 0 0 0 0 0 0 0 1 0 4 0 0 0 0 0 1 0 0 12 1 0 46 22 139 0 0 0 0 0 0 2 0 0 0 0 1 0 0 0 79 0 0 0 20 0 5 3 5 0 0 0 1 409 0 25 380 12 1577 1 0 0 0 0 0 1
0 8 38 0 0 0 0 0 0 0 0 0 0 0 0 2 11 0 0 0 0 2 7 0 0 17 254 0 0 0 0 0 0 12 21 0 0 0 0 5 272 78 0 1 0 0 0 118 0 0 337 1 1 0 25 0 1590 0 0 1729 1644 46 0 38 0 0 0 44
0 0 0 8 0 0 1 0 4 0 0 7 0 0 3 0 0 0 0 19 0 0 0 21 0 0 0 8 0 0 0 0 0 0 0 0 0 0 0 19 0 4 18 873 0 369 0 4 4 0 0 0 0 2918 0 0 0 800 0 0 0 1749 7 0 0 0 0 20
0 0 0 0 0 1 0 0 0 0 0 8 12 0 7 0 0 0 0 1 0 0 0 0 1 0 0 0 0 0 0 0 0 0 0 1 0 0 0 410 0 4 134 1 18 47 19 0 867 0 0 0 0 1 1 6 3 26 0 0 0 14 0 0 0 79 0 151
0 0 0 13 3 12 0 0 8 1 0 50 6 1 13 0 0 0 0 31 0 0 0 30 0 0 0 16 0 0 0 0 0 2 7 0 5 19 410 0 67 1955 29 1708 9 2110 1 38 599 0 0 2 0 55 0 1 0 18 0 5 0 304 18 0 1 1 0 49
0 0 0 0 0 0 0 0 0 0 0 0 0 0 0 0 0 0 0 0 0 0 0 2 0 0 0 0 0 0 0 0 0 0 1198 0 272 0 0 67 0 605 2 1000 6 39 4 1699 10 0 119 2 19 1 109 0 221 102 0 166 10 4214 157 2554 0 0 9 78
0 0 0 1 3 0 1 0 0 0 0 4 4 0 3 0 0 0 0 1 0 0 0 1 0 0 0 0 1 0 0 0 0 1 171 0 78 4 4 1955 605 0 27 389 16 258 3 2833 78 0 3 4 2 27 3 0 26 14 1 44 1 140 26 11 4 267 0 67
0 0 0 22 3 4 9 0 210 6 0 25 5 2 10 0 1 0 0 11 0 0 0 120 0 0 1 39 1 0 0 0 0 3 4 79 0 18 134 29 2 27 0 19 1 387 26 20 519 0 0 0 1 28 0 696 0 1982 107 1 310 173 7 0 0 9 0 36
0 0 0 1 0 0 1 0 6 0 0 9 3 0 7 0 0 0 0 1 0 0 0 20 0 0 0 1 0 0 0 0 0 0 12 0 1 873 1 1708 1000 389 19 0 15 1893 2 718 18 0 0 0 1 982 0 0 0 52 0 0 0 2374 83 2 0 1 0 146
0 0 0 0 0 0 0 0 0 0 15 0 10 0 0 0 0 0 0 0 0 0 0 0 1 1 0 0 0 0 0 0 0 0 3 0 0 0 18 9 6 16 1 15 0 27 1062 48 4 0 0 1312 46 6 0 1 0 7 19 1063 3 5 298 5 76 153 0 899
0 0 0 72 10 67 33 2 18 73 0 538 33 7 52 0 0 0 0 254 0 0 0 103 0 0 0 96 6 0 0 0 0 37 2 0 0 369 47 2110 39 258 387 1893 27 0 6 116 692 0 0 6 4 1953 0 1 0 550 0 18 0 627 78 0 1 4 0 163
0 1 0 0 0 1 0 0 0 0 316 1 378 0 1 0 0 0 0 1 0 1 0 0 148 117 42 0 0 0 27 0 0 4 0 20 0 0 19 1 4 3 26 2 1062 6 0 7 17 0 0 0 0 6 3 11 0 3 770 38 701 15 27 0 337 93 0 219
0 0 0 2 0 0 0 0 2 0 0 1 4 0 1 0 0 0 0 0 0 0 0 0 0 0 0 0 0 0 0 0 0 0 1451 0 118 4 0 38 1699 2833 20 718 48 116 7 0 10 0 23 3 10 31 4 0 32 8 1 158 2 61 1327 52 2 61 1 115
0 0 0 11 12 6 0 1 9 5 0 49 22 1 15 0 0 0 0 42 0 0 0 8 0 0 0 9 0 0 0 0 0 2 1 5 0 4 867 599 10 78 519 18 4 692 17 10 0 0 0 1 0 13 6 18 2 91 1 1 10 93 7 1 0 3 0 26
0 1 2 0 0 0 1 0 3 0 0 0 0 0 1 854 1 0 0 0 24 41 183 52 0 1 460 15 1 3 0 0 0 8 0 3 0 0 0 0 0 0 0 0 0 0 0 0 0 0 0 0 0 0 224 1356 941 1194 0 2 1362 511 0 2 0 0 1 10
0 2 5 0 0 0 0 0 0 0 0 0 0 0 0 0 0 0 0 0 0 0 0 0 0 1 32 0 0 0 0 0 0 0 15 5 337 0 0 0 119 3 0 0 0 0 0 23 0 0 0 1 226 0 10 1 859 1 0 1070 323 19 22 257 0 0 0 937
0 0 0 0 0 0 0 0 0 0 0 0 0 0 0 0 0 0 0 0 0 0 0 0 0 1 0 0 0 0 0 0 0 0 4 0 1 0 0 2 2 4 0 0 1312 6 0 3 1 0 1 0 411 0 1 0 2 0 0 405 0 0 5 5 0 1 0 34
0 1 0 0 0 0 0 0 0 0 0 0 0 0 0 0 0 0 0 0 0 0 0 0 0 3 10 0 0 0 0 0 0 0 10 0 1 0 0 0 19 2 1 1 46 4 0 10 0 0 226 411 0 1 9 0 13 2 0 1826 33 5 14 108 0 0 1 662
0 0 0 36 0 10 3 0 15 5 0 76 8 0 39 0 0 0 0 118 0 0 0 85 0 0 0 34 0 0 0 0 0 0 4 0 0 2918 1 55 1 27 28 982 6 1953 6 31 13 0 0 0 1 0 0 0 0 209 0 0 0 499 48 0 0 0 0 63
0 0 0 0 2 0 0 0 0 0 0 0 0 0 0 12 0 0 0 0 0 0 1 1 0 0 1 1 0 0 0 0 0 6 4 1 25 0 1 0 109 3 0 0 0 0 3 4 6 224 10 1 9 0 0 0 4529 10 0 4 10 1489 6 2935 0 0 0 963
0 6 0 0 0 0 0 0 11 0 1 0 0 1 2 68 0 0 0 0 0 143 3 50 0 1 112 3 3 1 0 0 0 3 0 409 0 0 6 1 0 0 696 0 1 1 11 0 18 1356 1 0 0 0 0 0 5 857 88 2 1230 7 0 0 0 0 0 4
0 0 28 0 1 0 0 0 0 0 0 0 0 0 1 290 0 0 0 0 2 5 258 5 0 0 387 6 0 0 0 0 0 12 8 0 1590 0 3 0 221 26 0 0 0 0 0 32 2 941 859 2 13 0 4529 5 0 7 0 242 1894 417 2 487 0 0 0 1087
0 0 1 93 1 20 11 0 71 64 0 47 3 1 10 84 0 0 0 151 17 24 2 418 0 0 7 234 23 6 0 0 3 38 1 25 0 800 26 18 102 14 1982 52 7 550 3 8 91 1194 1 0 2 209 10 857 7 0 3 1 305 1964 44 11 0 0 4 53
0 4 0 0 0 0 0 0 1 0 47 0 166 0 0 0 0 0 0 0 0 1 0 0 202 32 81 0 0 0 14 0 0 1 0 380 0 0 0 0 0 1 107 0 19 0 770 1 1 0 0 0 0 0 0 88 0 3 0 1 957 0 1 0 0 8 0 5
0 19 7 0 0 0 0 0 0 0 17 0 10 0 0 0 7 1 5 0 0 2 0 0 1 235 397 0 0 0 18 0 0 11 90 12 1729 0 0 5 166 44 1 0 1063 18 38 158 1 2 1070 405 1826 0 4 2 242 1 1 0 2326 9 29 104 149 9 0 240
0 287 142 0 0 0 0 0 3 0 61 0 212 0 0 33 54 1 17 0 1 37 181 11 154 699 4504 5 0 0 93 0 0 89 2 1577 1644 0 0 0 10 1 310 0 3 0 701 2 10 1362 323 0 33 0 10 1230 1894 305 957 2326 0 177 2 5 86 0 0 292
1 0 2 11 0 15 4 0 52 3 0 29 4 0 12 31 0 0 0 99 18 2 5 255 0 0 0 98 22 6 0 0 10 34 17 1 46 1749 14 304 4214 140 173 2374 5 627 15 61 93 511 19 0 5 499 1489 7 417 1964 0 9 177 0 176 1746 0 1 25 373
0 0 0 0 0 0 0 0 5 0 0 1 0 0 1 4 0 0 0 0 1 1 0 21 0 0 0 9 3 0 0 0 0 3 911 0 0 7 0 18 157 26 7 83 298 78 27 1327 7 0 22 5 14 48 6 0 2 44 1 29 2 176 0 822 15 44 687 1309
0 0 0 0 0 0 0 0 0 0 0 0 0 0 0 2 0 0 0 0 3 0 0 9 0 0 0 1 0 0 0 0 1 3 312 0 38 0 0 0 2554 11 0 2 5 0 0 52 1 2 257 5 108 0 2935 0 487 11 0 104 5 1746 822 0 0 0 145 1033
0 0 0 0 0 0 0 0 0 0 22 0 24 0 0 0 0 0 0 0 0 0 0 0 3 25 4 0 0 0 9 0 0 0 0 0 0 0 0 1 0 4 0 0 76 1 337 2 0 0 0 0 0 0 0 0 0 0 0 149 86 0 15 0 0 10 0 30
0 0 0 0 0 0 0 0 0 0 0 0 12 0 0 0 0 0 0 0 0 0 0 0 0 0 0 0 0 0 0 0 0 1 0 0 0 0 79 1 0 267 9 1 153 4 93 61 3 0 0 1 0 0 0 0 0 0 8 9 0 1 44 0 10 0 0 476
0 0 0 0 0 0 0 0 1 0 0 0 0 0 0 0 0 0 0 0 3 0 0 5 0 0 0 4 0 0 0 0 0 2 3 0 0 0 0 0 9 0 0 0 0 0 0 1 0 1 0 0 1 0 0 0 0 4 0 0 0 25 687 145 0 0 0 199
0 1 2 1 0 4 3 0 2 0 0 6 325 0 1 8 1 0 1 0 2 0 4 34 4 3 27 10 6 1 0 0 1 13 23 1 44 20 151 49 78 67 36 146 899 163 219 115 26 10 937 34 662 63 963 4 1087 53 5 240 292 373 1309 1033 30 476 199 0
