0 0 88 1 0 10 569 133 3 40 14 3 1 1285 0 0 28 14 7 5 5 0 61 5 0 45 19 15 1058 543 0 1 1 15 0 0 0 0 0 0 0 0 3 0 0 1 0 0 0 0 0 0 0 0 0 0 0 6 0 0 0 1 0 0 0 0 0 0
0 0 0 0 0 0 3 0 61 0 11 1 82 0 19 7 1 1 1 0 1 289 1 61 475 9 1417 2 1 0 2 0 0 2 0 152 1 0 0 0 0 0 0 0 0 0 2 0 0 1 1 0 0 0 0 39 0 2 11 7 255 0 0 0 0 0 0 0
88 0 0 0 0 1 566 124 0 4 0 0 0 203 0 1 705 1 18 1 115 0 3244 5 0 1625 2390 159 8 139 0 0 1 124 0 1 44 0 0 0 0 0 0 0 0 0 0 0 0 7 3 0 0 0 0 1 7 0 0 4 161 0 0 0 0 0 0 3
1 0 0 0 0 11 1 4 43 949 0 564 4 4 8 0 0 0 0 1901 0 0 0 572 0 0 0 1399 28 0 0 0 1 31 0 0 0 84 0 2 0 0 26 0 0 39 0 0 8 0 0 0 0 24 0 1 0 89 0 0 0 19 0 0 0 0 0 0
0 0 0 0 0 500 3 15 71 3 8 58 25 0 819 2 0 0 0 2 19 1 25 13 0 0 0 11 0 0 0 110 0 231 0 0 0 0 2 1 0 0 2 1 0 7 0 0 4 0 0 0 0 0 0 1 0 0 0 0 0 0 0 0 0 0 0 0
10 0 1 11 500 0 398 3256 12 3728 18 3237 7 55 418 0 0 5 2 128 2 0 4 13 0 4 2 141 75 3 1 10 0 49 0 0 0 1 4 6 0 0 3 1 0 33 0 1 3 0 0 0 0 1 0 0 0 27 0 0 0 6 0 0 0 0 0 1
569 3 566 1 3 398 0 464 2 1812 6 14 4 882 5 1 11 0 1 6 109 1 207 16 0 51 28 3277 139 1635 0 1 7 78 1 0 1 2 0 0 0 0 4 0 0 3 0 0 0 1 0 0 0 1 0 1 0 10 0 0 0 14 0 0 0 0 0 0
133 0 124 4 15 3256 464 0 8 884 12 116 10 2314 7 0 45 7 3 12 4 0 58 5 0 14 4 48 123 57 1 344 3 27 0 0 0 0 1 0 0 0 3 0 0 7 0 0 1 1 0 0 0 1 0 1 0 10 0 0 0 2 0 0 0 0 0 0
3 61 0 43 71 12 2 8 0 10 7 374 15 2 513 0 0 0 0 23 0 341 0 2033 92 2 251 79 7 0 0 3 0 10 0 1 0 20 0 1 3 0 201 14 1 22 0 2 4 7 0 0 0 11 9 17 1 152 0 0 4 45 2 2 0 0 1 0
40 0 4 949 3 3728 1812 884 10 0 0 461 17 329 16 0 0 0 0 1112 0 0 0 25 0 0 0 1308 167 1 0 0 0 236 0 0 0 1 0 0 0 0 31 0 0 27 0 0 2 0 0 0 0 2 0 0 0 77 0 0 0 1 0 0 0 0 0 0
14 11 0 0 8 18 6 12 7 0 0 51 592 28 4 0 110 1628 345 9 1 2 3 3 58 528 52 0 198 1 123 74 0 940 0 1 0 0 0 0 0 0 0 0 14 0 114 0 0 0 0 0 0 0 0 1 0 0 15 1 15 0 0 0 11 1 0 0
3 1 0 564 58 3237 14 116 374 461 51 0 12 89 614 0 0 7 4 1496 0 1 0 541 0 5 5 171 87 0 0 1 0 122 0 0 0 59 3 19 0 1 34 11 0 370 0 0 16 1 0 0 0 30 0 0 0 56 0 0 0 32 0 0 0 0 0 1
1 82 0 4 25 7 4 10 15 17 592 12 0 1 14 0 0 1 0 12 0 24 7 2 908 40 183 5 36 0 362 41 0 425 0 8 0 0 5 3 0 0 1 0 132 3 399 1 6 0 0 0 0 0 0 0 0 0 215 0 13 0 1 0 18 6 0 46
1285 0 203 4 0 55 882 2314 2 329 28 89 1 0 2 0 97 10 5 26 9 0 150 6 0 53 19 26 1236 311 1 54 0 45 0 0 0 0 0 0 0 0 5 0 0 0 0 0 0 0 0 0 0 0 0 2 0 9 0 0 0 1 0 0 0 0 0 2
0 19 0 8 819 418 5 7 513 16 4 614 14 2 0 0 0 0 0 4 5 19 0 113 0 0 28 58 6 0 0 12 0 5 0 0 0 10 2 5 0 0 12 7 1 26 1 0 1 6 0 0 0 10 2 3 1 21 0 0 3 13 0 0 0 0 0 1
0 7 1 0 2 0 1 0 0 0 0 0 0 0 0 0 5 0 0 0 508 626 726 513 0 2 978 69 0 0 0 0 0 8 0 2 1 0 0 0 0 0 0 0 0 0 0 0 0 535 0 0 0 0 6 78 97 26 0 1 139 6 0 5 0 0 0 1
28 1 705 0 0 0 11 45 0 0 110 0 0 97 0 5 0 77 914 0 8 1 1103 2 0 966 461 8 89 75 0 0 4 1089 0 3 2 0 0 0 0 0 0 0 0 0 0 0 0 0 0 0 0 0 0 0 0 0 0 3 18 0 0 0 0 0 0 0
14 1 1 0 0 5 0 7 0 0 1628 7 1 10 0 0 77 0 597 0 0 0 3 0 0 775 8 0 46 1 3 2 0 143 0 0 0 0 0 0 0 0 0 0 0 0 0 0 0 0 0 0 0 0 0 0 0 0 0 0 3 0 0 0 0 0 0 0
7 1 18 0 0 2 1 3 0 0 345 4 0 5 0 0 914 597 0 1 1 0 9 0 0 1095 114 0 30 4 0 0 2 202 0 0 0 0 0 0 0 0 0 0 1 0 0 0 0 0 0 0 0 0 0 0 0 0 0 1 8 0 0 0 0 0 0 0
5 0 1 1901 2 128 6 12 23 1112 9 1496 12 26 4 0 0 0 1 0 0 0 0 134 0 0 0 239 31 0 0 0 0 25 0 0 0 9 1 4 0 2 10 0 0 79 0 0 6 0 0 0 0 67 0 0 0 88 0 0 0 75 0 0 0 0 0 0
5 1 115 0 19 2 109 4 0 0 1 0 0 9 5 508 8 0 1 0 0 2 5274 15 0 5 37 1744 26 2639 0 0 13 1180 0 0 0 0 0 0 0 0 0 0 0 0 0 0 0 12 0 0 0 0 4 4 1 1 0 0 0 2 0 2 0 0 0 0
0 289 0 0 1 0 1 0 341 0 2 1 24 0 19 626 1 0 0 0 2 0 0 1193 113 2 523 17 0 0 0 0 0 6 1 13 2 0 0 0 1 0 7 0 0 0 0 0 0 89 0 0 0 0 6 229 5 23 6 2 100 8 0 0 0 0 0 1
61 1 3244 0 25 4 207 58 0 0 3 0 7 150 0 726 1103 3 9 0 5274 0 0 52 0 79 2340 425 123 696 0 0 6 1641 0 0 8 0 0 0 0 0 0 0 0 0 2 0 0 119 0 0 0 0 1 5 40 0 0 1 110 2 0 0 0 0 0 0
5 61 5 572 13 13 16 5 2033 25 3 541 2 6 113 513 2 0 0 134 15 1193 52 0 25 3 285 1250 20 8 0 0 3 46 0 11 0 107 0 4 1 2 109 16 0 52 0 1 1 76 0 0 0 40 15 39 2 532 0 0 18 217 5 7 0 0 0 27
0 475 0 0 0 0 0 0 92 0 58 0 908 0 0 0 0 0 0 0 0 113 0 25 0 6 1333 0 5 0 13 6 0 4 0 23 0 0 0 0 0 0 3 0 19 0 271 0 0 0 0 0 0 0 0 6 0 0 326 2 178 0 0 0 17 2 0 3
45 9 1625 0 0 4 51 14 2 0 528 5 40 53 0 2 966 775 1095 0 5 2 79 3 6 0 3699 13 85 16 466 4 2 346 0 14 4 0 0 0 0 0 0 0 2 0 70 0 0 0 1 0 0 0 0 0 0 0 6 81 417 0 0 0 21 0 0 3
19 1417 2390 0 0 2 28 4 251 0 52 5 183 19 28 978 461 8 114 0 37 523 2340 285 1333 3699 0 180 80 2 174 0 4 979 0 314 127 0 0 0 1 0 13 0 5 0 186 0 0 159 16 0 1 0 0 57 74 15 106 311 4508 0 0 0 36 0 0 16
15 2 159 1399 11 141 3277 48 79 1308 0 171 5 26 58 69 8 0 0 239 1744 17 425 1250 0 13 180 0 253 1946 0 1 73 304 1 6 1 3 0 0 0 1 59 0 0 82 0 0 3 22 0 0 0 13 8 3 1 251 0 0 3 43 1 2 0 0 0 10
1058 1 8 28 0 75 139 123 7 167 198 87 36 1236 6 0 89 46 30 31 26 0 123 20 5 85 80 253 0 1519 5 81 872 808 0 0 0 0 0 0 0 0 5 0 0 0 0 0 0 2 0 0 0 0 1 0 0 9 1 0 2 7 0 0 0 0 0 3
543 0 139 0 0 3 1635 57 0 1 1 0 0 311 0 0 75 1 4 0 2639 0 696 8 0 16 2 1946 1519 0 0 0 247 547 0 0 0 0 0 0 0 0 0 0 0 0 0 0 0 1 0 0 0 0 1 0 0 3 0 0 1 1 0 0 0 0 0 0
0 2 0 0 0 1 0 1 0 0 123 0 362 1 0 0 0 3 0 0 0 0 0 0 13 466 174 0 5 0 0 1 0 8 0 0 0 0 0 0 0 0 0 0 2 0 125 0 0 0 0 0 0 0 0 0 0 0 15 5 28 0 0 0 20 0 0 0
1 0 0 0 110 10 1 344 3 0 74 1 41 54 12 0 0 2 0 0 0 0 0 0 6 4 0 1 81 0 1 0 0 340 0 0 0 0 0 0 0 0 0 0 0 0 0 0 0 0 0 0 0 0 0 0 0 0 0 0 0 0 0 0 0 0 0 0
1 0 1 1 0 0 7 3 0 0 0 0 0 0 0 0 4 0 2 0 13 0 6 3 0 2 4 73 872 247 0 0 0 439 0 0 0 0 0 0 0 0 0 0 0 0 0 0 0 0 0 0 0 0 0 0 0 0 0 0 0 0 0 0 0 0 0 0
15 2 124 31 231 49 78 27 10 236 940 122 425 45 5 8 1089 143 202 25 1180 6 1641 46 4 346 979 304 808 547 8 340 439 0 0 2 9 0 0 0 0 0 3 0 0 1 5 1 3 9 0 0 0 0 3 0 11 30 4 5 93 18 1 1 0 0 0 0
0 0 0 0 0 0 1 0 0 0 0 0 0 0 0 0 0 0 0 0 0 1 0 0 0 0 0 1 0 0 0 0 0 0 0 1 14 0 0 17 495 109 0 35 6 1 0 1174 1 0 12 4 21 4 3 0 2 0 0 42 15 16 729 210 0 0 0 28
0 152 1 0 0 0 0 0 1 0 1 0 8 0 0 2 3 0 0 0 0 13 0 11 23 14 314 6 0 0 0 0 0 2 1 0 8 0 0 0 1 0 75 0 0 0 3 0 6 1 5 0 0 0 0 239 3 45 329 12 1188 1 0 0 0 0 0 3
0 1 44 0 0 0 1 0 0 0 0 0 0 0 0 1 2 0 0 0 0 2 8 0 0 4 127 1 0 0 0 0 0 9 14 8 0 0 0 7 488 37 0 0 0 3 0 46 0 2 1124 0 2 0 91 0 1672 4 0 1268 2239 102 1 27 0 0 0 5
0 0 0 84 0 1 2 0 20 1 0 59 0 0 10 0 0 0 0 9 0 0 0 107 0 0 0 3 0 0 0 0 0 0 0 0 0 0 1 23 1 0 52 764 2 866 0 4 8 0 0 0 0 2276 0 0 0 819 0 0 0 909 10 0 0 0 0 17
0 0 0 0 2 4 0 1 0 0 0 3 5 0 2 0 0 0 0 1 0 0 0 0 0 0 0 0 0 0 0 0 0 0 0 0 0 1 0 617 2 89 109 6 42 10 14 37 979 0 0 1 0 1 2 1 1 16 4 10 1 8 8 0 2 152 0 182
0 0 0 2 1 6 0 0 1 0 0 19 3 0 5 0 0 0 0 4 0 0 0 4 0 0 0 0 0 0 0 0 0 0 17 0 7 23 617 0 325 1415 89 2795 3 1567 0 104 921 1 0 2 1 85 0 0 2 15 0 7 2 212 45 2 0 2 2 37
0 0 0 0 0 0 0 0 3 0 0 0 0 0 0 0 0 0 0 0 0 1 0 1 0 0 1 0 0 0 0 0 0 0 495 1 488 1 2 325 0 155 3 2165 2 12 0 1475 12 4 80 0 19 1 93 0 245 97 0 163 48 4760 102 2015 0 0 5 104
0 0 0 0 0 0 0 0 0 0 0 1 0 0 0 0 0 0 0 2 0 0 0 2 0 0 0 1 0 0 0 0 0 0 109 0 37 0 89 1415 155 0 9 634 18 49 2 1931 29 0 3 6 0 8 0 1 2 3 0 22 6 21 101 22 2 81 0 36
3 0 0 26 2 3 4 3 201 31 0 34 1 5 12 0 0 0 0 10 0 7 0 109 3 0 13 59 5 0 0 0 0 3 0 75 0 52 109 89 3 9 0 9 11 316 6 2 523 12 0 0 0 32 0 384 0 1941 131 1 197 121 3 0 0 1 1 19
0 0 0 0 1 1 0 0 14 0 0 11 0 0 7 0 0 0 0 0 0 0 0 16 0 0 0 0 0 0 0 0 0 0 35 0 0 764 6 2795 2165 634 9 0 17 1426 0 748 21 0 0 0 4 1681 1 0 1 44 0 0 2 1376 159 3 0 2 1 234
0 0 0 0 0 0 0 0 1 0 14 0 132 0 1 0 0 0 1 0 0 0 0 0 19 2 5 0 0 0 2 0 0 0 6 0 0 2 42 3 2 18 11 17 0 47 708 75 15 1 0 1153 102 3 4 0 0 1 83 495 8 3 202 1 136 222 0 1224
1 0 0 39 7 33 3 7 22 27 0 370 3 0 26 0 0 0 0 79 0 0 0 52 0 0 0 82 0 0 0 0 0 1 1 0 3 866 10 1567 12 49 316 1426 47 0 0 49 518 0 1 4 11 1393 1 0 0 561 0 6 0 153 109 0 0 4 0 182
0 2 0 0 0 0 0 0 0 0 114 0 399 0 1 0 0 0 0 0 0 0 2 0 271 70 186 0 0 0 125 0 0 5 0 3 0 0 14 0 0 2 6 0 708 0 0 0 24 0 0 0 1 0 0 1 0 1 787 92 450 1 6 0 357 47 0 65
0 0 0 0 0 1 0 0 2 0 0 0 1 0 0 0 0 0 0 0 0 0 0 1 0 0 0 0 0 0 0 0 0 1 1174 0 46 4 37 104 1475 1931 2 748 75 49 0 0 9 0 8 4 4 15 3 0 3 4 0 39 25 38 2587 150 2 59 0 76
0 0 0 8 4 3 0 1 4 2 0 16 6 0 1 0 0 0 0 6 0 0 0 1 0 0 0 3 0 0 0 0 0 3 1 6 0 8 979 921 12 29 523 21 15 518 24 9 0 1 0 1 0 1 0 12 2 93 0 15 18 50 12 0 0 4 0 36
0 1 7 0 0 0 1 1 7 0 0 1 0 0 6 535 0 0 0 0 12 89 119 76 0 0 159 22 2 1 0 0 0 9 0 1 2 0 0 1 4 0 12 0 1 0 0 0 1 0 3 0 0 0 549 1132 641 895 0 2 1354 151 1 17 0 0 0 8
0 1 3 0 0 0 0 0 0 0 0 0 0 0 0 0 0 0 0 0 0 0 0 0 0 1 16 0 0 0 0 0 0 0 12 5 1124 0 0 0 80 3 0 0 0 1 0 8 0 3 0 5 954 0 13 0 676 0 0 974 440 8 4 75 0 0 0 532
0 0 0 0 0 0 0 0 0 0 0 0 0 0 0 0 0 0 0 0 0 0 0 0 0 0 0 0 0 0 0 0 0 0 4 0 0 0 1 2 0 6 0 0 1153 4 0 4 1 0 5 0 162 0 0 0 2 0 0 313 0 0 14 4 0 4 0 75
0 0 0 0 0 0 0 0 0 0 0 0 0 0 0 0 0 0 0 0 0 0 0 0 0 0 1 0 0 0 0 0 0 0 21 0 2 0 0 1 19 0 0 4 102 11 1 4 0 0 954 162 0 2 3 0 28 3 0 696 32 3 18 70 0 0 0 463
0 0 0 24 0 1 1 1 11 2 0 30 0 0 10 0 0 0 0 67 0 0 0 40 0 0 0 13 0 0 0 0 0 0 4 0 0 2276 1 85 1 8 32 1681 3 1393 0 15 1 0 0 0 2 0 0 0 0 72 0 0 0 202 22 0 0 0 0 19
0 0 0 0 0 0 0 0 9 0 0 0 0 0 2 6 0 0 0 0 4 6 1 15 0 0 0 8 1 1 0 0 0 3 3 0 91 0 2 0 93 0 0 1 4 1 0 3 0 549 13 0 3 0 0 2 4846 27 0 10 29 1272 24 2806 0 0 5 1085
0 39 1 1 1 0 1 1 17 0 1 0 0 2 3 78 0 0 0 0 4 229 5 39 6 0 57 3 0 0 0 0 0 0 0 239 0 0 1 0 0 1 384 0 0 0 1 0 12 1132 0 0 0 0 2 0 4 717 107 0 718 29 0 8 0 0 0 2
0 0 7 0 0 0 0 0 1 0 0 0 0 0 1 97 0 0 0 0 1 5 40 2 0 0 74 1 0 0 0 0 0 11 2 3 1672 0 1 2 245 2 0 1 0 0 0 3 2 641 676 2 28 0 4846 4 0 49 0 89 1508 350 2 294 0 0 0 867
6 2 0 89 0 27 10 10 152 77 0 56 0 9 21 26 0 0 0 88 1 23 0 532 0 0 15 251 9 3 0 0 0 30 0 45 4 819 16 15 97 3 1941 44 1 561 1 4 93 895 0 0 3 72 27 717 49 0 27 1 344 3390 48 23 0 0 32 80
0 11 0 0 0 0 0 0 0 0 15 0 215 0 0 0 0 0 0 0 0 6 0 0 326 6 106 0 1 0 15 0 0 4 0 329 0 0 4 0 0 0 131 0 83 0 787 0 0 0 0 0 0 0 0 107 0 27 0 0 686 0 0 0 4 20 0 10
0 7 4 0 0 0 0 0 0 0 1 0 0 0 0 1 3 0 1 0 0 2 1 0 2 81 311 0 0 0 5 0 0 5 42 12 1268 0 10 7 163 22 1 0 495 6 92 39 15 2 974 313 696 0 10 0 89 1 0 0 2897 7 28 39 95 12 0 129
0 255 161 0 0 0 0 0 4 0 15 0 13 0 3 139 18 3 8 0 0 100 110 18 178 417 4508 3 2 1 28 0 0 93 15 1188 2239 0 1 2 48 6 197 2 8 0 450 25 18 1354 440 0 32 0 29 718 1508 344 686 2897 0 208 16 19 266 2 0 441
1 0 0 19 0 6 14 2 45 1 0 32 0 1 13 6 0 0 0 75 2 8 2 217 0 0 0 43 7 1 0 0 0 18 16 1 102 909 8 212 4760 21 121 1376 3 153 1 38 50 151 8 0 3 202 1272 29 350 3390 0 7 208 0 142 387 0 0 46 272
0 0 0 0 0 0 0 0 2 0 0 0 1 0 0 0 0 0 0 0 0 0 0 5 0 0 0 1 0 0 0 0 0 1 729 0 1 10 8 45 102 101 3 159 202 109 6 2587 12 1 4 14 18 22 24 0 2 48 0 28 16 142 0 1305 3 166 661 680
0 0 0 0 0 0 0 0 2 0 0 0 0 0 0 5 0 0 0 0 2 0 0 7 0 0 0 2 0 0 0 0 0 1 210 0 27 0 0 2 2015 22 0 3 1 0 0 150 0 17 75 4 70 0 2806 8 294 23 0 39 19 387 1305 0 0 0 229 535
0 0 0 0 0 0 0 0 0 0 11 0 18 0 0 0 0 0 0 0 0 0 0 0 17 21 36 0 0 0 20 0 0 0 0 0 0 0 2 0 0 2 0 0 136 0 357 2 0 0 0 0 0 0 0 0 0 0 4 95 266 0 3 0 0 8 0 9
0 0 0 0 0 0 0 0 0 0 1 0 6 0 0 0 0 0 0 0 0 0 0 0 2 0 0 0 0 0 0 0 0 0 0 0 0 0 152 2 0 81 1 2 222 4 47 59 4 0 0 4 0 0 0 0 0 0 20 12 2 0 166 0 8 0 0 525
0 0 0 0 0 0 0 0 1 0 0 0 0 0 0 0 0 0 0 0 0 0 0 0 0 0 0 0 0 0 0 0 0 0 0 0 0 0 0 2 5 0 1 1 0 0 0 0 0 0 0 0 0 0 5 0 0 32 0 0 0 46 661 229 0 0 0 323
0 0 3 0 0 1 0 0 0 0 0 1 46 2 1 1 0 0 0 0 0 1 0 27 3 3 16 10 3 0 0 0 0 0 28 3 5 17 182 37 104 36 19 234 1224 182 65 76 36 8 532 75 463 19 1085 2 867 80 10 129 441 272 680 535 9 525 323 0
