0 0 9 0 0 3 699 62 0 36 1 0 0 772 0 0 85 0 5 2 16 0 180 0 0 8 1 16 678 431 0 0 0 14 0 0 0 0 0 0 0 0 0 0 0 0 0 0 0 0 0 0 0 0 0 0 0 0 0 0 0 0 0 0 0 0 0 0
0 0 0 0 0 0 1 0 47 0 1 0 69 0 2 31 6 0 0 0 0 394 0 103 356 6 1715 0 2 0 1 0 0 1 0 260 4 0 0 0 0 0 14 0 1 0 13 0 0 4 3 0 0 0 0 58 0 7 13 24 241 0 0 0 0 0 0 2
9 0 0 0 0 13 311 77 0 57 0 1 0 27 0 2 1676 0 7 0 22 1 2436 4 0 1336 1720 34 2 16 0 0 0 47 0 9 33 0 0 0 0 0 0 0 0 0 0 0 0 4 5 0 0 0 1 2 2 1 0 30 154 0 0 0 0 0 0 0
0 0 0 0 4 15 5 6 42 674 0 273 8 5 7 0 0 0 0 1646 0 3 0 528 0 0 0 1586 22 0 0 0 0 22 0 0 0 108 1 10 1 0 18 8 0 41 0 0 6 0 0 0 0 83 0 0 0 77 0 0 0 108 0 0 0 0 0 1
0 0 0 4 0 304 2 3 74 4 5 104 238 0 1244 0 0 0 0 4 3 2 22 35 0 0 2 9 1 0 0 52 0 230 0 0 0 0 0 3 0 0 0 2 0 2 0 0 2 0 0 0 0 0 0 0 1 1 0 0 0 0 0 0 0 0 0 0
3 0 13 15 304 0 404 1721 68 1993 16 2738 7 21 568 0 2 0 2 85 2 0 24 7 0 0 3 196 14 1 0 168 0 14 0 0 0 2 1 5 0 0 9 3 2 15 0 0 5 1 0 0 0 13 1 0 1 7 0 0 1 25 0 0 0 0 0 6
699 1 311 5 2 404 0 241 9 1843 8 88 4 1230 12 3 31 1 8 17 197 0 344 62 0 10 54 3070 210 1728 0 0 6 64 0 0 0 0 0 0 0 0 4 0 0 0 0 0 0 8 0 0 0 1 0 2 0 4 0 0 0 3 0 0 0 0 0 0
62 0 77 6 3 1721 241 0 4 871 12 264 11 2644 25 0 65 6 18 34 41 0 304 5 0 11 1 31 16 20 0 10 1 9 0 0 0 0 0 0 0 0 0 0 0 0 0 0 0 0 0 0 0 0 0 0 0 0 0 0 0 1 0 0 0 0 0 0
0 47 0 42 74 68 9 4 0 11 8 333 30 1 325 1 0 0 2 107 0 365 0 1547 74 7 197 76 2 0 0 10 0 6 0 2 0 8 2 17 2 1 168 5 4 31 0 4 15 10 0 0 0 16 0 7 0 62 4 0 2 80 2 0 0 0 0 4
36 0 57 674 4 1993 1843 871 11 0 12 1756 32 168 21 0 3 0 4 952 13 0 86 95 0 1 1 1114 169 8 0 4 0 118 0 0 0 5 0 4 1 0 8 0 0 18 0 0 2 0 0 0 0 23 0 0 0 40 0 0 0 12 0 0 0 0 0 0
1 1 0 0 5 16 8 12 8 12 0 95 487 20 7 0 29 1527 545 9 0 1 0 4 19 721 11 1 182 1 3 111 0 686 0 4 0 0 0 0 0 0 1 0 11 0 207 0 0 0 0 1 0 0 0 2 0 0 24 5 4 0 0 0 29 0 0 0
0 0 1 273 104 2738 88 264 333 1756 95 0 90 134 640 0 5 12 30 1790 0 1 0 521 0 3 1 223 110 0 0 11 0 165 0 0 0 8 2 30 0 0 55 14 1 205 0 1 38 0 0 0 0 45 0 0 0 44 1 0 1 35 2 0 0 0 0 3
0 69 0 8 238 7 4 11 30 32 487 90 0 6 22 1 2 13 9 28 1 49 3 18 649 24 698 25 27 0 101 260 0 475 0 8 0 0 1 0 1 2 4 0 36 4 652 2 4 0 0 0 0 0 0 10 0 0 56 11 38 1 3 0 42 2 0 7
772 0 27 5 0 21 1230 2644 1 168 20 134 6 0 5 0 124 4 4 26 65 0 477 8 0 7 0 74 1145 298 0 68 1 35 0 0 0 0 0 0 0 0 0 0 0 0 0 0 0 0 0 0 0 0 1 0 0 0 0 0 0 0 0 0 0 0 0 0
0 2 0 7 1244 568 12 25 325 21 7 640 22 5 0 4 0 1 0 19 17 5 25 147 2 0 17 67 3 5 0 30 1 18 0 0 0 4 5 5 0 4 6 3 0 17 2 2 6 2 0 0 0 14 0 0 0 22 0 0 0 19 0 0 0 0 0 5
0 31 2 0 0 0 3 0 1 0 0 0 1 0 4 0 0 0 0 0 169 894 562 1166 1 0 1350 108 0 0 0 0 0 8 2 8 8 0 0 0 1 0 2 0 1 0 0 0 1 692 0 0 0 0 62 101 47 26 1 0 466 9 9 6 0 0 0 2
85 6 1676 0 0 2 31 65 0 3 29 5 2 124 0 0 0 12 872 0 16 0 1748 1 0 1040 645 6 123 136 0 0 2 1908 0 9 20 0 0 0 0 0 0 0 0 0 0 0 0 0 1 0 0 0 0 2 0 0 1 41 137 0 0 0 0 0 0 2
0 0 0 0 0 0 1 6 0 0 1527 12 13 4 1 0 12 0 624 0 0 0 0 0 0 475 1 0 11 0 0 0 0 19 0 0 0 0 0 0 0 0 0 0 0 0 0 0 0 0 0 0 0 0 0 0 0 0 0 1 0 0 0 0 0 0 0 0
5 0 7 0 0 2 8 18 2 4 545 30 9 4 0 0 872 624 0 2 3 1 7 3 1 1437 125 1 45 10 2 0 1 589 0 1 1 0 0 0 0 0 0 0 1 0 1 0 0 0 0 0 0 0 0 0 0 0 0 22 24 0 0 0 4 0 0 0
2 0 0 1646 4 85 17 34 107 952 9 1790 28 26 19 0 0 0 2 0 0 1 0 286 0 0 0 405 30 0 0 2 0 49 0 0 0 60 2 21 1 0 24 18 1 94 0 0 22 0 0 0 0 235 0 0 0 86 0 0 0 191 0 0 0 0 0 0
16 0 22 0 3 2 197 41 0 13 0 0 1 65 17 169 16 0 3 0 0 0 4885 7 0 0 57 548 25 3341 0 1 36 1027 0 0 2 0 0 0 0 0 1 0 0 0 0 0 0 67 0 0 0 0 27 1 16 15 0 0 15 4 2 3 0 0 0 1
0 394 1 3 2 0 0 0 365 0 1 1 49 0 5 894 0 0 1 1 0 0 24 1191 115 5 848 22 0 0 4 2 0 2 0 14 4 1 0 0 0 0 26 0 0 1 19 0 0 89 0 0 0 0 3 300 2 25 5 4 62 4 0 0 0 0 0 0
180 0 2436 0 22 24 344 304 0 86 0 0 3 477 25 562 1748 0 7 0 4885 24 0 22 0 32 1672 183 186 432 0 0 5 1446 0 7 78 0 0 0 0 0 1 0 0 0 0 0 0 147 0 0 0 0 9 23 35 8 0 1 565 1 0 6 0 0 0 1
0 103 4 528 35 7 62 5 1547 95 4 521 18 8 147 1166 1 0 3 286 7 1191 22 0 76 1 352 1549 22 1 0 1 13 56 1 8 2 34 0 8 13 0 94 45 0 57 1 1 8 260 0 0 0 79 51 38 13 276 0 0 13 345 6 2 0 0 1 16
0 356 0 0 0 0 0 0 74 0 19 0 649 0 2 1 0 0 1 0 0 115 0 76 0 4 755 0 1 0 6 3 0 0 0 13 0 0 0 0 0 0 17 0 1 0 245 0 0 0 0 0 0 0 0 8 0 0 193 13 152 0 0 0 30 0 0 0
8 6 1336 0 0 0 10 11 7 1 721 3 24 7 0 0 1040 475 1437 0 0 5 32 1 4 0 3747 1 13 0 72 0 0 98 0 15 12 0 0 0 0 0 0 0 3 0 72 0 0 0 3 1 5 0 0 0 0 0 6 283 431 0 0 0 94 0 0 2
1 1715 1720 0 2 3 54 1 197 1 11 1 698 0 17 1350 645 1 125 0 57 848 1672 352 755 3747 0 138 7 3 48 0 1 365 0 561 285 0 0 0 0 0 10 0 2 0 128 0 0 34 14 0 5 0 0 260 38 6 112 464 4054 0 0 1 102 0 0 28
16 0 34 1586 9 196 3070 31 76 1114 1 223 25 74 67 108 6 0 1 405 548 22 183 1549 0 1 138 0 224 1235 0 1 33 262 1 0 4 25 0 6 5 0 44 1 0 45 0 0 6 74 0 0 0 59 36 10 10 224 0 0 7 90 5 3 0 0 1 4
678 2 2 22 1 14 210 16 2 169 182 110 27 1145 3 0 123 11 45 30 25 0 186 22 1 13 7 224 0 1331 1 140 394 1043 0 0 0 0 0 0 0 0 1 0 0 1 4 0 0 1 0 0 0 1 2 0 0 1 1 0 1 2 1 0 0 0 0 0
431 0 16 0 0 1 1728 20 0 8 1 0 0 298 5 0 136 0 10 0 3341 0 432 1 0 0 3 1235 1331 0 0 1 209 933 0 0 1 0 0 0 0 0 0 0 0 0 0 0 0 27 0 0 0 0 6 0 8 0 0 0 2 0 0 0 0 0 0 1
0 1 0 0 0 0 0 0 0 0 3 0 101 0 0 0 0 0 2 0 0 4 0 0 6 72 48 0 1 0 0 0 0 0 0 1 0 0 0 0 0 0 0 0 6 0 124 0 0 0 0 0 0 0 0 0 0 0 4 10 43 0 0 0 78 0 0 0
0 0 0 0 52 168 0 10 10 4 111 11 260 68 30 0 0 0 0 2 1 2 0 1 3 0 0 1 140 1 0 0 0 290 0 0 0 0 0 0 0 1 0 0 5 0 5 0 0 0 0 0 0 0 0 0 0 0 1 0 0 0 0 0 0 0 0 2
0 0 0 0 0 0 6 1 0 0 0 0 0 1 1 0 2 0 1 0 36 0 5 13 0 0 1 33 394 209 0 0 0 368 0 0 0 0 0 0 0 0 0 0 0 0 0 0 0 0 0 0 0 0 1 0 0 1 0 0 0 0 0 0 0 0 0 0
14 1 47 22 230 14 64 9 6 118 686 165 475 35 18 8 1908 19 589 49 1027 2 1446 56 0 98 365 262 1043 933 0 290 368 0 0 12 13 0 0 1 0 0 0 0 1 0 0 1 2 40 5 0 0 0 3 5 9 25 0 19 104 20 1 2 0 0 0 2
0 0 0 0 0 0 0 0 0 0 0 0 0 0 0 2 0 0 0 0 0 0 0 1 0 0 0 1 0 0 0 0 0 0 0 0 14 0 0 0 387 34 0 19 8 3 0 1247 0 0 12 0 11 4 5 0 3 0 0 7 7 12 1117 764 0 0 0 22
0 260 9 0 0 0 0 0 2 0 4 0 8 0 0 8 9 0 1 0 0 14 7 8 13 15 561 0 0 0 1 0 0 12 0 0 3 1 0 0 0 0 76 0 0 0 45 0 0 40 5 0 0 0 0 528 0 92 643 3 1665 0 0 0 1 0 0 0
0 4 33 0 0 0 0 0 0 0 0 0 0 0 0 8 20 0 1 0 2 4 78 2 0 12 285 4 0 1 0 0 0 13 14 3 0 0 0 9 496 68 0 15 0 2 1 509 0 0 600 0 10 1 32 9 1855 3 0 1551 4023 32 4 19 0 0 1 17
0 0 0 108 0 2 0 0 8 5 0 8 0 0 4 0 0 0 0 60 0 1 0 34 0 0 0 25 0 0 0 0 0 0 0 1 0 0 2 8 2 1 28 285 2 373 0 4 7 0 0 0 0 1314 0 1 1 374 1 0 0 1822 6 0 0 0 0 6
0 0 0 1 0 1 0 0 2 0 0 2 1 0 5 0 0 0 0 2 0 0 0 0 0 0 0 0 0 0 0 0 0 0 0 0 0 2 0 391 1 25 76 3 30 32 29 3 1109 0 0 1 0 6 1 1 1 25 0 0 7 20 0 0 0 143 0 203
0 0 0 10 3 5 0 0 17 4 0 30 0 0 5 0 0 0 0 21 0 0 0 8 0 0 0 6 0 0 0 0 0 1 0 0 9 8 391 0 147 1492 86 2235 16 2361 2 65 834 1 0 2 2 102 2 0 3 32 0 1 4 436 36 0 0 3 0 26
0 0 0 1 0 0 0 0 2 1 0 0 1 0 0 1 0 0 0 1 0 0 0 13 0 0 0 5 0 0 0 0 0 0 387 0 496 2 1 147 0 322 2 1428 15 25 1 1616 18 3 102 4 22 19 592 0 435 20 0 21 123 3837 163 2407 0 1 12 88
0 0 0 0 0 0 0 0 1 0 0 0 2 0 4 0 0 0 0 0 0 0 0 0 0 0 0 0 0 0 0 1 0 0 34 0 68 1 25 1492 322 0 19 706 16 140 4 2112 73 0 6 2 2 9 5 0 6 6 0 9 4 33 24 9 0 109 1 15
0 14 0 18 0 9 4 0 168 8 1 55 4 0 6 2 0 0 0 24 1 26 1 94 17 0 10 44 1 0 0 0 0 0 0 76 0 28 76 86 2 19 0 11 11 335 60 17 373 27 0 1 0 46 1 405 0 1715 196 0 117 208 8 0 0 2 0 10
0 0 0 8 2 3 0 0 5 0 0 14 0 0 3 0 0 0 0 18 0 0 0 45 0 0 0 1 0 0 0 0 0 0 19 0 15 285 3 2235 1428 706 11 0 30 978 6 973 40 1 0 2 0 1841 9 1 5 48 0 1 3 2553 190 6 0 0 0 214
0 1 0 0 0 2 0 0 4 0 11 1 36 0 0 1 0 0 1 1 0 0 0 0 1 3 2 0 0 0 6 5 0 1 8 0 0 2 30 16 15 16 11 30 0 126 844 27 6 0 2 991 100 12 0 0 0 6 35 469 1 11 280 1 61 195 0 1045
0 0 0 41 2 15 0 0 31 18 0 205 4 0 17 0 0 0 0 94 0 1 0 57 0 0 0 45 1 0 0 0 0 0 3 0 2 373 32 2361 25 140 335 978 126 0 8 136 489 0 1 7 7 1615 0 0 0 353 0 6 3 373 140 0 1 1 0 174
0 13 0 0 0 0 0 0 0 0 207 0 652 0 2 0 0 0 1 0 0 19 0 1 245 72 128 0 4 0 124 5 0 0 0 45 1 0 29 2 1 4 60 6 844 8 0 7 34 0 0 18 0 7 0 13 0 11 970 44 543 10 60 0 522 170 0 137
0 0 0 0 0 0 0 0 4 0 0 1 2 0 2 0 0 0 0 0 0 0 0 1 0 0 0 0 0 0 0 0 0 1 1247 0 509 4 3 65 1616 2112 17 973 27 136 7 0 25 0 92 5 50 19 21 0 102 9 0 65 13 36 1103 531 0 14 0 62
0 0 0 6 2 5 0 0 15 2 0 38 4 0 6 1 0 0 0 22 0 0 0 8 0 0 0 6 0 0 0 0 0 2 0 0 0 7 1109 834 18 73 373 40 6 489 34 25 0 4 0 0 0 19 19 7 15 154 0 0 2 93 15 3 0 11 0 16
0 4 4 0 0 1 8 0 10 0 0 0 0 0 2 692 0 0 0 0 67 89 147 260 0 0 34 74 1 27 0 0 0 40 0 40 0 0 0 1 3 0 27 1 0 0 0 0 4 0 1 0 0 0 115 1184 486 767 2 1 1059 236 3 1 0 0 0 5
0 3 5 0 0 0 0 0 0 0 0 0 0 0 0 0 1 0 0 0 0 0 0 0 0 3 14 0 0 0 0 0 0 5 12 5 600 0 0 0 102 6 0 0 2 1 0 92 0 1 0 4 791 0 14 1 981 1 0 195 310 0 11 132 0 0 0 1125
0 0 0 0 0 0 0 0 0 0 1 0 0 0 0 0 0 0 0 0 0 0 0 0 0 1 0 0 0 0 0 0 0 0 0 0 0 0 1 2 4 2 1 2 991 7 18 5 0 0 4 0 416 0 1 0 0 1 0 135 0 0 8 2 10 6 0 204
0 0 0 0 0 0 0 0 0 0 0 0 0 0 0 0 0 0 0 0 0 0 0 0 0 5 5 0 0 0 0 0 0 0 11 0 10 0 0 2 22 2 0 0 100 7 0 50 0 0 791 416 0 0 10 0 12 0 0 1573 35 2 21 56 1 0 0 795
0 0 0 83 0 13 1 0 16 23 0 45 0 0 14 0 0 0 0 235 0 0 0 79 0 0 0 59 1 0 0 0 0 0 4 0 1 1314 6 102 19 9 46 1841 12 1615 7 19 19 0 0 0 0 0 0 0 0 175 0 0 1 1000 41 0 0 0 0 34
0 0 1 0 0 1 0 0 0 0 0 0 0 1 0 62 0 0 0 0 27 3 9 51 0 0 0 36 2 6 0 0 1 3 5 0 32 0 1 2 592 5 1 9 0 0 0 21 19 115 14 1 10 0 0 4 4249 33 0 1 115 1665 28 1402 0 0 5 931
0 58 2 0 0 0 2 0 7 0 2 0 10 0 0 101 2 0 0 0 1 300 23 38 8 0 260 10 0 0 0 0 0 5 0 528 9 1 1 0 0 0 405 1 0 0 13 0 7 1184 1 0 0 0 4 0 22 998 62 5 927 32 0 3 0 0 0 5
0 0 2 0 1 1 0 0 0 0 0 0 0 0 0 47 0 0 0 0 16 2 35 13 0 0 38 10 0 8 0 0 0 9 3 0 1855 1 1 3 435 6 0 5 0 0 0 102 15 486 981 0 12 0 4249 22 0 1 0 62 2452 28 58 238 0 0 7 1141
0 7 1 77 1 7 4 0 62 40 0 44 0 0 22 26 0 0 0 86 15 25 8 276 0 0 6 224 1 0 0 0 1 25 0 92 3 374 25 32 20 6 1715 48 6 353 11 9 154 767 1 1 0 175 33 998 1 0 69 0 156 1518 25 0 0 0 1 40
0 13 0 0 0 0 0 0 4 0 24 1 56 0 0 1 1 0 0 0 0 5 0 0 193 6 112 0 1 0 4 1 0 0 0 643 0 1 0 0 0 0 196 0 35 0 970 0 0 2 0 0 0 0 0 62 0 69 0 2 784 0 0 0 0 3 0 2
0 24 30 0 0 0 0 0 0 0 5 0 11 0 0 0 41 1 22 0 0 4 1 0 13 283 464 0 0 0 10 0 0 19 7 3 1551 0 0 1 21 9 0 1 469 6 44 65 0 1 195 135 1573 0 1 5 62 0 2 0 2700 4 7 15 197 2 0 52
0 241 154 0 0 1 0 0 2 0 4 1 38 0 0 466 137 0 24 0 15 62 565 13 152 431 4054 7 1 2 43 0 0 104 7 1665 4023 0 7 4 123 4 117 3 1 3 543 13 2 1059 310 0 35 1 115 927 2452 156 784 2700 0 154 1 11 91 0 0 344
0 0 0 108 0 25 3 1 80 12 0 35 1 0 19 9 0 0 0 191 4 4 1 345 0 0 0 90 2 0 0 0 0 20 12 0 32 1822 20 436 3837 33 208 2553 11 373 10 36 93 236 0 0 2 1000 1665 32 28 1518 0 4 154 0 174 101 0 1 18 214
0 0 0 0 0 0 0 0 2 0 0 2 3 0 0 9 0 0 0 0 2 0 0 6 0 0 0 5 1 0 0 0 0 1 1117 0 4 6 0 36 163 24 8 190 280 140 60 1103 15 3 11 8 21 41 28 0 58 25 0 7 1 174 0 807 7 84 436 1369
0 0 0 0 0 0 0 0 0 0 0 0 0 0 0 6 0 0 0 0 3 0 6 2 0 0 1 3 0 0 0 0 0 2 764 0 19 0 0 0 2407 9 0 6 1 0 0 531 3 1 132 2 56 0 1402 3 238 0 0 15 11 101 807 0 0 0 121 789
0 0 0 0 0 0 0 0 0 0 29 0 42 0 0 0 0 0 4 0 0 0 0 0 30 94 102 0 0 0 78 0 0 0 0 1 0 0 0 0 0 0 0 0 61 1 522 0 0 0 0 10 1 0 0 0 0 0 0 197 91 0 7 0 0 5 0 5
0 0 0 0 0 0 0 0 0 0 0 0 2 0 0 0 0 0 0 0 0 0 0 0 0 0 0 0 0 0 0 0 0 0 0 0 0 0 143 3 1 109 2 0 195 1 170 14 11 0 0 6 0 0 0 0 0 0 3 2 0 1 84 0 5 0 0 488
0 0 0 0 0 0 0 0 0 0 0 0 0 0 0 0 0 0 0 0 0 0 0 1 0 0 0 1 0 0 0 0 0 0 0 0 1 0 0 0 12 1 0 0 0 0 0 0 0 0 0 0 0 0 5 0 7 1 0 0 0 18 436 121 0 0 0 317
0 2 0 1 0 6 0 0 4 0 0 3 7 0 5 2 2 0 0 0 1 0 1 16 0 2 28 4 0 1 0 2 0 2 22 0 17 6 203 26 88 15 10 214 1045 174 137 62 16 5 1125 204 795 34 931 5 1141 40 2 52 344 214 1369 789 5 488 317 0
