0 0 0 0 0 0 598 33 0 0 6 0 0 1461 0 0 3 0 0 0 0 0 6 1 0 0 0 4 876 377 0 0 1 9 0 0 0 0 0 0 0 0 0 0 0 0 0 0 0 1 0 0 0 0 0 0 0 2 0 0 0 1 0 0 0 0 0 0
0 0 1 0 0 0 0 0 72 0 3 2 171 0 10 6 5 0 0 0 0 236 0 103 581 7 1623 1 0 0 0 0 0 6 0 262 4 0 0 0 0 0 0 0 0 0 27 0 0 1 0 0 1 0 0 18 0 3 42 20 236 0 0 0 3 0 0 2
0 1 0 0 2 12 146 47 0 1 0 0 0 21 0 0 954 0 18 0 48 0 3254 0 0 3801 3025 8 2 13 0 0 0 147 0 15 27 0 0 0 0 0 0 0 0 0 0 0 0 2 12 0 3 0 0 2 14 0 0 39 271 0 0 0 0 0 0 2
0 0 0 0 16 5 9 0 44 920 1 607 3 1 22 0 0 0 0 2387 0 0 0 638 0 0 0 1225 9 0 0 0 0 6 0 0 0 117 0 1 0 0 19 5 0 26 0 0 5 0 0 0 0 49 0 5 0 107 0 0 0 20 0 0 0 0 0 0
0 0 2 16 0 155 4 2 42 3 29 30 89 0 675 0 0 0 0 21 9 6 12 46 0 0 0 38 1 0 0 28 1 275 0 0 0 0 4 1 0 0 2 1 1 1 1 0 8 0 0 0 0 0 0 1 0 0 0 0 0 0 0 0 0 0 0 0
0 0 12 5 155 0 311 2749 100 1818 27 4551 32 67 648 0 18 4 0 48 1 2 20 45 0 7 0 124 45 1 0 74 4 63 0 0 0 2 0 22 0 5 21 1 0 76 0 1 23 0 0 0 0 10 0 10 0 32 0 0 0 9 0 0 0 0 0 5
598 0 146 9 4 311 0 816 14 2166 17 27 17 2095 26 0 15 0 0 15 24 0 138 36 0 9 13 4723 263 2631 0 1 44 154 0 0 0 0 0 1 0 0 9 0 0 6 0 0 1 0 0 0 0 2 0 5 0 31 0 0 0 21 0 0 0 0 0 0
33 0 47 0 2 2749 816 0 24 636 11 225 44 2737 48 0 179 2 2 9 7 0 188 3 1 46 1 16 67 74 0 36 2 69 0 1 0 0 0 5 0 7 0 0 0 1 0 2 0 1 0 0 0 0 0 7 0 1 0 0 0 0 1 0 0 0 0 4
0 72 0 44 42 100 14 24 0 28 3 382 52 7 158 1 0 0 0 90 0 618 0 2229 175 3 323 139 4 0 0 1 0 11 0 8 0 15 2 16 2 1 159 34 0 38 1 0 5 3 0 0 0 27 0 4 0 73 4 0 7 55 0 0 0 0 0 0
0 0 1 920 3 1818 2166 636 28 0 16 1704 31 643 32 0 0 0 1 1089 0 0 1 91 0 0 0 2049 103 0 0 0 1 192 0 1 0 0 1 2 0 0 38 0 0 12 0 0 7 0 0 0 0 1 0 9 0 39 0 0 0 1 0 0 0 0 0 0
6 3 0 1 29 27 17 11 3 16 0 23 636 46 1 0 40 864 915 1 1 7 2 0 14 940 69 0 253 1 71 104 1 679 0 47 0 0 4 0 0 0 0 0 47 0 96 2 0 0 0 0 0 0 0 2 0 0 12 8 24 0 6 0 7 20 0 9
0 2 0 607 30 4551 27 225 382 1704 23 0 70 26 214 0 0 1 0 1570 0 9 0 659 1 0 7 148 52 0 0 4 2 173 0 0 0 42 2 121 0 3 39 41 0 660 0 0 42 0 0 0 0 81 0 7 0 61 1 0 1 66 0 0 0 0 0 1
0 171 0 3 89 32 17 44 52 31 636 70 0 52 24 0 0 15 0 22 3 180 0 8 678 104 1089 17 28 1 384 82 0 237 0 266 0 0 7 5 0 13 21 0 104 0 746 13 4 0 0 0 1 3 0 263 0 1 115 30 179 7 15 0 49 26 0 90
1461 0 21 1 0 67 2095 2737 7 643 46 26 52 0 4 0 133 4 11 6 6 0 156 0 1 29 0 5 1889 719 1 77 1 71 0 1 0 0 0 1 0 0 6 0 1 0 0 0 0 1 0 0 0 0 0 4 0 0 0 0 0 0 0 0 0 0 0 7
0 10 0 22 675 648 26 48 158 32 1 214 24 4 0 1 0 0 0 46 24 9 9 131 0 0 21 106 1 1 0 2 0 4 0 0 0 18 5 11 1 3 28 14 0 39 0 1 15 1 0 0 0 33 0 18 0 16 0 0 0 16 1 0 0 0 0 9
0 6 0 0 0 0 0 0 1 0 0 0 0 0 1 0 0 0 0 0 645 593 702 997 0 0 1669 209 1 0 0 0 0 1 0 3 4 0 0 0 0 0 7 0 0 0 0 0 0 1492 0 0 0 0 24 94 309 60 0 0 163 14 0 2 0 0 0 0
3 5 954 0 0 18 15 179 0 0 40 0 0 133 0 0 0 10 1818 0 21 0 1668 1 0 2021 957 5 77 84 0 0 2 1408 0 3 4 0 0 0 0 0 0 0 0 0 0 0 0 1 2 0 2 0 0 2 0 0 1 27 95 0 0 0 0 0 0 0
0 0 0 0 0 4 0 2 0 0 864 1 15 4 0 0 10 0 752 0 1 0 0 1 0 1011 6 0 9 0 1 0 0 21 0 0 0 0 0 0 0 0 0 0 0 0 0 0 0 0 0 0 0 0 0 0 0 0 0 4 3 0 0 0 0 0 0 0
0 0 18 0 0 0 0 2 0 1 915 0 0 11 0 0 1818 752 0 0 4 1 22 0 0 931 83 2 55 21 0 1 4 784 0 1 0 0 0 0 0 0 0 0 1 0 0 0 0 0 0 0 0 0 0 0 0 0 0 8 9 0 0 0 1 0 0 0
0 0 0 2387 21 48 15 9 90 1089 1 1570 22 6 46 0 0 0 0 0 0 0 0 173 0 0 0 640 22 0 0 0 1 46 0 0 0 18 0 10 3 1 46 2 0 42 0 0 16 0 0 0 0 39 0 9 0 253 0 0 0 156 0 0 0 0 0 1
0 0 48 0 9 1 24 7 0 0 1 0 3 6 24 645 21 1 4 0 0 0 6804 4 0 9 23 1403 74 2424 0 1 55 1451 0 0 0 0 0 0 0 0 6 0 0 0 0 0 0 128 0 0 0 0 2 6 14 11 0 0 0 2 0 1 0 0 0 1
0 236 0 0 6 2 0 0 618 0 7 9 180 0 9 593 0 0 1 0 0 0 1 604 157 4 746 6 0 0 0 0 0 3 0 34 3 1 0 0 0 0 30 0 0 0 13 0 0 100 0 0 0 0 0 263 5 21 13 9 72 4 0 0 0 0 0 0
6 0 3254 0 12 20 138 188 0 1 2 0 0 156 9 702 1668 0 22 0 6804 1 0 28 0 213 2029 399 125 606 0 1 8 2141 0 0 28 0 0 0 0 0 4 0 0 0 0 0 0 174 1 0 0 0 1 94 98 1 0 0 172 0 0 0 0 0 0 0
1 103 0 638 46 45 36 3 2229 91 0 659 8 0 131 997 1 1 0 173 4 604 28 0 68 4 870 2136 12 0 0 1 3 15 0 19 0 63 0 13 2 0 260 39 0 17 0 0 6 259 0 0 0 95 14 42 14 1086 2 0 26 486 1 3 0 0 0 6
0 581 0 0 0 0 0 1 175 0 14 1 678 1 0 0 0 0 0 0 0 157 0 68 0 1 1377 0 1 0 2 1 0 3 0 188 0 0 2 0 0 0 2 0 6 0 53 0 0 0 0 0 0 0 0 19 0 3 162 7 97 0 1 0 2 6 0 4
0 7 3801 0 0 7 9 46 3 0 940 0 104 29 0 0 2021 1011 931 0 9 4 213 4 1 0 4857 0 48 4 291 1 4 357 0 54 43 0 1 0 0 0 0 0 44 0 190 0 0 0 5 0 4 0 0 4 0 0 16 821 1332 0 0 0 84 1 0 19
0 1623 3025 0 0 0 13 1 323 0 69 7 1089 0 21 1669 957 6 83 0 23 746 2029 870 1377 4857 0 309 22 2 63 0 3 1000 0 410 310 0 0 0 0 0 36 0 35 0 245 0 0 690 71 0 12 0 0 273 207 20 198 886 5906 1 0 0 63 0 0 31
4 1 8 1225 38 124 4723 16 139 2049 0 148 17 5 106 209 5 0 2 640 1403 6 399 2136 0 0 309 0 107 2079 0 1 42 319 0 0 0 19 0 5 1 0 120 1 0 29 0 1 5 215 0 0 0 22 16 16 18 557 0 0 6 222 3 9 0 0 2 6
876 0 2 9 1 45 263 67 4 103 253 52 28 1889 1 1 77 9 55 22 74 0 125 12 1 48 22 107 0 1654 1 95 1251 1402 0 5 0 0 0 0 0 1 7 0 2 0 3 1 1 6 0 0 0 0 0 1 0 13 0 0 0 10 0 0 0 0 0 3
377 0 13 0 0 1 2631 74 0 0 1 0 1 719 1 0 84 0 21 0 2424 0 606 0 0 4 2 2079 1654 0 0 1 343 898 0 0 0 0 0 0 0 0 1 0 0 0 0 0 0 6 0 0 0 0 1 0 1 1 0 0 0 3 1 0 0 0 0 0
0 0 0 0 0 0 0 0 0 0 71 0 384 1 0 0 0 1 0 0 0 0 0 0 2 291 63 0 1 0 0 0 0 0 0 4 0 0 0 0 0 0 0 0 19 0 117 0 0 0 0 0 0 0 0 0 0 0 6 21 35 0 0 0 31 2 0 3
0 0 0 0 28 74 1 36 1 0 104 4 82 77 2 0 0 0 1 0 1 0 1 1 1 1 0 1 95 1 0 0 1 215 0 3 0 0 0 0 0 0 0 0 0 0 1 2 0 0 0 0 0 0 0 0 0 0 0 0 0 0 0 0 0 0 0 0
1 0 0 0 1 4 44 2 0 1 1 2 0 1 0 0 2 0 4 1 55 0 8 3 0 4 3 42 1251 343 0 1 0 706 0 0 0 0 0 0 0 0 2 0 0 0 0 0 0 0 0 0 0 0 1 0 1 5 0 0 0 0 0 0 0 0 0 1
9 6 147 6 275 63 154 69 11 192 679 173 237 71 4 1 1408 21 784 46 1451 3 2141 15 3 357 1000 319 1402 898 0 215 706 0 0 15 4 0 0 0 0 0 4 0 2 0 4 0 0 19 1 0 0 0 9 7 7 23 6 58 181 18 1 0 0 1 0 2
0 0 0 0 0 0 0 0 0 0 0 0 0 0 0 0 0 0 0 0 0 0 0 0 0 0 0 0 0 0 0 0 0 0 0 0 2 0 0 5 410 42 2 10 7 0 0 1234 1 0 7 1 11 3 1 1 6 0 0 13 0 8 854 700 0 0 0 18
0 262 15 0 0 0 0 1 8 1 47 0 266 1 0 3 3 0 1 0 0 34 0 19 188 54 410 0 5 0 4 3 0 15 0 0 4 0 0 3 0 9 67 1 39 2 123 8 6 1 2 0 2 4 0 596 3 137 840 9 1594 1 3 0 1 17 0 173
0 4 27 0 0 0 0 0 0 0 0 0 0 0 0 4 4 0 0 0 0 3 28 0 0 43 310 0 0 0 0 0 0 4 2 4 0 0 0 13 82 33 1 3 1 0 0 10 0 0 631 1 34 0 20 10 2598 0 0 3211 3859 10 1 4 0 0 1 120
0 0 0 117 0 2 0 0 15 0 0 42 0 0 18 0 0 0 0 18 0 1 0 63 0 0 0 19 0 0 0 0 0 0 0 0 0 0 4 12 0 1 63 1424 0 445 0 2 10 0 0 0 0 3198 0 1 0 676 0 0 0 1339 4 0 0 0 1 9
0 0 0 0 4 0 0 0 2 1 4 2 7 0 5 0 0 0 0 0 0 0 0 0 2 1 0 0 0 0 0 0 0 0 0 0 0 4 0 250 5 17 33 3 97 7 29 0 628 0 0 0 0 3 17 12 20 13 1 0 0 28 0 1 0 208 0 340
0 0 0 1 1 22 1 5 16 2 0 121 5 1 11 0 0 0 0 10 0 0 0 13 0 0 0 5 0 0 0 0 0 0 5 3 13 12 250 0 419 4420 143 3082 13 2295 0 167 886 0 0 2 2 126 0 17 26 80 0 12 1 420 57 1 0 20 1 104
0 0 0 0 0 0 0 0 2 0 0 0 0 0 1 0 0 0 0 3 0 0 0 2 0 0 0 1 0 0 0 0 0 0 410 0 82 0 5 419 0 1174 9 2622 5 12 0 2088 26 0 222 0 13 3 17 5 316 15 0 122 8 4541 197 2679 0 0 24 136
0 0 0 0 0 5 0 7 1 0 0 3 13 0 3 0 0 0 0 1 0 0 0 0 0 0 0 0 1 0 0 0 0 0 42 9 33 1 17 4420 1174 0 51 1079 17 55 1 2726 150 0 15 1 0 6 1 14 51 7 0 19 0 57 27 18 0 111 0 138
0 0 0 19 2 21 9 0 159 38 0 39 21 6 28 7 0 0 0 46 6 30 4 260 2 0 36 120 7 1 0 0 2 4 2 67 1 63 33 143 9 51 0 86 1 399 14 28 293 29 0 0 1 133 12 465 24 2518 156 6 401 286 14 2 0 5 0 69
0 0 0 5 1 1 0 0 34 0 0 41 0 0 14 0 0 0 0 2 0 0 0 39 0 0 0 1 0 0 0 0 0 0 10 1 3 1424 3 3082 2622 1079 86 0 4 1774 0 201 40 0 0 0 0 3103 1 9 4 188 0 0 0 2351 99 0 0 1 3 211
0 0 0 0 1 0 0 0 0 0 47 0 104 1 0 0 0 0 1 0 0 0 0 0 6 44 35 0 2 0 19 0 0 2 7 39 1 0 97 13 5 17 1 4 0 18 508 97 3 0 9 978 707 1 3 13 1 0 27 583 18 3 482 14 12 161 5 1022
0 0 0 26 1 76 6 1 38 12 0 660 0 0 39 0 0 0 0 42 0 0 0 17 0 0 0 29 0 0 0 0 0 0 0 2 0 445 7 2295 12 55 399 1774 18 0 0 37 137 0 0 1 0 2194 0 5 0 419 0 1 2 295 32 0 0 1 0 109
0 27 0 0 1 0 0 0 1 0 96 0 746 0 0 0 0 0 0 0 0 13 0 0 53 190 245 0 3 0 117 1 0 4 0 123 0 0 29 0 0 1 14 0 508 0 0 17 14 0 0 0 0 2 0 54 0 0 582 59 1102 2 50 0 300 50 1 100
0 0 0 0 0 1 0 2 0 0 2 0 13 0 1 0 0 0 0 0 0 0 0 0 0 0 0 1 1 0 0 2 0 0 1234 8 10 2 0 167 2088 2726 28 201 97 37 17 0 17 0 46 5 9 25 1 9 21 13 1 42 3 41 2164 454 0 4 2 204
0 0 0 5 8 23 1 0 5 7 0 42 4 0 15 0 0 0 0 16 0 0 0 6 0 0 0 5 1 0 0 0 0 0 1 6 0 10 628 886 26 150 293 40 3 137 14 17 0 0 0 0 0 29 25 21 12 132 0 1 8 165 3 0 0 15 0 25
1 1 2 0 0 0 0 1 3 0 0 0 0 1 1 1492 1 0 0 0 128 100 174 259 0 0 690 215 6 6 0 0 0 19 0 1 0 0 0 0 0 0 29 0 0 0 0 0 0 0 0 0 0 0 949 1090 1452 1389 0 0 1572 489 0 1 0 0 0 2
0 0 12 0 0 0 0 0 0 0 0 0 0 0 0 0 2 0 0 0 0 0 1 0 0 5 71 0 0 0 0 0 0 1 7 2 631 0 0 0 222 15 0 0 9 0 0 46 0 0 0 6 1509 0 45 1 1704 0 0 254 351 84 4 170 0 0 0 1180
0 0 0 0 0 0 0 0 0 0 0 0 0 0 0 0 0 0 0 0 0 0 0 0 0 0 0 0 0 0 0 0 0 0 1 0 1 0 0 2 0 1 0 0 978 1 0 5 0 0 6 0 1130 0 1 2 0 0 0 359 0 0 8 6 0 1 1 42
0 1 3 0 0 0 0 0 0 0 0 0 1 0 0 0 2 0 0 0 0 0 0 0 0 4 12 0 0 0 0 0 0 0 11 2 34 0 0 2 13 0 1 0 707 0 0 9 0 0 1509 1130 0 0 8 1 11 0 0 2568 42 1 20 77 0 0 2 1028
0 0 0 49 0 10 2 0 27 1 0 81 3 0 33 0 0 0 0 39 0 0 0 95 0 0 0 22 0 0 0 0 0 0 3 4 0 3198 3 126 3 6 133 3103 1 2194 2 25 29 0 0 0 0 0 0 8 0 435 0 0 0 382 33 0 0 0 1 65
0 0 0 0 0 0 0 0 0 0 0 0 0 0 0 24 0 0 0 0 2 0 1 14 0 0 0 16 0 1 0 0 1 9 1 0 20 0 17 0 17 1 12 1 3 0 0 1 25 949 45 1 8 0 0 2 6621 3 0 29 10 1229 13 2205 0 0 5 1387
0 18 2 5 1 10 5 7 4 9 2 7 263 4 18 94 2 0 0 9 6 263 94 42 19 4 273 16 1 0 0 0 0 7 1 596 10 1 12 17 5 14 465 9 13 5 54 9 21 1090 1 2 1 8 2 0 121 759 234 18 957 35 0 0 0 6 0 303
0 0 14 0 0 0 0 0 0 0 0 0 0 0 0 309 0 0 0 0 14 5 98 14 0 0 207 18 0 1 0 0 1 7 6 3 2598 0 20 26 316 51 24 4 1 0 0 21 12 1452 1704 0 11 0 6621 121 0 26 0 660 2117 495 2 170 0 0 3 755
2 3 0 107 0 32 31 1 73 39 0 61 1 0 16 60 0 0 0 253 11 21 1 1086 3 0 20 557 13 1 0 0 5 23 0 137 0 676 13 80 15 7 2518 188 0 419 0 13 132 1389 0 0 0 435 3 759 26 0 107 1 705 1999 20 1 0 1 0 31
0 42 0 0 0 0 0 0 4 0 12 1 115 0 0 0 1 0 0 0 0 13 0 2 162 16 198 0 0 0 6 0 0 6 0 840 0 0 1 0 0 0 156 0 27 0 582 1 0 0 0 0 0 0 0 234 0 107 0 3 939 0 1 0 1 7 0 3
0 20 39 0 0 0 0 0 0 0 8 0 30 0 0 0 27 4 8 0 0 9 0 0 7 821 886 0 0 0 21 0 0 58 13 9 3211 0 0 12 122 19 6 0 583 1 59 42 1 0 254 359 2568 0 29 18 660 1 3 0 2736 14 32 36 354 10 3 307
0 236 271 0 0 0 0 0 7 0 24 1 179 0 0 163 95 3 9 0 0 72 172 26 97 1332 5906 6 0 0 35 0 0 181 0 1594 3859 0 0 1 8 0 401 0 18 2 1102 3 8 1572 351 0 42 0 10 957 2117 705 939 2736 0 121 4 3 526 0 1 372
1 0 0 20 0 9 21 0 55 1 0 66 7 0 16 14 0 0 0 156 2 4 0 486 0 0 1 222 10 3 0 0 0 18 8 1 10 1339 28 420 4541 57 286 2351 3 295 2 41 165 489 84 0 1 382 1229 35 495 1999 0 14 121 0 156 1220 0 0 43 514
0 0 0 0 0 0 0 1 0 0 6 0 15 0 1 0 0 0 0 0 0 0 0 1 1 0 0 3 0 1 0 0 0 1 854 3 1 4 0 57 197 27 14 99 482 32 50 2164 3 0 4 8 20 33 13 0 2 20 1 32 4 156 0 1220 1 93 1287 1706
0 0 0 0 0 0 0 0 0 0 0 0 0 0 0 2 0 0 0 0 1 0 0 3 0 0 0 9 0 0 0 0 0 0 700 0 4 0 1 1 2679 18 2 0 14 0 0 454 0 1 170 6 77 0 2205 0 170 1 0 36 3 1220 1220 0 0 0 195 1053
0 3 0 0 0 0 0 0 0 0 7 0 49 0 0 0 0 0 1 0 0 0 0 0 2 84 63 0 0 0 31 0 0 0 0 1 0 0 0 0 0 0 0 0 12 0 300 0 0 0 0 0 0 0 0 0 0 0 1 354 526 0 1 0 0 1 0 12
0 0 0 0 0 0 0 0 0 0 20 0 26 0 0 0 0 0 0 0 0 0 0 0 6 1 0 0 0 0 2 0 0 1 0 17 0 0 208 20 0 111 5 1 161 1 50 4 15 0 0 1 0 0 0 6 0 1 7 10 0 0 93 0 1 0 0 340
0 0 0 0 0 0 0 0 0 0 0 0 0 0 0 0 0 0 0 0 0 0 0 0 0 0 0 2 0 0 0 0 0 0 0 0 1 1 0 1 24 0 0 3 5 0 1 2 0 0 0 1 2 1 5 0 3 0 0 3 1 43 1287 195 0 0 0 735
0 2 2 0 0 5 0 4 0 0 9 1 90 7 9 0 0 0 0 1 1 0 0 6 4 19 31 6 3 0 3 0 1 2 18 173 120 9 340 104 136 138 69 211 1022 109 100 204 25 2 1180 42 1028 65 1387 303 755 31 3 307 372 514 1706 1053 12 340 735 0
