0 0 14 1 0 2 338 17 0 12 1 0 0 1054 0 0 64 0 0 0 7 0 89 0 0 22 0 5 458 238 0 0 0 6 0 0 0 0 0 0 0 0 0 0 0 0 0 0 0 0 0 0 0 0 0 0 0 0 0 0 0 0 0 0 0 0 0 0
0 0 0 0 0 0 0 0 74 1 0 0 106 0 3 0 0 0 1 0 0 252 0 74 550 4 1267 1 0 0 0 0 0 2 0 103 3 0 0 0 0 0 1 0 2 0 28 0 0 1 0 0 0 0 0 26 0 4 8 18 380 0 0 0 2 0 0 3
14 0 0 0 0 8 120 144 0 15 1 0 3 79 1 0 493 4 67 0 4 3 2330 6 0 3452 3000 55 9 17 0 0 0 327 0 2 24 0 0 0 0 0 0 0 0 0 1 0 0 1 6 0 0 0 0 0 5 0 0 29 183 0 0 0 0 0 0 1
1 0 0 0 5 51 7 25 102 569 1 519 14 16 6 0 0 0 0 1593 0 0 0 332 0 0 0 1961 24 0 0 0 0 37 0 0 0 144 0 3 4 0 16 15 0 36 0 0 1 0 0 0 0 24 0 1 0 68 0 0 0 81 0 0 0 0 0 2
0 0 0 5 0 866 4 55 146 7 9 91 72 3 1026 0 0 0 0 4 0 3 0 69 0 1 0 23 2 0 0 466 0 21 0 0 0 0 0 1 0 0 0 0 0 0 0 1 1 1 0 0 0 0 0 0 0 0 0 0 0 1 0 0 0 0 0 0
2 0 8 51 866 0 177 2146 20 2898 14 3205 14 27 464 0 0 2 3 65 2 0 3 18 0 2 1 143 54 0 0 39 1 29 0 0 0 7 1 32 5 1 5 18 1 145 0 2 4 0 0 0 0 6 0 0 0 21 1 0 0 41 1 0 0 0 1 6
338 0 120 7 4 177 0 332 4 3486 13 25 5 916 2 0 4 1 3 3 56 0 123 21 0 13 2 5074 259 1237 0 1 1 42 0 0 0 0 0 4 0 0 1 5 0 3 0 0 0 1 0 0 0 0 0 0 0 12 0 0 1 9 1 0 0 0 0 3
17 0 144 25 55 2146 332 0 15 106 10 174 15 1992 26 0 121 1 3 42 18 0 212 4 0 50 2 63 34 23 0 113 0 7 0 0 0 1 0 4 0 1 0 5 0 1 0 0 0 0 0 0 0 1 0 0 0 5 0 0 0 1 0 0 0 0 1 1
0 74 0 102 146 20 4 15 0 27 10 275 90 2 326 0 0 1 1 69 0 425 1 1572 134 8 239 179 19 1 0 10 2 13 2 6 0 18 0 2 4 0 89 10 1 90 1 1 5 0 0 0 0 4 1 2 0 121 1 0 27 38 15 0 0 0 4 6
12 1 15 569 7 2898 3486 106 27 0 11 1665 37 108 15 0 1 0 1 1000 11 0 10 30 0 2 0 1437 163 0 0 2 2 100 0 0 0 10 0 5 18 0 16 10 1 61 0 0 1 0 0 0 0 20 0 0 0 103 0 0 0 64 0 0 0 0 0 3
1 0 1 1 9 14 13 10 10 11 0 68 569 68 12 0 45 1483 191 0 4 2 1 0 3 465 23 9 250 0 27 196 0 1269 0 0 0 0 0 0 0 0 1 0 18 0 78 0 0 0 0 0 0 0 0 0 0 0 2 4 15 0 0 0 3 0 0 0
0 0 0 519 91 3205 25 174 275 1665 68 0 30 42 619 0 2 2 2 1682 0 1 0 493 1 4 1 245 71 1 0 5 1 61 0 0 0 73 0 94 7 1 5 30 1 309 0 0 5 0 0 0 0 27 0 1 0 21 0 0 0 118 0 0 0 0 0 6
0 106 3 14 72 14 5 15 90 37 569 30 0 5 73 0 0 2 0 13 4 59 3 19 1004 47 835 34 25 0 158 346 0 388 0 8 0 1 5 3 0 4 4 1 144 5 759 3 12 0 0 0 0 1 0 1 0 4 96 6 158 1 2 0 37 30 0 5
1054 0 79 16 3 27 916 1992 2 108 68 42 5 0 5 0 122 3 13 20 30 0 308 7 0 89 18 42 1407 216 0 242 1 53 0 0 0 0 0 0 0 0 0 0 1 0 0 0 0 1 0 0 0 0 0 0 0 6 0 0 2 3 0 0 0 1 0 2
0 3 1 6 1026 464 2 26 326 15 12 619 73 5 0 0 0 0 1 4 1 11 2 150 2 2 13 25 22 0 0 39 0 17 1 1 0 14 0 0 1 0 6 4 5 18 0 0 3 0 0 0 0 5 0 0 0 9 0 0 1 15 1 0 0 0 0 2
0 0 0 0 0 0 0 0 0 0 0 0 0 0 0 0 1 0 0 0 399 680 394 414 0 1 965 80 0 0 0 0 0 1 0 0 2 0 0 0 0 0 0 0 0 0 0 0 0 264 0 0 0 0 20 24 242 25 0 0 28 2 1 1 0 0 0 2
64 0 493 0 0 0 4 121 0 1 45 2 0 122 0 1 0 31 883 0 37 0 1065 1 0 274 136 1 256 119 0 0 24 1414 0 0 3 0 0 0 0 0 0 0 0 0 0 0 0 0 0 0 0 0 0 0 0 0 0 4 10 0 0 0 0 0 0 0
0 0 4 0 0 2 1 1 1 0 1483 2 2 3 0 0 31 0 819 0 1 0 3 0 0 433 2 0 12 1 0 0 0 108 0 1 0 0 0 0 0 0 0 0 1 0 4 0 0 0 0 0 0 0 0 0 0 0 0 5 7 0 0 0 2 0 0 0
0 1 67 0 0 3 3 3 1 1 191 2 0 13 1 0 883 819 0 0 7 1 6 0 1 1631 47 2 21 4 0 1 2 353 0 1 0 0 0 0 0 0 0 0 0 0 0 0 0 0 0 0 0 0 0 0 0 0 0 6 21 0 0 0 0 0 0 0
0 0 0 1593 4 65 3 42 69 1000 0 1682 13 20 4 0 0 0 0 0 0 0 0 65 0 0 0 317 16 0 0 2 0 19 0 0 0 57 0 0 0 0 10 8 0 18 0 0 1 0 0 0 0 11 0 0 0 16 0 0 0 51 0 0 0 0 0 0
7 0 4 0 0 2 56 18 0 11 4 0 4 30 1 399 37 1 7 0 0 1 4570 42 0 1 43 1620 26 1971 0 0 69 1074 0 0 0 0 0 0 0 0 1 0 0 0 0 0 0 51 0 0 0 0 17 5 11 36 0 0 1 11 0 0 0 0 0 3
0 252 3 0 3 0 0 0 425 0 2 1 59 0 11 680 0 0 1 0 1 0 6 553 103 3 250 11 0 0 1 2 0 2 0 11 2 0 0 0 0 0 38 0 4 0 12 0 3 270 0 0 0 0 27 346 126 103 10 1 218 14 1 0 0 0 1 0
89 0 2330 0 0 3 123 212 1 10 1 0 3 308 2 394 1065 3 6 0 4570 6 0 40 0 340 1679 510 136 428 0 0 18 1220 0 0 13 0 0 0 0 0 0 0 0 0 0 0 3 169 0 0 0 0 19 5 487 9 0 1 114 2 0 0 0 0 0 5
0 74 6 332 69 18 21 4 1572 30 0 493 19 7 150 414 1 0 0 65 42 553 40 0 50 9 543 1383 13 1 0 0 2 17 5 7 1 48 0 23 8 5 72 53 1 16 0 6 17 66 0 0 0 14 39 22 18 657 0 1 52 199 25 0 0 0 7 104
0 550 0 0 0 0 0 0 134 0 3 1 1004 0 2 0 0 0 1 0 0 103 0 50 0 9 833 0 1 0 6 1 0 3 0 17 0 0 0 1 0 0 1 0 27 0 206 0 0 0 0 0 0 0 0 5 0 0 132 6 178 0 1 0 8 1 0 1
22 4 3452 0 1 2 13 50 8 2 465 4 47 89 2 1 274 433 1631 0 1 3 340 9 9 0 2354 6 44 3 158 1 1 202 0 19 7 0 0 0 0 0 0 0 7 0 124 0 0 0 0 0 1 0 0 1 0 0 14 170 632 0 0 0 41 1 0 10
0 1267 3000 0 0 1 2 2 239 0 23 1 835 18 13 965 136 2 47 0 43 250 1679 543 833 2354 0 130 7 0 143 0 0 426 0 193 126 0 0 0 0 0 7 0 5 0 170 0 0 214 16 0 5 0 6 56 330 46 40 307 4476 3 0 0 27 0 0 24
5 1 55 1961 23 143 5074 63 179 1437 9 245 34 42 25 80 1 0 2 317 1620 11 510 1383 0 6 130 0 187 1918 0 0 17 339 2 1 1 44 0 27 17 3 43 56 2 54 0 2 23 16 0 0 0 26 13 6 2 418 0 1 2 254 9 2 0 0 1 88
458 0 9 24 2 54 259 34 19 163 250 71 25 1407 22 0 256 12 21 16 26 0 136 13 1 44 7 187 0 1822 1 10 509 818 0 0 0 0 0 0 0 0 2 0 0 0 1 0 1 3 0 0 0 0 0 0 0 7 0 0 2 5 0 1 0 1 0 3
238 0 17 0 0 0 1237 23 1 0 0 1 0 216 0 0 119 1 4 0 1971 0 428 1 0 3 0 1918 1822 0 0 0 217 501 0 0 0 0 0 0 0 0 1 0 0 0 0 0 1 0 0 0 0 0 1 0 0 2 0 0 0 0 0 0 0 0 0 0
0 0 0 0 0 0 0 0 0 0 27 0 158 0 0 0 0 0 0 0 0 1 0 0 6 158 143 0 1 0 0 0 0 3 0 2 0 0 0 0 0 0 0 0 6 0 94 0 0 0 0 0 0 0 0 0 0 0 5 1 31 0 0 0 11 0 0 0
0 0 0 0 466 39 1 113 10 2 196 5 346 242 39 0 0 0 1 2 0 2 0 0 1 1 0 0 10 0 0 0 0 243 0 0 0 0 0 1 0 0 1 0 0 0 0 0 0 0 0 0 0 0 0 0 0 0 0 0 0 0 0 0 0 0 0 0
0 0 0 0 0 1 1 0 2 2 0 1 0 1 0 0 24 0 2 0 69 0 18 2 0 1 0 17 509 217 0 0 0 291 0 0 0 0 0 0 0 0 0 0 0 0 0 0 0 1 0 0 0 0 0 2 0 0 0 0 0 1 0 0 0 0 0 0
6 2 327 37 21 29 42 7 13 100 1269 61 388 53 17 1 1414 108 353 19 1074 2 1220 17 3 202 426 339 818 501 3 243 291 0 0 0 1 0 0 2 0 1 2 0 1 2 2 1 3 2 0 0 0 0 1 0 5 49 2 7 48 26 1 0 0 0 0 7
0 0 0 0 0 0 0 0 2 0 0 0 0 0 1 0 0 0 0 0 0 0 0 5 0 0 0 2 0 0 0 0 0 0 0 0 6 1 0 0 614 59 2 14 13 2 0 1173 0 0 14 4 9 3 0 0 0 3 0 31 3 16 651 57 0 0 0 16
0 103 2 0 0 0 0 0 6 0 0 0 8 0 1 0 0 1 1 0 0 11 0 7 17 19 193 1 0 0 2 0 0 0 0 0 1 0 2 1 1 1 51 0 25 3 106 0 15 1 0 0 0 0 0 202 0 89 305 7 1492 0 0 0 0 0 0 0
0 3 24 0 0 0 0 0 0 0 0 0 0 0 0 2 3 0 0 0 0 2 13 1 0 7 126 1 0 0 0 0 0 1 6 1 0 0 0 41 422 84 1 18 2 0 0 173 0 15 385 1 34 0 6 0 1239 8 0 2455 1741 43 3 15 0 0 0 96
0 0 0 144 0 7 0 1 18 10 0 73 1 0 14 0 0 0 0 57 0 0 0 48 0 0 0 44 0 0 0 0 0 0 1 0 0 0 6 33 16 20 113 879 2 731 1 15 18 0 0 0 0 2014 0 1 0 413 0 0 0 1914 30 0 0 0 0 92
0 0 0 0 0 1 0 0 0 0 0 0 5 0 0 0 0 0 0 0 0 0 0 0 0 0 0 0 0 0 0 0 0 0 0 2 0 6 0 757 2 17 75 2 105 22 25 2 906 0 0 0 0 5 0 6 0 19 0 0 1 7 0 0 0 52 0 250
0 0 0 3 1 32 4 4 2 5 0 94 3 0 0 0 0 0 0 0 0 0 0 23 1 0 0 27 0 0 0 1 0 2 0 1 41 33 757 0 344 1313 41 3257 26 3062 1 78 608 0 0 0 0 46 1 1 18 21 0 5 1 71 18 1 0 19 0 26
0 0 0 4 0 5 0 0 4 18 0 7 0 0 1 0 0 0 0 0 0 0 0 8 0 0 0 17 0 0 0 0 0 0 614 1 422 16 2 344 0 135 23 2295 29 16 0 2001 4 7 228 1 18 7 91 0 565 68 0 127 43 6262 163 1415 0 2 1 39
0 0 0 0 0 1 0 1 0 0 0 1 4 0 0 0 0 0 0 0 0 0 0 5 0 0 0 3 0 0 0 0 0 1 59 1 84 20 17 1313 135 0 5 193 27 130 1 1458 58 0 18 0 4 24 0 0 30 9 0 72 2 14 20 2 0 30 1 13
0 1 0 16 0 5 1 0 89 16 1 5 4 0 6 0 0 0 0 10 1 38 0 72 1 0 7 43 2 1 0 1 0 2 2 51 1 113 75 41 23 5 0 33 27 309 58 7 309 0 0 1 0 81 0 285 0 1996 42 3 183 169 20 0 0 4 4 8
0 0 0 15 0 18 5 5 10 10 0 30 1 0 4 0 0 0 0 8 0 0 0 53 0 0 0 56 0 0 0 0 0 0 14 0 18 879 2 3257 2295 193 33 0 33 1798 0 161 9 0 0 0 0 1416 1 0 5 24 0 0 1 1927 98 0 0 2 1 136
0 2 0 0 0 1 0 0 1 1 18 1 144 1 5 0 0 1 0 0 0 4 0 1 27 7 5 2 0 0 6 0 0 1 13 25 2 2 105 26 29 27 27 33 0 114 588 67 33 0 14 1386 97 9 5 13 3 14 144 685 14 21 282 11 10 431 6 1767
0 0 0 36 0 145 3 1 90 61 0 309 5 0 18 0 0 0 0 18 0 0 0 16 0 0 0 54 0 0 0 0 0 2 2 3 0 731 22 3062 16 130 309 1798 114 0 1 94 436 0 0 2 0 3617 0 3 0 521 0 6 1 234 89 0 0 12 0 141
0 28 1 0 0 0 0 0 1 0 78 0 759 0 0 0 0 4 0 0 0 12 0 0 206 124 170 0 1 0 94 0 0 2 0 106 0 1 25 1 0 1 58 0 588 1 0 2 1 0 0 0 0 0 1 85 0 48 464 50 832 1 10 0 325 84 0 42
0 0 0 0 1 2 0 0 1 0 0 0 3 0 0 0 0 0 0 0 0 0 0 6 0 0 0 2 0 0 0 0 0 1 1173 0 173 15 2 78 2001 1458 7 161 67 94 2 0 29 0 71 3 32 51 1 0 89 20 0 186 4 74 1306 39 1 39 0 61
0 0 0 1 1 4 0 0 5 1 0 5 12 0 3 0 0 0 0 1 0 3 3 17 0 0 0 23 1 1 0 0 0 3 0 15 0 18 906 608 4 58 309 9 33 436 1 29 0 1 0 0 0 10 15 21 6 119 3 0 29 41 18 0 0 17 1 24
0 1 1 0 1 0 1 0 0 0 0 0 0 1 0 264 0 0 0 0 51 270 169 66 0 0 214 16 3 0 0 0 1 2 0 1 15 0 0 0 7 0 0 0 0 0 0 0 1 0 2 0 0 0 720 795 977 750 0 1 956 187 0 1 0 0 1 2
0 0 6 0 0 0 0 0 0 0 0 0 0 0 0 0 0 0 0 0 0 0 0 0 0 0 16 0 0 0 0 0 0 0 14 0 385 0 0 0 228 18 0 0 14 0 0 71 0 2 0 33 612 0 61 0 939 0 0 331 202 5 15 410 0 0 2 1117
0 0 0 0 0 0 0 0 0 0 0 0 0 0 0 0 0 0 0 0 0 0 0 0 0 0 0 0 0 0 0 0 0 0 4 0 1 0 0 0 1 0 1 0 1386 2 0 3 0 0 33 0 558 0 4 0 0 3 0 296 12 0 16 23 1 0 1 189
0 0 0 0 0 0 0 0 0 0 0 0 0 0 0 0 0 0 0 0 0 0 0 0 0 1 5 0 0 0 0 0 0 0 9 0 34 0 0 0 18 4 0 0 97 0 0 32 0 0 612 558 0 0 7 0 5 1 0 1952 35 2 40 97 0 0 4 235
0 0 0 24 0 6 0 1 4 20 0 27 1 0 5 0 0 0 0 11 0 0 0 14 0 0 0 26 0 0 0 0 0 0 3 0 0 2014 5 46 7 24 81 1416 9 3617 0 51 10 0 0 0 0 0 0 0 0 64 0 0 0 366 29 0 0 5 0 92
0 0 0 0 0 0 0 0 1 0 0 0 0 0 0 20 0 0 0 0 17 27 19 39 0 0 6 13 0 1 0 0 0 1 0 0 6 0 0 1 91 0 0 1 5 0 1 1 15 720 61 4 7 0 0 10 4158 51 0 8 22 1308 4 1806 0 0 11 908
0 26 0 1 0 0 0 0 2 0 0 1 1 0 0 24 0 0 0 0 5 346 5 22 5 1 56 6 0 0 0 0 2 0 0 202 0 1 6 1 0 0 285 0 13 3 85 0 21 795 0 0 0 0 10 0 9 799 80 1 701 9 0 0 0 0 0 1
0 0 5 0 0 0 0 0 0 0 0 0 0 0 0 242 0 0 0 0 11 126 487 18 0 0 330 2 0 0 0 0 0 5 0 0 1239 0 0 18 565 30 0 5 3 0 0 89 6 977 939 0 5 0 4158 9 0 36 0 390 2084 414 6 410 0 0 11 920
0 4 0 68 0 21 12 5 121 103 0 21 4 6 9 25 0 0 0 16 36 103 9 657 0 0 46 418 7 2 0 0 0 49 3 89 8 413 19 21 68 9 1996 24 14 521 48 20 119 750 0 3 1 64 51 799 36 0 56 0 668 2005 61 2 0 0 3 37
0 8 0 0 0 1 0 0 1 0 2 0 96 0 0 0 0 0 0 0 0 10 0 0 132 14 40 0 0 0 5 0 0 2 0 305 0 0 0 0 0 0 42 0 144 0 464 0 3 0 0 0 0 0 0 80 0 56 0 0 479 0 0 0 0 5 0 1
0 18 29 0 0 0 0 0 0 0 4 0 6 0 0 0 4 5 6 0 0 1 1 1 6 170 307 1 0 0 1 0 0 7 31 7 2455 0 0 5 127 72 3 0 685 6 50 186 0 1 331 296 1952 0 8 1 390 0 0 0 1680 2 30 104 288 2 1 202
0 380 183 0 0 0 1 0 27 0 15 0 158 2 1 28 10 7 21 0 1 218 114 52 178 632 4476 2 2 0 31 0 0 48 3 1492 1741 0 1 1 43 2 183 1 14 1 832 4 29 956 202 12 35 0 22 701 2084 668 479 1680 0 80 3 3 218 0 1 317
0 0 0 81 1 41 9 1 38 64 0 118 1 3 15 2 0 0 0 51 11 14 2 199 0 0 3 254 5 0 0 0 1 26 16 0 43 1914 7 71 6262 14 169 1927 21 234 1 74 41 187 5 0 2 366 1308 9 414 2005 0 2 80 0 257 1483 0 1 72 301
0 0 0 0 0 1 1 0 15 0 0 0 2 0 1 1 0 0 0 0 0 1 0 25 1 0 0 9 0 0 0 0 0 1 651 0 3 30 0 18 163 20 20 98 282 89 10 1306 18 0 15 16 40 29 4 0 6 61 0 30 3 257 0 315 0 136 641 976
0 0 0 0 0 0 0 0 0 0 0 0 0 0 0 1 0 0 0 0 0 0 0 0 0 0 0 2 1 0 0 0 0 0 57 0 15 0 0 1 1415 2 0 0 11 0 0 39 0 1 410 23 97 0 1806 0 410 2 0 104 3 1483 315 0 0 0 260 531
0 2 0 0 0 0 0 0 0 0 3 0 37 0 0 0 0 2 0 0 0 0 0 0 8 41 27 0 0 0 11 0 0 0 0 0 0 0 0 0 0 0 0 0 10 0 325 1 0 0 0 1 0 0 0 0 0 0 0 288 218 0 0 0 0 0 0 1
0 0 0 0 0 0 0 0 0 0 0 0 30 1 0 0 0 0 0 0 0 0 0 0 1 1 0 0 1 0 0 0 0 0 0 0 0 0 52 19 2 30 4 2 431 12 84 39 17 0 0 0 0 5 0 0 0 0 5 2 0 1 136 0 0 0 0 343
0 0 0 0 0 1 0 1 4 0 0 0 0 0 0 0 0 0 0 0 0 1 0 7 0 0 0 1 0 0 0 0 0 0 0 0 0 0 0 0 1 1 4 1 6 0 0 0 1 1 2 1 4 0 11 0 11 3 0 1 1 72 641 260 0 0 0 353
0 3 1 2 0 6 3 1 6 3 0 6 5 2 2 2 0 0 0 0 3 0 5 104 1 10 24 88 3 0 0 0 0 7 16 0 96 92 250 26 39 13 8 136 1767 141 42 61 24 2 1117 189 235 92 908 1 920 37 1 202 317 301 976 531 1 343 353 0
