0 0 27 0 0 2 187 43 0 4 3 0 0 1236 0 0 30 4 7 1 0 0 10 1 0 11 2 3 1033 189 0 0 0 5 0 0 0 0 0 0 0 0 2 0 0 0 0 0 0 1 0 0 0 0 0 0 0 1 0 0 0 0 0 0 0 0 0 0
0 0 0 0 1 1 0 0 45 0 6 0 46 0 0 3 1 0 3 0 0 371 0 65 412 2 898 0 0 0 0 0 0 1 0 228 0 0 0 0 0 0 0 0 0 0 31 0 0 2 0 0 0 0 0 67 1 4 14 11 137 0 0 0 0 0 0 1
27 0 0 0 0 56 448 326 0 46 0 0 0 213 0 0 1133 1 60 0 209 1 3914 9 0 2213 2206 192 46 159 0 1 0 243 0 1 23 0 0 0 0 0 0 0 0 0 0 0 0 2 0 0 0 0 0 0 15 0 0 3 146 0 0 0 0 0 0 0
0 0 0 0 11 28 6 5 97 612 0 232 0 2 37 0 0 0 0 1984 0 0 0 592 0 0 0 2404 8 0 0 1 0 19 0 0 0 76 0 9 0 0 23 0 0 88 0 1 6 0 0 0 0 144 0 1 0 70 0 0 0 6 1 0 0 0 0 0
0 1 0 11 0 262 0 7 57 3 29 27 63 0 699 0 0 0 0 9 10 2 20 31 2 0 0 35 0 0 0 245 0 163 0 0 0 0 1 1 0 0 0 1 0 3 0 0 3 0 0 0 0 0 0 1 0 0 0 0 0 0 0 0 0 0 0 0
2 1 56 28 262 0 243 2165 110 3073 82 2351 98 86 1095 0 11 27 13 198 5 0 12 36 1 39 15 104 91 1 0 25 0 46 0 0 0 2 0 35 0 5 8 0 0 123 0 0 11 0 0 0 0 10 1 0 0 44 0 0 0 7 0 0 0 1 0 9
187 0 448 6 0 243 0 436 8 1816 7 1 4 1125 12 0 1 1 3 3 47 0 154 118 0 25 8 4721 192 1336 0 0 7 73 0 0 0 1 0 0 0 0 1 0 0 1 0 0 0 0 0 0 0 6 0 6 0 5 0 0 0 3 0 0 0 0 0 0
43 0 326 5 7 2165 436 0 23 520 101 99 71 2494 14 0 223 8 27 32 8 0 86 7 1 162 1 34 100 60 0 115 0 40 0 0 0 0 0 6 0 2 0 0 0 3 0 0 0 0 0 0 0 0 0 0 0 10 0 0 0 4 1 0 0 0 0 8
0 45 0 97 57 110 8 23 0 29 10 276 31 3 164 0 0 0 3 89 0 440 0 3371 89 2 217 185 27 2 0 2 12 25 0 4 0 42 1 6 1 0 230 9 0 18 2 0 4 9 0 0 0 20 7 41 1 95 8 0 1 42 3 0 0 0 2 2
4 0 46 612 3 3073 1816 520 29 0 20 1429 46 650 31 0 1 5 2 1561 3 0 11 8 0 3 0 1617 145 0 0 0 1 94 0 0 0 2 0 3 0 1 30 0 0 81 0 0 5 0 0 0 0 15 0 0 0 84 0 0 0 1 0 0 0 0 0 0
3 6 0 0 29 82 7 101 10 20 0 12 591 31 0 0 2 1135 124 0 0 11 0 1 91 542 38 1 328 1 26 98 0 898 0 2 0 0 0 0 0 0 0 0 33 0 221 0 0 0 0 0 0 0 0 0 0 0 22 5 11 0 0 0 12 0 0 0
0 0 0 232 27 2351 1 99 276 1429 12 0 71 23 617 0 0 0 0 2132 0 0 0 238 1 0 0 107 52 0 0 0 0 53 0 0 0 37 3 155 0 2 44 23 0 722 0 0 26 0 0 0 0 65 0 0 0 62 0 0 0 30 2 0 0 0 0 3
0 46 0 0 63 98 4 71 31 46 591 71 0 5 39 0 0 23 0 18 0 39 1 13 839 76 774 20 25 0 179 87 0 558 0 20 0 1 4 16 0 11 3 2 75 36 595 3 7 0 0 0 0 4 0 4 0 0 101 20 47 0 2 0 17 6 0 90
1236 0 213 2 0 86 1125 2494 3 650 31 23 5 0 1 0 165 3 20 6 6 0 86 1 0 62 5 12 2344 468 0 2 0 24 0 0 0 0 0 0 0 0 0 0 0 0 0 0 0 0 0 0 0 0 0 0 0 1 1 0 0 0 0 0 0 0 0 3
0 0 0 37 699 1095 12 14 164 31 0 617 39 1 0 0 0 0 0 79 22 2 8 129 0 0 4 125 9 1 0 10 1 17 0 0 0 7 1 12 0 1 4 3 0 19 0 0 2 1 0 0 0 9 0 1 1 4 0 0 0 3 0 0 0 0 0 0
0 3 0 0 0 0 0 0 0 0 0 0 0 0 0 0 0 0 0 0 345 749 602 453 1 0 1160 158 0 0 0 0 0 3 0 1 0 0 0 0 0 0 0 0 0 0 0 0 0 349 0 0 0 0 34 59 170 7 0 0 19 7 0 1 0 0 0 0
30 1 1133 0 0 11 1 223 0 1 2 0 0 165 0 0 0 4 1546 0 20 0 717 0 0 549 140 5 275 214 0 0 24 1007 0 0 2 0 0 0 0 0 0 0 0 0 0 0 0 1 0 0 0 0 0 0 1 0 0 1 15 0 0 0 0 0 0 0
4 0 1 0 0 27 1 8 0 5 1135 0 23 3 0 0 4 0 427 0 0 0 0 0 0 272 9 0 31 0 0 0 1 64 0 0 0 0 0 0 0 0 0 0 0 0 2 0 0 0 0 0 0 0 0 0 0 0 0 2 3 0 0 0 0 0 0 0
7 3 60 0 0 13 3 27 3 2 124 0 0 20 0 0 1546 427 0 0 7 1 9 0 0 2033 162 7 72 9 0 1 6 879 0 6 0 0 0 0 0 0 0 0 0 0 0 0 0 0 0 0 0 0 0 1 0 0 0 4 36 0 0 0 0 0 0 1
1 0 0 1984 9 198 3 32 89 1561 0 2132 18 6 79 0 0 0 0 0 0 0 0 255 2 0 0 547 19 0 0 0 0 25 0 0 0 36 1 18 0 0 62 2 0 174 0 0 18 0 0 0 0 140 0 0 0 156 0 0 0 71 0 0 0 0 0 0
0 0 209 0 10 5 47 8 0 3 0 0 0 6 22 345 20 0 7 0 0 27 7798 0 0 1 108 1228 16 2568 0 0 2 1167 0 0 1 0 0 0 0 0 0 0 0 0 0 0 0 100 0 0 0 0 35 24 17 15 0 0 0 9 0 0 0 0 0 3
0 371 1 0 2 0 0 0 440 0 11 0 39 0 2 749 0 0 1 0 27 0 9 831 88 2 1056 24 0 0 0 0 0 4 0 5 0 0 1 0 0 0 15 0 0 0 12 0 0 74 0 0 0 1 13 279 16 19 5 0 24 7 1 0 0 0 0 0
10 0 3914 0 20 12 154 86 0 11 0 0 1 86 8 602 717 0 9 0 7798 9 0 62 0 28 762 386 31 547 0 1 2 1336 0 0 10 0 0 0 0 0 0 0 0 0 0 0 0 466 0 0 0 0 24 21 325 4 0 0 134 3 0 0 0 0 0 0
1 65 9 592 31 36 118 7 3371 8 1 238 13 1 129 453 0 0 0 255 0 831 62 0 103 6 701 2685 23 2 0 1 4 31 0 3 0 95 0 4 1 1 139 44 0 39 0 0 0 129 0 0 0 97 52 123 27 357 1 0 2 158 3 2 0 0 3 14
0 412 0 0 2 1 0 1 89 0 91 1 839 0 0 1 0 0 0 2 0 88 0 103 0 2 1296 0 1 0 2 0 0 0 0 64 0 2 4 5 0 4 3 0 30 17 150 0 5 0 0 0 0 9 0 1 0 0 300 6 68 1 0 0 7 1 1 28
11 2 2213 0 0 39 25 162 2 3 542 0 76 62 0 0 549 272 2033 0 1 2 28 6 2 0 3265 13 44 10 162 2 6 157 0 24 11 0 0 0 0 0 0 0 7 0 127 0 0 0 0 0 0 0 0 2 1 0 17 228 561 0 0 0 28 0 0 18
2 898 2206 0 0 15 8 1 217 0 38 0 774 5 4 1160 140 9 162 0 108 1056 762 701 1296 3265 0 227 26 0 96 1 0 301 0 493 207 0 0 0 0 0 3 0 10 1 162 0 0 241 1 0 0 0 1 115 185 4 177 351 4514 5 1 0 28 0 0 35
3 0 192 2404 35 104 4721 34 185 1617 1 107 20 12 125 158 5 0 7 547 1228 24 386 2685 0 13 227 0 165 2214 0 0 64 490 0 0 0 11 0 5 0 0 110 0 0 75 0 0 6 61 0 0 0 30 19 20 13 221 0 0 1 33 2 0 0 0 0 16
1033 0 46 8 0 91 192 100 27 145 328 52 25 2344 9 0 275 31 72 19 16 0 31 23 1 44 26 165 0 1637 0 77 1197 1013 1 1 0 1 0 2 0 1 8 0 0 0 0 2 0 0 0 0 0 0 3 1 0 12 0 0 0 4 1 0 0 0 0 4
189 0 159 0 0 1 1336 60 2 0 1 0 0 468 1 0 214 0 9 0 2568 0 547 2 0 10 0 2214 1637 0 0 0 306 1147 0 0 0 0 0 0 0 0 1 0 0 0 0 0 0 2 0 0 0 0 1 0 0 4 0 0 0 0 0 0 0 0 0 0
0 0 0 0 0 0 0 0 0 0 26 0 179 0 0 0 0 0 0 0 0 0 0 0 2 162 96 0 0 0 0 0 0 0 0 0 0 0 0 0 0 0 0 0 3 0 102 0 0 0 0 0 0 0 0 0 0 0 7 5 14 0 0 0 5 0 0 0
0 0 1 1 245 25 0 115 2 0 98 0 87 2 10 0 0 0 1 0 0 0 1 1 0 2 1 0 77 0 0 0 0 295 0 0 0 0 0 2 0 0 0 0 0 0 1 1 0 0 0 0 0 0 0 0 0 0 0 0 0 0 0 0 0 0 0 2
0 0 0 0 0 0 7 0 12 1 0 0 0 0 1 0 24 1 6 0 2 0 2 4 0 6 0 64 1197 306 0 0 0 496 0 0 0 0 0 0 0 0 2 0 0 1 0 0 0 0 0 0 0 0 0 0 0 2 0 0 0 0 0 0 0 0 0 0
5 1 243 19 163 46 73 40 25 94 898 53 558 24 17 3 1007 64 879 25 1167 4 1336 31 0 157 301 490 1013 1147 0 295 496 0 0 2 5 0 0 2 0 1 10 0 0 1 3 0 1 8 0 0 0 1 21 4 10 45 2 7 73 27 2 0 0 0 1 7
0 0 0 0 0 0 0 0 0 0 0 0 0 0 0 0 0 0 0 0 0 0 0 0 0 0 0 0 1 0 0 0 0 0 0 0 18 0 0 0 1121 10 1 2 1 0 0 645 0 0 50 11 50 0 0 0 3 3 0 41 1 3 928 374 0 0 1 12
0 228 1 0 0 0 0 0 4 0 2 0 20 0 0 1 0 0 6 0 0 5 0 3 64 24 493 0 1 0 0 0 0 2 0 0 0 0 0 0 0 0 93 0 4 1 57 0 0 0 0 0 0 0 0 388 0 106 705 12 1059 0 0 0 0 1 0 0
0 0 23 0 0 0 0 0 0 0 0 0 0 0 0 0 2 0 0 0 1 0 10 0 0 11 207 0 0 0 0 0 0 5 18 0 0 0 0 47 545 187 0 11 0 6 0 239 0 2 586 0 5 0 23 0 3304 2 0 1243 1859 180 4 26 0 1 0 73
0 0 0 76 0 2 1 0 42 2 0 37 1 0 7 0 0 0 0 36 0 0 0 95 2 0 0 11 1 0 0 0 0 0 0 0 0 0 4 42 6 18 105 293 1 860 0 6 13 0 0 0 0 3481 0 0 0 661 0 0 0 1659 24 0 0 0 1 26
0 0 0 0 1 0 0 0 1 0 0 3 4 0 1 0 0 0 0 1 0 1 0 0 4 0 0 0 0 0 0 0 0 0 0 0 0 4 0 576 0 3 80 1 4 3 3 0 592 0 0 0 0 1 1 6 0 62 0 0 0 21 0 0 0 151 0 43
0 0 0 9 1 35 0 6 6 3 0 155 16 0 12 0 0 0 0 18 0 0 0 4 5 0 0 5 2 0 0 2 0 2 0 0 47 42 576 0 217 2148 91 2560 17 2220 0 80 1040 1 0 5 7 120 0 1 10 78 0 8 0 391 14 0 1 8 0 76
0 0 0 0 0 0 0 0 1 0 0 0 0 0 0 0 0 0 0 0 0 0 0 1 0 0 0 0 0 0 0 0 0 0 1121 0 545 6 0 217 0 407 4 1223 1 22 0 2245 10 1 266 0 52 4 25 1 403 109 0 83 9 4818 156 1993 0 0 7 70
0 0 0 0 0 5 0 2 0 1 0 2 11 0 1 0 0 0 0 0 0 0 0 1 4 0 0 0 1 0 0 0 0 1 10 0 187 18 3 2148 407 0 11 608 77 173 3 1971 16 0 19 9 10 33 0 0 22 13 0 55 1 39 119 11 1 220 0 96
2 0 0 23 0 8 1 0 230 30 0 44 3 0 4 0 0 0 0 62 0 15 0 139 3 0 3 110 8 1 0 0 2 10 1 93 0 105 80 91 4 11 0 15 2 226 23 2 277 1 0 0 5 33 0 585 0 2420 185 1 98 141 26 0 0 5 18 36
0 0 0 0 1 0 0 0 9 0 0 23 2 0 3 0 0 0 0 2 0 0 0 44 0 0 0 0 0 0 0 0 0 0 2 0 11 293 1 2560 1223 608 15 0 1 2021 0 550 10 1 0 0 0 1658 0 0 1 69 0 0 0 2349 161 0 0 0 2 84
0 0 0 0 0 0 0 0 0 0 33 0 75 0 0 0 0 0 0 0 0 0 0 0 30 7 10 0 0 0 3 0 0 0 1 4 0 1 4 17 1 77 2 1 0 26 690 50 0 0 3 1653 246 6 1 0 2 1 41 751 2 0 283 3 38 353 2 1361
0 0 0 88 3 123 1 3 18 81 0 722 36 0 19 0 0 0 0 174 0 0 0 39 17 0 1 75 0 0 0 0 1 1 0 1 6 860 3 2220 22 173 226 2021 26 0 0 42 211 0 0 3 25 2409 0 1 0 353 1 0 0 233 125 0 0 0 0 135
0 31 0 0 0 0 0 0 2 0 221 0 595 0 0 0 0 2 0 0 0 12 0 0 150 127 162 0 0 0 102 1 0 3 0 57 0 0 3 0 0 3 23 0 690 0 0 0 18 0 0 1 0 0 0 11 0 3 767 78 476 0 2 0 250 60 0 125
0 0 0 1 0 0 0 0 0 0 0 0 3 0 0 0 0 0 0 0 0 0 0 0 0 0 0 0 2 0 0 1 0 0 645 0 239 6 0 80 2245 1971 2 550 50 42 0 0 3 1 67 3 42 21 0 0 19 15 0 67 0 30 1700 180 2 10 0 93
0 0 0 6 3 11 0 0 4 5 0 26 7 0 2 0 0 0 0 18 0 0 0 0 5 0 0 6 0 0 0 0 0 1 0 0 0 13 592 1040 10 16 277 10 0 211 18 3 0 6 0 0 0 7 58 8 14 120 0 0 4 53 13 0 0 3 6 9
1 2 2 0 0 0 0 0 9 0 0 0 0 0 1 349 1 0 0 0 100 74 466 129 0 0 241 61 0 2 0 0 0 8 0 0 2 0 0 1 1 0 1 1 0 0 0 1 6 0 0 0 0 0 1489 1074 702 937 1 2 948 779 1 0 0 0 2 3
0 0 0 0 0 0 0 0 0 0 0 0 0 0 0 0 0 0 0 0 0 0 0 0 0 0 1 0 0 0 0 0 0 0 50 0 586 0 0 0 266 19 0 0 3 0 0 67 0 0 0 6 960 0 21 0 1459 1 0 275 12 16 16 97 0 0 2 785
0 0 0 0 0 0 0 0 0 0 0 0 0 0 0 0 0 0 0 0 0 0 0 0 0 0 0 0 0 0 0 0 0 0 11 0 0 0 0 5 0 9 0 0 1653 3 1 3 0 0 6 0 861 1 0 0 0 2 0 220 0 0 36 3 0 3 0 130
0 0 0 0 0 0 0 0 0 0 0 0 0 0 0 0 0 0 0 0 0 0 0 0 0 0 0 0 0 0 0 0 0 0 50 0 5 0 0 7 52 10 5 0 246 25 0 42 0 0 960 861 0 8 9 0 2 9 0 846 1 2 93 113 0 1 4 731
0 0 0 144 0 10 6 0 20 15 0 65 4 0 9 0 0 0 0 140 0 1 0 97 9 0 0 30 0 0 0 0 0 1 0 0 0 3481 1 120 4 33 33 1658 6 2409 0 21 7 0 0 1 8 0 0 0 0 165 0 0 0 293 61 0 0 0 0 75
0 0 0 0 0 1 0 0 7 0 0 0 0 0 0 34 0 0 0 0 35 13 24 52 0 0 1 19 3 1 0 0 0 21 0 0 23 0 1 0 25 0 0 0 1 0 0 0 58 1489 21 0 9 0 0 23 5852 5 0 0 47 1759 6 2225 0 0 5 1052
0 67 0 1 1 0 6 0 41 0 0 0 4 0 1 59 0 0 1 0 24 279 21 123 1 2 115 20 1 0 0 0 0 4 0 388 0 0 6 1 1 0 585 0 0 1 11 0 8 1074 0 0 0 0 23 0 6 462 52 2 840 37 0 0 0 0 0 3
0 1 15 0 0 0 0 0 1 0 0 0 0 0 1 170 1 0 0 0 17 16 325 27 0 1 185 13 0 0 0 0 0 10 3 0 3304 0 0 10 403 22 0 1 2 0 0 19 14 702 1459 0 2 0 5852 6 0 14 0 15 1128 549 13 325 0 0 0 616
1 4 0 70 0 44 5 10 95 84 0 62 0 1 4 7 0 0 0 156 15 19 4 357 0 0 4 221 12 4 0 0 2 45 3 106 2 661 62 78 109 13 2420 69 1 353 3 15 120 937 1 2 9 165 5 462 14 0 87 0 192 2536 66 0 0 1 42 83
0 14 0 0 0 0 0 0 8 0 22 0 101 1 0 0 0 0 0 0 0 5 0 1 300 17 177 0 0 0 7 0 0 2 0 705 0 0 0 0 0 0 185 0 41 1 767 0 0 1 0 0 0 0 0 52 0 87 0 4 662 0 0 0 5 0 0 1
0 11 3 0 0 0 0 0 0 0 5 0 20 0 0 0 1 2 4 0 0 0 0 0 6 228 351 0 0 0 5 0 0 7 41 12 1243 0 0 8 83 55 1 0 751 0 78 67 0 2 275 220 846 0 0 2 15 0 4 0 3524 8 19 14 97 16 0 90
0 137 146 0 0 0 0 0 1 0 11 0 47 0 0 19 15 3 36 0 0 24 134 2 68 561 4514 1 0 0 14 0 0 73 1 1059 1859 0 0 0 9 1 98 0 2 0 476 0 4 948 12 0 1 0 47 840 1128 192 662 3524 0 125 2 1 81 0 0 61
0 0 0 6 0 7 3 4 42 1 0 30 0 0 3 7 0 0 0 71 9 7 3 158 1 0 5 33 4 0 0 0 0 27 3 0 180 1659 21 391 4818 39 141 2349 0 233 0 30 53 779 16 0 2 293 1759 37 549 2536 0 8 125 0 174 1234 0 0 77 286
0 0 0 1 0 0 0 1 3 0 0 2 2 0 0 0 0 0 0 0 0 1 0 3 0 0 1 2 1 0 0 0 0 2 928 0 4 24 0 14 156 119 26 161 283 125 2 1700 13 1 16 36 93 61 6 0 13 66 0 19 2 174 0 882 3 187 906 1164
0 0 0 0 0 0 0 0 0 0 0 0 0 0 0 1 0 0 0 0 0 0 0 2 0 0 0 0 0 0 0 0 0 0 374 0 26 0 0 0 1993 11 0 0 3 0 0 180 0 0 97 3 113 0 2225 0 325 0 0 14 1 1234 882 0 0 0 229 715
0 0 0 0 0 0 0 0 0 0 12 0 17 0 0 0 0 0 0 0 0 0 0 0 7 28 28 0 0 0 5 0 0 0 0 0 0 0 0 1 0 1 0 0 38 0 250 2 0 0 0 0 0 0 0 0 0 0 5 97 81 0 3 0 0 3 0 1
0 0 0 0 0 1 0 0 0 0 0 0 6 0 0 0 0 0 0 0 0 0 0 0 1 0 0 0 0 0 0 0 0 0 0 1 1 0 151 8 0 220 5 0 353 0 60 10 3 0 0 3 1 0 0 0 0 1 0 16 0 0 187 0 3 0 0 419
0 0 0 0 0 0 0 0 2 0 0 0 0 0 0 0 0 0 0 0 0 0 0 3 1 0 0 0 0 0 0 0 0 1 1 0 0 1 0 0 7 0 18 2 2 0 0 0 6 2 2 0 4 0 5 0 0 42 0 0 0 77 906 229 0 0 0 595
0 1 0 0 0 9 0 8 2 0 0 3 90 3 0 0 0 0 1 0 3 0 0 14 28 18 35 16 4 0 0 2 0 7 12 0 73 26 43 76 70 96 36 84 1361 135 125 93 9 3 785 130 731 75 1052 3 616 83 1 90 61 286 1164 715 1 419 595 0
