0 0 41 1 0 18 489 116 0 7 17 5 2 1489 2 0 40 25 15 0 8 0 87 0 1 20 9 9 943 122 0 1 1 6 0 0 0 0 0 0 0 1 0 0 0 0 0 0 0 0 0 0 0 0 0 0 0 0 0 0 0 0 0 0 0 0 0 1
0 0 0 0 0 0 0 0 45 0 22 0 147 0 1 4 0 0 2 0 2 164 1 50 498 13 1548 0 1 0 0 0 0 3 0 137 6 0 0 0 0 0 1 0 0 0 9 0 0 0 3 0 1 0 0 23 1 3 3 10 190 0 0 0 0 0 0 3
41 0 0 0 2 6 259 86 0 2 0 1 0 137 0 1 1710 0 100 0 160 0 2570 3 0 1586 3470 140 20 197 0 0 1 180 0 0 79 0 0 0 0 0 0 0 0 0 0 0 0 1 11 0 3 0 0 0 15 0 0 3 153 0 0 0 0 0 0 9
1 0 0 0 54 69 4 4 150 753 0 1382 8 10 51 0 0 0 0 4016 0 3 0 768 14 0 1 707 50 0 0 0 1 57 0 0 0 101 0 33 0 0 14 0 0 95 0 0 27 0 0 0 0 49 0 0 0 157 0 0 0 4 0 0 0 0 0 1
0 0 2 54 0 359 3 9 108 25 21 90 96 0 1127 0 0 0 0 14 1 5 0 107 3 0 1 33 2 0 0 181 0 482 0 0 0 0 3 16 0 0 8 2 1 7 1 0 23 0 0 0 0 0 0 1 0 1 0 0 0 0 0 0 0 0 0 2
18 0 6 69 359 0 402 2966 39 2668 23 4057 32 83 927 0 6 4 2 63 1 0 8 46 10 9 4 279 76 4 0 6 1 40 0 0 0 0 5 29 0 3 7 5 0 46 5 3 18 0 0 0 0 8 0 0 0 96 0 0 0 56 0 0 0 0 0 12
489 0 259 4 3 402 0 390 5 2224 1 15 2 1488 27 5 10 1 2 0 128 0 143 148 1 2 10 4703 367 2653 0 1 64 149 0 0 0 1 0 4 0 0 1 1 0 0 0 0 2 1 0 0 0 0 0 0 0 10 0 0 0 7 0 0 0 0 0 1
116 0 86 4 9 2966 390 0 15 1200 62 128 41 2254 35 0 129 13 5 8 9 1 266 14 1 36 4 38 179 100 1 242 2 27 0 0 0 0 1 19 0 4 3 1 0 1 2 2 7 0 0 0 0 0 0 0 0 3 0 1 0 2 0 0 0 1 0 12
0 45 0 150 108 39 5 15 0 110 14 380 54 4 315 0 1 0 2 50 0 520 0 1937 41 16 258 109 4 0 0 3 0 15 0 2 0 14 4 12 2 4 159 15 0 31 0 1 5 3 0 0 0 21 0 15 0 105 2 0 8 37 0 0 0 0 0 3
7 0 2 753 25 2668 2224 1200 110 0 1 2121 20 629 57 0 1 0 1 1052 0 0 1 58 8 0 0 1818 154 2 0 1 0 92 0 0 0 3 0 20 0 0 40 0 0 57 0 0 11 0 0 0 0 7 0 2 0 344 0 0 0 9 0 0 0 0 0 0
17 22 0 0 21 23 1 62 14 1 0 27 528 41 10 0 36 1099 378 1 0 25 3 8 76 736 9 2 176 1 0 410 0 798 0 6 1 0 0 1 0 0 0 0 26 0 382 0 0 0 0 1 0 0 0 1 0 0 19 43 21 0 0 0 2 2 0 0
5 0 1 1382 90 4057 15 128 380 2121 27 0 49 40 763 0 0 7 6 2395 0 2 0 378 9 7 0 134 161 0 0 3 1 153 0 0 0 34 1 204 0 0 20 56 0 723 3 0 32 0 0 0 0 55 0 0 0 146 0 0 0 44 3 0 0 0 0 0
2 147 0 8 96 32 2 41 54 20 528 49 0 10 25 0 0 1 1 10 0 144 1 70 879 73 393 8 14 2 87 199 0 449 1 10 0 1 6 22 0 7 5 10 33 9 845 3 11 1 0 1 0 6 0 5 0 4 86 51 65 10 1 0 5 4 0 52
1489 0 137 10 0 83 1488 2254 4 629 41 40 10 0 5 0 142 14 16 6 21 0 375 8 3 26 15 41 2350 422 0 267 1 28 0 0 0 0 1 7 0 0 0 0 0 0 0 0 1 1 0 0 0 0 0 0 0 3 0 0 0 0 0 0 0 0 0 0
2 1 0 51 1127 927 27 35 315 57 10 763 25 5 0 3 0 1 0 21 38 11 24 445 6 3 23 110 16 1 0 17 0 30 0 0 0 14 5 17 0 1 18 11 0 56 4 0 30 6 0 0 0 20 0 1 1 16 0 0 0 15 0 0 0 0 0 9
0 4 1 0 0 0 5 0 0 0 0 0 0 0 3 0 1 0 0 0 885 758 1171 447 2 0 1019 117 1 12 0 0 0 14 0 0 0 0 0 2 0 0 3 0 0 0 0 0 5 1061 0 0 0 0 23 64 248 92 0 0 76 44 14 22 0 0 1 8
40 0 1710 0 0 6 10 129 1 1 36 0 0 142 0 1 0 20 2047 0 31 0 1927 2 0 932 1017 9 199 88 0 1 23 1212 0 3 9 0 0 0 0 0 0 0 0 0 0 0 0 4 0 0 0 0 0 0 3 0 0 3 45 0 0 0 0 0 0 4
25 0 0 0 0 4 1 13 0 0 1099 7 1 14 1 0 20 0 930 0 0 0 1 0 0 336 0 0 33 0 0 9 0 91 0 0 0 0 0 0 0 0 0 0 0 0 3 0 0 0 0 0 0 0 0 0 0 0 0 1 6 0 0 0 0 0 0 0
15 2 100 0 0 2 2 5 2 1 378 6 1 16 0 0 2047 930 0 1 1 1 25 0 0 1122 148 0 71 4 0 2 0 628 0 1 5 0 0 0 0 0 0 0 0 0 4 0 0 0 3 0 1 0 0 0 0 0 0 16 46 0 0 0 0 0 0 1
0 0 0 4016 14 63 0 8 50 1052 1 2395 10 6 21 0 0 0 1 0 0 0 0 87 7 0 0 158 41 0 0 0 0 32 0 0 0 120 0 15 0 0 16 21 0 45 0 0 19 0 0 0 0 51 0 1 0 106 0 0 0 29 0 0 0 0 0 1
8 2 160 0 1 1 128 9 0 0 0 0 0 21 38 885 31 0 1 0 0 2 7860 7 0 0 41 1820 62 3292 0 0 31 1464 0 0 0 0 0 0 0 0 0 0 0 0 0 0 1 44 0 0 0 0 7 2 3 27 0 0 1 13 4 7 0 0 0 11
0 164 0 3 5 0 0 1 520 0 25 2 144 0 11 758 0 0 1 0 2 0 3 1032 85 11 1303 3 1 0 3 0 0 7 0 13 4 3 0 0 0 0 35 1 0 0 2 0 0 95 3 0 0 0 0 152 9 46 5 2 69 6 1 2 0 0 0 1
87 1 2570 0 0 8 143 266 0 1 3 0 1 375 24 1171 1927 1 25 0 7860 3 0 23 0 55 2654 370 270 642 0 0 14 2024 0 1 8 0 0 0 0 0 0 0 0 0 0 0 3 355 0 0 0 0 8 18 320 11 0 0 273 3 1 10 0 0 0 12
0 50 3 768 107 46 148 14 1937 58 8 378 70 8 445 447 2 0 0 87 7 1032 23 0 62 13 869 2180 30 33 0 4 4 67 4 4 0 82 0 126 0 6 176 147 0 51 0 0 64 130 0 0 0 105 6 33 6 1042 1 0 18 382 14 8 0 0 1 63
1 498 0 14 3 10 1 1 41 8 76 9 879 3 6 2 0 0 0 7 0 85 0 62 0 6 1142 5 3 1 4 13 1 15 0 71 1 1 3 7 0 1 2 10 3 2 151 1 1 0 0 0 0 10 0 2 1 4 220 20 90 6 0 0 0 3 0 33
20 13 1586 0 0 9 2 36 16 0 736 7 73 26 3 0 932 336 1122 0 0 11 55 13 6 0 3305 4 101 5 24 12 2 273 0 33 71 0 0 0 0 0 0 0 6 0 330 0 0 0 14 1 10 0 0 5 0 0 26 347 889 0 0 0 6 0 0 16
9 1548 3470 1 1 4 10 4 258 0 9 0 393 15 23 1019 1017 0 148 0 41 1303 2654 869 1142 3305 0 231 78 7 80 5 2 814 0 418 382 1 0 0 0 0 6 0 1 0 166 0 0 511 57 0 18 0 3 216 400 25 62 301 4821 5 0 0 0 0 0 75
9 0 140 707 33 279 4703 38 109 1818 2 134 8 41 110 117 9 0 0 158 1820 3 370 2180 5 4 231 0 269 748 0 0 32 399 0 0 0 2 0 51 0 0 33 1 0 16 0 0 19 22 0 0 0 8 1 3 2 269 0 0 3 74 4 6 0 0 0 16
943 1 20 50 2 76 367 179 4 154 176 161 14 2350 16 1 199 33 71 41 62 1 270 30 3 101 78 269 0 2498 2 166 762 1043 0 4 1 0 0 6 0 2 2 0 0 0 1 0 1 2 0 0 0 0 0 1 0 15 1 0 10 4 0 0 0 0 0 4
122 0 197 0 0 4 2653 100 0 2 1 0 2 422 1 12 88 0 4 0 3292 0 642 33 1 5 7 748 2498 0 0 1 217 405 0 0 0 0 0 0 0 1 1 0 0 0 0 0 9 7 0 0 0 0 3 1 0 36 0 0 1 15 1 1 0 0 0 3
0 0 0 0 0 0 0 1 0 0 0 0 87 0 0 0 0 0 0 0 0 3 0 0 4 24 80 0 2 0 0 0 0 0 0 0 0 0 0 0 0 0 0 0 0 0 55 0 0 0 0 0 0 0 0 0 0 0 1 10 14 0 0 0 1 0 0 0
1 0 0 0 181 6 1 242 3 1 410 3 199 267 17 0 1 9 2 0 0 0 0 4 13 12 5 0 166 1 0 0 0 455 0 0 0 0 1 4 0 2 0 0 0 0 18 2 0 0 0 0 0 0 0 0 0 0 2 0 0 0 0 0 0 2 0 14
1 0 1 1 0 1 64 2 0 0 0 1 0 1 0 0 23 0 0 0 31 0 14 4 1 2 2 32 762 217 0 0 0 279 0 0 0 0 0 1 0 1 0 0 0 0 0 0 0 0 0 0 0 0 0 0 0 3 0 0 0 1 0 0 0 0 0 0
6 3 180 57 482 40 149 27 15 92 798 153 449 28 30 14 1212 91 628 32 1464 7 2024 67 15 273 814 399 1043 405 0 455 279 0 0 6 32 1 1 7 1 7 4 0 0 0 7 0 15 8 1 0 0 0 3 2 8 73 2 9 98 36 4 0 0 2 0 14
0 0 0 0 0 0 0 0 0 0 0 0 1 0 0 0 0 0 0 0 0 0 0 4 0 0 0 0 0 0 0 0 0 0 0 0 2 1 0 13 753 51 0 6 6 4 0 1100 0 1 14 4 28 1 1 0 16 3 0 25 10 12 840 190 0 0 1 25
0 137 0 0 0 0 0 0 2 0 6 0 10 0 0 0 3 0 1 0 0 13 1 4 71 33 418 0 4 0 0 0 0 6 0 0 2 0 2 1 1 1 30 0 0 0 54 1 3 3 2 0 1 0 0 329 0 68 428 5 2172 1 0 0 0 0 0 5
0 6 79 0 0 0 0 0 0 0 1 0 0 0 0 0 9 0 5 0 0 4 8 0 1 71 382 0 1 0 0 0 0 32 2 2 0 0 0 0 308 95 1 1 0 0 0 95 0 1 1595 0 61 0 94 0 2647 0 0 1406 2821 161 1 11 0 0 0 94
0 0 0 101 0 0 1 0 14 3 0 34 1 0 14 0 0 0 0 120 0 3 0 82 1 0 1 2 0 0 0 0 0 1 1 0 0 0 8 52 2 0 66 1400 0 1054 0 2 14 0 0 0 0 4218 0 0 0 490 0 0 1 730 4 0 0 0 0 12
0 0 0 0 3 5 0 1 4 0 0 1 6 1 5 0 0 0 0 0 0 0 0 0 3 0 0 0 0 0 0 1 0 1 0 2 0 8 0 177 12 7 219 11 46 35 95 1 1129 0 0 0 0 5 1 16 0 129 11 4 0 45 0 0 0 43 0 485
0 0 0 33 16 29 4 19 12 20 1 204 22 7 17 2 0 0 0 15 0 0 0 126 7 0 0 51 6 0 0 4 1 7 13 1 0 52 177 0 448 2049 131 3457 32 2815 21 114 651 2 1 6 1 77 1 1 0 115 0 18 9 613 44 0 0 12 0 108
0 0 0 0 0 0 0 0 2 0 0 0 0 0 0 0 0 0 0 0 0 0 0 0 0 0 0 0 0 0 0 0 0 1 753 1 308 2 12 448 0 527 3 2362 4 6 0 2124 30 3 63 2 35 3 39 0 436 31 0 62 1 3926 430 2147 0 1 17 183
1 0 0 0 0 3 0 4 4 0 0 0 7 0 1 0 0 0 0 0 0 0 0 6 1 0 0 0 2 1 0 2 1 7 51 1 95 0 7 2049 527 0 19 553 26 140 16 2356 105 0 36 10 1 11 0 0 31 37 0 35 11 141 56 19 0 106 0 123
0 1 0 14 8 7 1 3 159 40 0 20 5 0 18 3 0 0 0 16 0 35 0 176 2 0 6 33 2 1 0 0 0 4 0 30 1 66 219 131 3 19 0 45 7 170 55 7 453 5 0 1 1 55 4 350 3 2024 113 5 223 145 4 0 0 4 0 16
0 0 0 0 2 5 1 1 15 0 0 56 10 0 11 0 0 0 0 21 0 1 0 147 10 0 0 1 0 0 0 0 0 0 6 0 1 1400 11 3457 2362 553 45 0 11 2414 3 632 34 0 2 0 0 1301 0 0 1 98 0 0 0 1515 155 0 0 4 1 113
0 0 0 0 1 0 0 0 0 0 26 0 33 0 0 0 0 0 0 0 0 0 0 0 3 6 1 0 0 0 0 0 0 0 6 0 0 0 46 32 4 26 7 11 0 55 760 85 4 0 15 1664 121 2 0 1 4 4 31 407 8 2 257 13 4 480 0 1080
0 0 0 95 7 46 0 1 31 57 0 723 9 0 56 0 0 0 0 45 0 0 0 51 2 0 0 16 0 0 0 0 0 0 4 0 0 1054 35 2815 6 140 170 2414 55 0 7 44 512 0 2 3 2 2362 0 1 0 323 1 13 2 465 94 0 0 2 0 145
0 9 0 0 1 5 0 2 0 0 382 3 845 0 4 0 0 3 4 0 0 2 0 0 151 330 166 0 1 0 55 18 0 7 0 54 0 0 95 21 0 16 55 3 760 7 0 10 24 0 0 0 0 2 0 39 2 25 1233 79 1032 4 6 0 60 176 0 320
0 0 0 0 0 3 0 2 1 0 0 0 3 0 0 0 0 0 0 0 0 0 0 0 1 0 0 0 0 0 0 2 0 0 1100 1 95 2 1 114 2124 2356 7 632 85 44 10 0 13 0 56 11 14 8 2 0 110 21 0 66 13 95 2114 76 0 2 0 164
0 0 0 27 23 18 2 7 5 11 0 32 11 1 30 5 0 0 0 19 1 0 3 64 1 0 0 19 1 9 0 0 0 15 0 3 0 14 1129 651 30 105 453 34 4 512 24 13 0 22 0 2 1 12 33 10 24 320 4 9 29 141 8 0 0 1 0 47
0 0 1 0 0 0 1 0 3 0 0 0 1 1 6 1061 4 0 0 0 44 95 355 130 0 0 511 22 2 7 0 0 0 8 1 3 1 0 0 2 3 0 5 0 0 0 0 0 22 0 0 0 0 0 930 1103 764 1432 1 1 1003 177 3 40 0 0 0 31
0 3 11 0 0 0 0 0 0 0 0 0 0 0 0 0 0 0 3 0 0 3 0 0 0 14 57 0 0 0 0 0 0 1 14 2 1595 0 0 1 63 36 0 2 15 2 0 56 0 0 0 9 1374 0 12 2 1155 3 0 1046 495 11 20 86 0 0 0 966
0 0 0 0 0 0 0 0 0 0 1 0 1 0 0 0 0 0 0 0 0 0 0 0 0 1 0 0 0 0 0 0 0 0 4 0 0 0 0 6 2 10 1 0 1664 3 0 11 2 0 9 0 84 0 1 0 2 0 0 371 2 0 15 12 0 12 0 63
0 1 3 0 0 0 0 0 0 0 0 0 0 0 0 0 0 0 1 0 0 0 0 0 0 10 18 0 0 0 0 0 0 0 28 1 61 0 0 1 35 1 1 0 121 2 0 14 1 0 1374 84 0 1 7 0 34 0 0 1077 167 9 34 47 0 1 0 604
0 0 0 49 0 8 0 0 21 7 0 55 6 0 20 0 0 0 0 51 0 0 0 105 10 0 0 8 0 0 0 0 0 0 1 0 0 4218 5 77 3 11 55 1301 2 2362 2 8 12 0 0 0 1 0 0 0 0 175 0 1 0 259 14 0 0 3 0 28
0 0 0 0 0 0 0 0 0 0 0 0 0 0 0 23 0 0 0 0 7 0 8 6 0 0 3 1 0 3 0 0 0 3 1 0 94 0 1 1 39 0 4 0 0 0 0 2 33 930 12 1 7 0 0 2 7088 27 0 4 11 1268 58 2907 0 1 19 1492
0 23 0 0 1 0 0 0 15 2 1 0 5 0 1 64 0 0 0 1 2 152 18 33 2 5 216 3 1 1 0 0 0 2 0 329 0 0 16 1 0 0 350 0 1 1 39 0 10 1103 2 0 0 0 2 0 4 1032 142 2 935 9 1 3 0 0 0 8
0 1 15 0 0 0 0 0 0 0 0 0 0 0 1 248 3 0 0 0 3 9 320 6 1 0 400 2 0 0 0 0 0 8 16 0 2647 0 0 0 436 31 3 1 4 0 2 110 24 764 1155 2 34 0 7088 4 0 95 0 50 2034 440 20 472 0 0 0 1185
0 3 0 157 1 96 10 3 105 344 0 146 4 3 16 92 0 0 0 106 27 46 11 1042 4 0 25 269 15 36 0 0 3 73 3 68 0 490 129 115 31 37 2024 98 4 323 25 21 320 1432 3 0 0 175 27 1032 95 0 76 6 825 2633 91 12 0 1 4 150
0 3 0 0 0 0 0 0 2 0 19 0 86 0 0 0 0 0 0 0 0 5 0 1 220 26 62 0 1 0 1 2 0 2 0 428 0 0 11 0 0 0 113 0 31 1 1233 0 4 1 0 0 0 0 0 142 0 76 0 2 420 0 0 0 0 14 0 1
0 10 3 0 0 0 0 1 0 0 43 0 51 0 0 0 3 1 16 0 0 2 0 0 20 347 301 0 0 0 10 0 0 9 25 5 1406 0 4 18 62 35 5 0 407 13 79 66 9 1 1046 371 1077 1 4 2 50 6 2 0 2263 4 29 22 54 29 0 221
0 190 153 0 0 0 0 0 8 0 21 0 65 0 0 76 45 6 46 0 1 69 273 18 90 889 4821 3 10 1 14 0 0 98 10 2172 2821 1 0 9 1 11 223 0 8 2 1032 13 29 1003 495 2 167 0 11 935 2034 825 420 2263 0 54 11 7 134 4 2 419
0 0 0 4 0 56 7 2 37 9 0 44 10 0 15 44 0 0 0 29 13 6 3 382 6 0 5 74 4 15 0 0 1 36 12 1 161 730 45 613 3926 141 145 1515 2 465 4 95 141 177 11 0 9 259 1268 9 440 2633 0 4 54 0 466 925 0 4 38 888
0 0 0 0 0 0 0 0 0 0 0 3 1 0 0 14 0 0 0 0 4 1 1 14 0 0 0 4 0 1 0 0 0 4 840 0 1 4 0 44 430 56 4 155 257 94 6 2114 8 3 20 15 34 14 58 1 20 91 0 29 11 466 0 1218 0 76 747 1326
0 0 0 0 0 0 0 0 0 0 0 0 0 0 0 22 0 0 0 0 7 2 10 8 0 0 0 6 0 1 0 0 0 0 190 0 11 0 0 0 2147 19 0 0 13 0 0 76 0 40 86 12 47 0 2907 3 472 12 0 22 7 925 1218 0 0 0 167 398
0 0 0 0 0 0 0 0 0 0 2 0 5 0 0 0 0 0 0 0 0 0 0 0 0 6 0 0 0 0 1 0 0 0 0 0 0 0 0 0 0 0 0 0 4 0 60 0 0 0 0 0 0 0 0 0 0 0 0 54 134 0 0 0 0 0 0 2
0 0 0 0 0 0 0 1 0 0 2 0 4 0 0 0 0 0 0 0 0 0 0 0 3 0 0 0 0 0 0 2 0 2 0 0 0 0 43 12 1 106 4 4 480 2 176 2 1 0 0 12 1 3 1 0 0 1 14 29 4 4 76 0 0 0 0 409
0 0 0 0 0 0 0 0 0 0 0 0 0 0 0 1 0 0 0 0 0 0 0 1 0 0 0 0 0 0 0 0 0 0 1 0 0 0 0 0 17 0 0 1 0 0 0 0 0 0 0 0 0 0 19 0 0 4 0 0 2 38 747 167 0 0 0 299
1 3 9 1 2 12 1 12 3 0 0 0 52 0 9 8 4 0 1 1 11 1 12 63 33 16 75 16 4 3 0 14 0 14 25 5 94 12 485 108 183 123 16 113 1080 145 320 164 47 31 966 63 604 28 1492 8 1185 150 1 221 419 888 1326 398 2 409 299 0
