0 0 22 0 0 1 531 41 0 2 0 0 0 1344 0 0 23 0 5 0 2 0 58 0 0 39 0 0 1071 230 0 0 0 4 0 0 0 0 0 0 0 0 0 0 0 0 0 0 0 0 0 0 0 0 0 0 0 0 0 0 0 0 0 0 0 0 0 0
0 0 1 0 0 1 1 0 56 0 21 3 129 0 20 2 9 0 5 0 0 359 3 164 434 11 1783 0 0 1 0 0 0 15 0 359 4 0 1 0 0 0 7 0 1 0 31 0 1 5 1 0 1 0 0 27 1 5 18 8 313 1 0 0 0 0 0 1
22 1 0 0 0 4 309 173 0 37 3 0 5 162 0 5 321 0 16 0 257 1 3014 3 0 4010 4825 39 2 13 0 0 0 90 0 4 37 0 0 0 0 0 0 0 0 0 0 0 0 15 1 0 0 0 0 1 34 1 0 5 238 0 0 0 0 0 0 4
0 0 0 0 3 18 0 2 66 546 0 636 0 0 8 0 0 0 0 3011 0 0 0 666 0 0 0 1056 2 0 0 0 0 4 0 0 0 120 0 1 0 1 26 0 0 22 0 0 1 0 0 0 0 57 0 3 0 127 0 0 2 20 0 0 0 0 0 1
0 0 0 3 0 283 4 4 83 1 5 56 14 0 544 0 0 0 0 6 6 5 13 61 0 0 0 6 20 0 0 270 0 440 0 0 0 0 0 3 0 0 0 0 0 5 0 0 12 0 0 0 0 0 0 0 0 3 0 0 0 0 0 0 0 0 0 0
1 1 4 18 283 0 83 1760 87 4178 13 2095 9 259 827 0 0 0 0 41 0 0 1 41 0 0 0 104 86 0 0 57 1 28 0 0 0 2 1 14 0 1 2 1 0 7 0 0 4 0 0 0 0 4 0 0 0 32 0 0 0 3 0 0 0 0 0 1
531 1 309 0 4 83 0 506 1 1701 6 1 4 923 21 0 3 0 1 1 56 0 154 40 0 24 1 3368 305 2655 0 0 7 124 0 0 0 0 0 0 0 0 2 0 0 0 0 0 0 0 0 0 0 1 0 0 0 3 0 0 0 1 0 0 0 0 0 0
41 0 173 2 4 1760 506 0 17 1289 2 89 0 2241 39 0 65 0 0 4 5 0 186 0 0 62 0 21 58 22 0 228 0 19 0 0 0 0 0 0 0 0 0 0 0 1 0 0 1 0 0 0 0 0 0 0 0 0 0 0 0 0 0 0 0 0 0 0
0 56 0 66 83 87 1 17 0 105 6 403 181 7 306 0 0 0 1 90 0 524 1 2443 103 3 184 92 31 0 0 43 0 7 0 4 0 20 10 9 3 5 341 49 0 78 1 1 20 0 0 0 0 24 0 15 0 319 1 0 10 32 26 0 0 0 1 23
2 0 37 546 1 4178 1701 1289 105 0 16 1406 10 607 57 0 0 0 2 1133 1 0 4 166 0 4 0 2700 386 3 0 5 4 229 0 0 0 0 0 20 0 0 37 1 0 22 0 0 11 0 0 0 0 4 0 0 0 137 0 0 0 7 0 0 0 0 0 1
0 21 3 0 5 13 6 2 6 16 0 20 560 3 1 0 30 1771 624 4 0 5 0 0 21 741 33 2 265 0 70 76 0 986 0 1 0 0 3 0 0 0 1 0 28 0 158 0 0 0 0 0 1 0 0 1 0 0 18 15 61 0 0 0 15 1 0 10
0 3 0 636 56 2095 1 89 403 1406 20 0 8 50 386 0 0 0 0 2467 0 0 0 737 0 0 0 302 55 0 0 5 0 53 1 0 0 50 5 53 0 3 34 39 0 408 0 1 16 0 0 0 0 91 0 0 0 131 0 0 0 23 3 0 0 0 0 3
0 129 5 0 14 9 4 0 181 10 560 8 0 14 13 1 5 0 0 1 1 52 0 5 823 77 939 4 90 0 125 122 0 322 0 21 0 0 7 1 2 0 7 0 84 4 590 1 0 0 0 0 1 2 0 5 1 11 240 30 184 0 15 0 24 27 0 173
1344 0 162 0 0 259 923 2241 7 607 3 50 14 0 10 0 183 0 3 8 14 1 442 4 0 136 7 43 1612 453 0 99 1 34 0 0 0 0 0 0 0 0 1 0 0 0 0 0 0 0 0 0 0 0 0 0 0 0 0 0 0 0 0 0 0 0 0 3
0 20 0 8 544 827 21 39 306 57 1 386 13 10 0 2 0 0 0 9 94 11 26 149 0 0 6 109 16 3 0 37 0 35 0 0 0 12 1 5 0 1 3 10 0 19 1 0 29 0 0 0 0 3 0 0 0 6 0 1 1 11 0 0 0 0 0 0
0 2 5 0 0 0 0 0 0 0 0 0 1 0 2 0 1 0 0 0 528 748 931 466 0 1 1184 118 0 0 0 0 0 13 0 4 0 0 0 0 0 0 1 0 0 0 0 0 2 722 0 0 0 0 5 142 74 61 0 1 39 11 0 0 0 0 0 1
23 9 321 0 0 0 3 65 0 0 30 0 5 183 0 1 0 3 1555 0 17 0 1351 0 0 1355 417 2 168 76 1 0 15 1333 0 7 19 0 0 0 0 0 0 0 0 0 0 0 0 2 2 0 0 0 0 1 15 1 0 3 119 0 0 0 0 0 0 1
0 0 0 0 0 0 0 0 0 0 1771 0 0 0 0 0 3 0 597 0 0 0 0 0 0 869 0 0 5 0 0 0 0 34 0 0 0 0 0 0 0 0 0 0 0 0 0 0 0 0 0 0 0 0 0 0 0 0 0 0 0 0 0 0 0 0 0 0
5 5 16 0 0 0 1 0 1 2 624 0 0 3 0 0 1555 597 0 0 2 0 7 0 0 1788 76 1 57 4 1 1 4 635 0 2 1 0 0 0 0 0 0 0 0 0 3 0 0 0 0 0 0 0 0 0 1 0 0 3 36 0 0 0 0 0 0 0
0 0 0 3011 6 41 1 4 90 1133 4 2467 1 8 9 0 0 0 0 0 0 0 0 292 0 0 0 327 11 0 0 0 0 13 0 0 0 9 0 7 3 2 24 0 0 32 0 1 13 0 0 0 0 23 0 2 0 160 0 0 0 20 0 0 0 0 0 5
2 0 257 0 6 0 56 5 0 1 0 0 1 14 94 528 17 0 2 0 0 2 7337 8 0 3 51 1919 50 3657 0 0 37 1518 0 0 0 0 0 0 0 0 2 0 0 0 0 0 0 40 0 0 0 0 5 8 4 30 0 0 1 5 2 1 0 0 0 0
0 359 1 0 5 0 0 0 524 0 5 0 52 1 11 748 0 0 0 0 2 0 6 933 47 1 684 10 0 0 0 0 0 7 0 15 1 0 0 0 0 0 87 0 1 0 2 0 3 83 2 0 0 0 2 415 9 104 4 1 49 6 0 0 0 0 0 1
58 3 3014 0 13 1 154 186 1 4 0 0 0 442 26 931 1351 0 7 0 7337 6 0 65 0 645 2045 450 202 634 0 0 20 2076 0 1 1 0 0 0 0 0 1 0 0 0 0 0 0 346 0 0 0 0 8 47 45 26 0 0 29 1 0 0 0 0 0 1
0 164 3 666 61 41 40 0 2443 166 0 737 5 4 149 466 0 0 0 292 8 933 65 0 48 3 595 1455 19 0 0 2 2 25 1 7 0 53 0 22 1 7 159 56 0 48 0 1 34 90 0 0 0 50 3 61 1 1163 0 0 18 160 12 0 0 0 2 40
0 434 0 0 0 0 0 0 103 0 21 0 823 0 0 0 0 0 0 0 0 47 0 48 0 1 859 0 1 0 1 2 0 7 0 24 0 0 0 0 0 0 0 0 22 0 92 0 0 0 0 0 0 0 0 0 0 0 214 2 171 0 1 0 2 1 0 3
39 11 4010 0 0 0 24 62 3 4 741 0 77 136 0 1 1355 869 1788 0 3 1 645 3 1 0 2336 2 82 13 179 3 2 439 0 32 14 0 0 0 0 0 0 0 3 0 102 0 0 0 23 0 4 0 0 11 10 0 20 199 726 0 0 0 14 0 0 13
0 1783 4825 0 0 0 1 0 184 0 33 0 939 7 6 1184 417 0 76 0 51 684 2045 595 859 2336 0 165 27 1 23 0 1 832 0 222 98 0 0 0 0 0 4 0 2 0 170 0 0 352 44 0 6 0 1 159 144 9 94 166 3150 1 0 1 14 0 0 29
0 0 39 1056 6 104 3368 21 92 2700 2 302 4 43 109 118 2 0 1 327 1919 10 450 1455 0 2 165 0 156 1076 0 0 57 560 0 3 1 2 0 0 0 0 28 0 0 10 0 2 10 39 0 0 0 6 2 10 0 392 0 0 1 48 0 4 0 0 1 8
1071 0 2 2 20 86 305 58 31 386 265 55 90 1612 16 0 168 5 57 11 50 0 202 19 1 82 27 156 0 2338 0 135 1015 1571 0 0 1 0 0 0 0 0 2 0 0 0 0 0 0 0 0 0 0 0 0 0 0 1 0 0 0 0 2 0 0 0 0 3
230 1 13 0 0 0 2655 22 0 3 0 0 0 453 3 0 76 0 4 0 3657 0 634 0 0 13 1 1076 2338 0 0 0 540 306 0 0 0 0 0 0 0 0 0 0 0 0 0 0 0 1 0 0 0 0 1 0 0 6 0 0 0 4 0 0 0 0 0 0
0 0 0 0 0 0 0 0 0 0 70 0 125 0 0 0 1 0 1 0 0 0 0 0 1 179 23 0 0 0 0 0 0 2 0 0 0 0 0 0 0 0 0 0 2 0 12 0 0 0 0 0 0 0 0 0 0 0 2 0 6 0 0 0 3 0 0 0
0 0 0 0 270 57 0 228 43 5 76 5 122 99 37 0 0 0 1 0 0 0 0 2 2 3 0 0 135 0 0 0 0 313 0 0 0 0 0 0 0 0 0 0 0 0 0 0 0 0 0 0 0 0 0 0 0 0 0 0 0 0 0 0 0 0 0 1
0 0 0 0 0 1 7 0 0 4 0 0 0 1 0 0 15 0 4 0 37 0 20 2 0 2 1 57 1015 540 0 0 0 462 0 0 0 0 0 0 0 0 0 0 0 0 0 0 0 0 0 0 0 0 0 0 0 1 0 0 0 0 0 0 0 0 0 0
4 15 90 4 440 28 124 19 7 229 986 53 322 34 35 13 1333 34 635 13 1518 7 2076 25 7 439 832 560 1571 306 2 313 462 0 0 10 7 0 0 1 0 1 3 0 0 2 14 0 1 14 3 0 0 0 0 4 9 15 10 15 154 5 4 0 0 1 0 16
0 0 0 0 0 0 0 0 0 0 0 1 0 0 0 0 0 0 0 0 0 0 0 1 0 0 0 0 0 0 0 0 0 0 0 0 2 1 0 4 188 8 4 11 0 3 0 1371 0 0 3 0 4 2 0 0 6 3 0 0 0 5 784 494 0 0 3 37
0 359 4 0 0 0 0 0 4 0 1 0 21 0 0 4 7 0 2 0 0 15 1 7 24 32 222 3 0 0 0 0 0 10 0 0 0 0 0 0 0 0 84 0 0 0 13 0 14 7 6 0 0 0 0 466 1 48 417 4 1464 0 0 0 0 0 0 3
0 4 37 0 0 0 0 0 0 0 0 0 0 0 0 0 19 0 1 0 0 1 1 0 0 14 98 1 1 0 0 0 0 7 2 0 0 0 0 0 122 10 1 0 0 0 0 14 1 20 321 0 7 0 62 2 3300 6 0 2198 2689 204 0 8 0 0 0 40
0 0 0 120 0 2 0 0 20 0 0 50 0 0 12 0 0 0 0 9 0 0 0 53 0 0 0 2 0 0 0 0 0 0 1 0 0 0 2 19 0 3 61 1130 0 709 0 7 17 0 0 0 0 3020 0 0 0 447 0 0 0 1250 17 0 0 0 0 19
0 1 0 0 0 1 0 0 10 0 3 5 7 0 1 0 0 0 0 0 0 0 0 0 0 0 0 0 0 0 0 0 0 0 0 0 0 2 0 298 0 7 41 0 53 19 11 2 660 0 0 0 0 2 0 2 0 32 2 0 0 1 4 1 1 102 0 340
0 0 0 1 3 14 0 0 9 20 0 53 1 0 5 0 0 0 0 7 0 0 0 22 0 0 0 0 0 0 0 0 0 1 4 0 0 19 298 0 124 2354 33 2595 1 2974 0 84 961 0 0 0 0 23 0 0 2 60 0 1 0 316 70 0 0 14 0 38
0 0 0 0 0 0 0 0 3 0 0 0 2 0 0 0 0 0 0 3 0 0 0 1 0 0 0 0 0 0 0 0 0 0 188 0 122 0 0 124 0 679 3 1221 7 3 0 2203 14 0 19 0 3 1 14 0 122 50 0 17 2 4285 186 2885 0 0 2 126
0 0 0 1 0 1 0 0 5 0 0 3 0 0 1 0 0 0 0 2 0 0 0 7 0 0 0 0 0 0 0 0 0 1 8 0 10 3 7 2354 679 0 5 742 0 101 0 2648 99 1 2 0 0 4 1 0 21 34 0 0 0 118 41 22 0 97 0 77
0 7 0 26 0 2 2 0 341 37 1 34 7 1 3 1 0 0 0 24 2 87 1 159 0 0 4 28 2 0 0 0 0 3 4 84 1 61 41 33 3 5 0 31 1 324 8 6 458 0 0 1 0 77 0 455 0 2285 85 1 132 77 40 0 1 8 2 26
0 0 0 0 0 1 0 0 49 1 0 39 0 0 10 0 0 0 0 0 0 0 0 56 0 0 0 0 0 0 0 0 0 0 11 0 0 1130 0 2595 1221 742 31 0 5 1141 1 628 50 0 0 0 0 1553 0 0 1 272 0 0 0 2484 265 1 0 2 0 188
0 1 0 0 0 0 0 0 0 0 28 0 84 0 0 0 0 0 0 0 0 1 0 0 22 3 2 0 0 0 2 0 0 0 0 0 0 0 53 1 7 0 1 5 0 26 691 1 3 0 11 1584 287 3 0 0 0 9 80 530 6 2 296 8 84 189 0 847
0 0 0 22 5 7 0 1 78 22 0 408 4 0 19 0 0 0 0 32 0 0 0 48 0 0 0 10 0 0 0 0 0 2 3 0 0 709 19 2974 3 101 324 1141 26 0 0 118 426 0 0 4 0 1713 0 0 0 1084 1 4 0 563 225 0 0 2 0 121
0 31 0 0 0 0 0 0 1 0 158 0 590 0 1 0 0 0 3 0 0 2 0 0 92 102 170 0 0 0 12 0 0 14 0 13 0 0 11 0 0 0 8 1 691 0 0 2 5 0 1 0 0 0 0 6 1 3 1060 59 739 0 4 0 591 34 0 174
0 0 0 0 0 0 0 0 1 0 0 1 1 0 0 0 0 0 0 1 0 0 0 1 0 0 0 2 0 0 0 0 0 0 1371 0 14 7 2 84 2203 2648 6 628 1 118 2 0 49 0 9 2 0 8 2 0 25 15 0 5 0 41 1589 548 0 72 0 176
0 1 0 1 12 4 0 1 20 11 0 16 0 0 29 2 0 0 0 13 0 3 0 34 0 0 0 10 0 0 0 0 0 1 0 14 1 17 660 961 14 99 458 50 3 426 5 49 0 9 0 0 0 16 9 17 11 224 0 3 5 79 87 1 0 39 2 16
0 5 15 0 0 0 0 0 0 0 0 0 0 0 0 722 2 0 0 0 40 83 346 90 0 0 352 39 0 1 0 0 0 14 0 7 20 0 0 0 0 1 0 0 0 0 0 0 9 0 2 0 1 0 548 1340 967 1228 0 5 1236 436 0 1 0 0 0 17
0 1 1 0 0 0 0 0 0 0 0 0 0 0 0 0 2 0 0 0 0 2 0 0 0 23 44 0 0 0 0 0 0 3 3 6 321 0 0 0 19 2 0 0 11 0 1 9 0 2 0 9 756 0 5 2 733 1 0 1221 329 17 1 36 0 0 0 1092
0 0 0 0 0 0 0 0 0 0 0 0 0 0 0 0 0 0 0 0 0 0 0 0 0 0 0 0 0 0 0 0 0 0 0 0 0 0 0 0 0 0 1 0 1584 4 0 2 0 0 9 0 503 0 1 0 1 1 0 409 0 0 24 7 0 1 0 44
0 1 0 0 0 0 0 0 0 0 1 0 1 0 0 0 0 0 0 0 0 0 0 0 0 4 6 0 0 0 0 0 0 0 4 0 7 0 0 0 3 0 0 0 287 0 0 0 0 1 756 503 0 0 11 1 7 2 0 1057 50 1 9 19 0 0 1 610
0 0 0 57 0 4 1 0 24 4 0 91 2 0 3 0 0 0 0 23 0 0 0 50 0 0 0 6 0 0 0 0 0 0 2 0 0 3020 2 23 1 4 77 1553 3 1713 0 8 16 0 0 0 0 0 0 1 0 380 0 0 0 357 43 0 0 0 0 37
0 0 0 0 0 0 0 0 0 0 0 0 0 0 0 5 0 0 0 0 5 2 8 3 0 0 1 2 0 1 0 0 0 0 0 0 62 0 0 0 14 1 0 0 0 0 0 2 9 548 5 1 11 0 0 0 5071 68 0 4 8 2187 8 2442 0 0 11 989
0 27 1 3 0 0 0 0 15 0 1 0 5 0 0 142 1 0 0 2 8 415 47 61 0 11 159 10 0 0 0 0 0 4 0 466 2 0 2 0 0 0 455 0 0 0 6 0 17 1340 2 0 1 1 0 0 7 755 93 0 1112 3 0 0 0 0 0 8
0 1 34 0 0 0 0 0 0 0 0 0 1 0 0 74 15 0 1 0 4 9 45 1 0 10 144 0 0 0 0 0 0 9 6 1 3300 0 0 2 122 21 0 1 0 0 1 25 11 967 733 1 7 0 5071 7 0 42 0 175 1118 597 14 188 0 0 0 1065
0 5 1 127 3 32 3 0 319 137 0 131 11 0 6 61 1 0 0 160 30 104 26 1163 0 0 9 392 1 6 0 0 1 15 3 48 6 447 32 60 50 34 2285 272 9 1084 3 15 224 1228 1 1 2 380 68 755 42 0 24 3 387 2649 115 9 0 1 13 116
0 18 0 0 0 0 0 0 1 0 18 0 240 0 0 0 0 0 0 0 0 4 0 0 214 20 94 0 0 0 2 0 0 10 0 417 0 0 2 0 0 0 85 0 80 1 1060 0 0 0 0 0 0 0 0 93 0 24 0 6 1080 0 3 0 1 6 0 128
0 8 5 0 0 0 0 0 0 0 15 0 30 0 1 1 3 0 3 0 0 1 0 0 2 199 166 0 0 0 0 0 0 15 0 4 2198 0 0 1 17 0 1 0 530 4 59 5 3 5 1221 409 1057 0 4 0 175 3 6 0 2843 18 62 4 303 14 0 220
0 313 238 2 0 0 0 0 10 0 61 0 184 0 1 39 119 0 36 0 1 49 29 18 171 726 3150 1 0 0 6 0 0 154 0 1464 2689 0 0 0 2 0 132 0 6 0 739 0 5 1236 329 0 50 0 8 1112 1118 387 1080 2843 0 13 13 11 145 1 1 507
0 1 0 20 0 3 1 0 32 7 0 23 0 0 11 11 0 0 0 20 5 6 1 160 0 0 1 48 0 4 0 0 0 5 5 0 204 1250 1 316 4285 118 77 2484 2 563 0 41 79 436 17 0 1 357 2187 3 597 2649 0 18 13 0 204 714 0 0 21 361
0 0 0 0 0 0 0 0 26 0 0 3 15 0 0 0 0 0 0 0 2 0 0 12 1 0 0 0 2 0 0 0 0 4 784 0 0 17 4 70 186 41 40 265 296 225 4 1589 87 0 1 24 9 43 8 0 14 115 3 62 13 204 0 1056 7 97 1026 949
0 0 0 0 0 0 0 0 0 0 0 0 0 0 0 0 0 0 0 0 1 0 0 0 0 0 1 4 0 0 0 0 0 0 494 0 8 0 1 0 2885 22 0 1 8 0 0 548 1 1 36 7 19 0 2442 0 188 9 0 4 11 714 1056 0 0 0 314 1189
0 0 0 0 0 0 0 0 0 0 15 0 24 0 0 0 0 0 0 0 0 0 0 0 2 14 14 0 0 0 3 0 0 0 0 0 0 0 1 0 0 0 1 0 84 0 591 0 0 0 0 0 0 0 0 0 0 0 1 303 145 0 7 0 0 0 0 27
0 0 0 0 0 0 0 0 0 0 1 0 27 0 0 0 0 0 0 0 0 0 0 0 1 0 0 0 0 0 0 0 0 1 0 0 0 0 102 14 0 97 8 2 189 2 34 72 39 0 0 1 0 0 0 0 0 1 6 14 1 0 97 0 0 0 0 693
0 0 0 0 0 0 0 0 1 0 0 0 0 0 0 0 0 0 0 0 0 0 0 2 0 0 0 1 0 0 0 0 0 0 3 0 0 0 0 0 2 0 2 0 0 0 0 0 2 0 0 0 1 0 11 0 0 13 0 0 1 21 1026 314 0 0 0 314
0 1 4 1 0 1 0 0 23 1 10 3 173 3 0 1 1 0 0 5 0 1 1 40 3 13 29 8 3 0 0 1 0 16 37 3 40 19 340 38 126 77 26 188 847 121 174 176 16 17 1092 44 610 37 989 8 1065 116 128 220 507 361 949 1189 27 693 314 0
