0 0 14 0 0 4 1099 36 0 6 7 1 2 1174 0 0 55 4 23 0 7 0 27 4 0 40 5 12 1108 301 0 0 2 5 0 0 0 0 0 0 0 0 1 0 0 0 0 0 0 0 0 0 0 0 0 1 0 3 0 0 0 4 0 0 0 0 0 0
0 0 1 0 0 0 5 0 56 0 1 0 87 1 3 8 4 0 0 0 0 274 2 131 495 7 1813 7 4 0 1 0 0 3 0 338 4 0 0 0 0 0 2 0 3 0 18 0 0 0 4 1 4 0 0 38 1 6 19 22 344 0 0 0 6 0 0 6
14 1 0 0 0 22 388 101 0 3 1 0 0 222 1 0 649 2 15 0 265 0 3437 0 0 3787 3531 82 5 69 0 0 0 99 0 3 41 0 0 0 0 0 0 0 3 0 2 0 0 2 19 1 2 0 0 2 4 0 0 75 269 0 0 0 1 0 0 10
0 0 0 0 1 22 10 6 213 764 0 647 2 11 77 0 0 0 0 2672 0 0 0 1249 0 0 0 1426 26 0 0 0 0 17 0 0 0 113 0 2 0 0 61 5 0 41 0 0 1 0 0 0 0 73 0 0 0 109 0 0 0 44 0 0 0 0 0 0
0 0 0 1 0 281 1 43 46 3 27 12 232 0 425 0 0 0 0 1 0 1 3 3 1 0 0 0 1 0 0 281 0 65 0 0 0 0 0 0 0 0 1 0 0 1 0 0 2 0 0 0 0 0 0 0 0 1 0 0 0 0 0 0 0 0 0 0
4 0 22 22 281 0 190 2038 45 2523 7 3501 19 79 656 0 0 12 7 120 3 1 1 16 0 3 0 102 56 2 0 99 2 32 0 0 0 6 0 25 0 0 8 5 0 254 0 0 3 0 0 0 0 29 0 1 0 15 0 0 0 8 0 0 0 0 0 2
1099 5 388 10 1 190 0 352 9 1748 4 1 4 1122 13 0 18 0 0 3 379 0 199 19 0 24 23 5467 275 2471 0 0 25 60 0 0 0 1 0 0 0 0 3 0 0 3 0 0 1 1 0 0 0 1 0 0 0 6 0 0 0 7 0 0 0 0 0 2
36 0 101 6 43 2038 352 0 53 803 11 190 11 2119 40 0 75 5 10 22 3 0 36 6 0 80 5 54 63 9 0 252 0 11 0 0 0 0 0 0 0 0 1 0 0 3 0 0 0 0 0 0 0 1 0 0 0 1 0 0 0 0 0 0 0 0 0 0
0 56 0 213 46 45 9 53 0 103 5 390 32 19 348 0 0 6 5 73 8 538 1 2384 110 23 156 223 24 1 0 28 2 21 1 2 0 27 4 5 1 0 176 51 0 29 3 0 3 1 0 0 0 18 0 24 1 117 0 0 6 75 7 0 0 0 2 7
6 0 3 764 3 2523 1748 803 103 0 2 2490 60 574 49 0 0 0 0 1329 0 0 2 172 0 1 1 2421 266 0 0 2 0 167 0 0 0 9 0 0 0 0 76 0 0 134 0 0 1 0 0 0 0 15 0 0 0 195 0 0 0 3 0 0 0 0 0 0
7 1 1 0 27 7 4 11 5 2 0 16 600 102 5 0 18 1273 542 0 0 6 0 0 16 833 76 0 379 0 27 148 0 1198 0 9 0 0 0 0 0 0 0 0 23 0 93 0 0 0 0 0 0 0 0 0 0 0 12 10 50 0 0 0 7 1 0 3
1 0 0 647 12 3501 1 190 390 2490 16 0 46 38 952 0 0 1 0 2172 0 1 0 491 0 2 0 291 57 0 0 1 1 73 0 0 0 48 0 44 0 1 37 133 0 534 0 0 20 0 0 0 0 48 0 0 0 17 0 0 0 25 0 0 0 0 0 5
2 87 0 2 232 19 4 11 32 60 600 46 0 28 23 0 1 24 7 10 0 67 4 6 900 81 593 16 64 0 171 209 0 613 0 53 0 0 1 0 0 0 3 0 52 4 633 2 4 0 0 0 0 1 0 6 0 1 181 7 299 1 0 0 16 2 0 29
1174 1 222 11 0 79 1122 2119 19 574 102 38 28 0 11 0 284 54 74 12 19 0 238 8 0 296 53 74 2013 228 0 439 2 67 0 1 0 0 0 0 0 0 0 0 0 1 0 0 0 0 0 0 0 0 0 0 0 4 0 0 0 0 0 0 0 0 0 1
0 3 1 77 425 656 13 40 348 49 5 952 23 11 0 1 0 1 0 22 36 7 8 156 0 1 4 128 29 1 0 12 1 21 0 0 0 7 4 1 0 0 6 10 0 15 1 0 22 0 0 0 0 24 0 0 0 19 0 0 0 6 1 0 0 0 0 2
0 8 0 0 0 0 0 0 0 0 0 0 0 0 1 0 2 0 0 0 458 916 1879 433 0 0 641 311 0 0 0 0 0 20 0 3 4 0 0 0 0 0 2 0 0 0 0 0 0 889 0 0 0 0 23 213 467 69 0 0 93 55 1 4 0 0 0 4
55 4 649 0 0 0 18 75 0 0 18 0 1 284 0 2 0 39 1713 0 43 2 1305 0 0 1003 875 2 156 167 0 0 4 1392 0 6 29 0 0 0 0 0 0 0 1 0 1 0 0 0 6 0 4 0 0 3 0 0 1 66 173 0 0 0 0 0 0 5
4 0 2 0 0 12 0 5 6 0 1273 1 24 54 1 0 39 0 1175 0 0 0 4 0 0 514 8 0 68 0 0 1 1 101 0 0 0 0 0 0 0 0 0 0 0 0 3 0 0 0 0 0 0 0 0 0 0 0 0 4 5 0 0 0 0 0 0 0
23 0 15 0 0 7 0 10 5 0 542 0 7 74 0 0 1713 1175 0 0 4 0 15 0 0 1700 98 0 70 18 0 0 3 694 0 1 1 0 0 0 0 0 0 0 0 0 1 0 0 0 1 0 1 0 0 0 0 0 0 31 51 0 0 0 0 0 0 2
0 0 0 2672 1 120 3 22 73 1329 0 2172 10 12 22 0 0 0 0 0 0 0 0 279 0 0 0 554 21 0 0 0 1 21 0 0 0 149 0 4 2 0 37 43 0 72 0 0 5 0 0 0 0 139 0 0 0 92 0 0 0 162 0 0 0 0 0 0
7 0 265 0 0 3 379 3 8 0 0 0 0 19 36 458 43 0 4 0 0 4 8910 4 0 10 83 2150 62 1875 0 0 5 1282 3 0 0 0 0 0 0 0 0 0 0 0 0 0 0 55 0 0 0 0 19 10 2 97 0 0 1 40 4 15 0 0 3 27
0 274 0 0 1 1 0 0 538 0 6 1 67 0 7 916 2 0 0 0 4 0 8 774 154 5 1055 43 0 0 0 0 0 4 0 17 1 0 0 0 2 0 52 0 0 0 13 0 0 161 0 0 0 0 3 556 21 104 7 2 136 24 0 0 0 0 0 2
27 2 3437 0 3 1 199 36 1 2 0 0 4 238 8 1879 1305 4 15 0 8910 8 0 20 0 604 2348 458 59 579 0 0 1 1588 0 1 16 0 0 0 0 0 1 0 0 1 0 0 0 571 0 0 0 0 18 35 382 32 0 1 127 14 0 2 0 0 1 12
4 131 0 1249 3 16 19 6 2384 172 0 491 6 8 156 433 0 0 0 279 4 774 20 0 138 3 436 1493 23 0 0 0 2 7 2 8 0 140 0 3 11 0 77 108 0 46 0 1 4 120 0 0 0 51 10 98 9 471 1 0 18 357 11 9 0 0 4 28
0 495 0 0 1 0 0 0 110 0 16 0 900 0 0 0 0 0 0 0 0 154 0 138 0 7 1235 0 0 0 0 2 0 4 0 135 0 0 0 0 0 0 0 0 11 0 144 2 0 0 0 1 0 0 0 3 0 0 304 15 158 0 1 0 1 0 0 8
40 7 3787 0 0 3 24 80 23 1 833 2 81 296 1 0 1003 514 1700 0 10 5 604 3 7 0 3879 4 134 23 162 7 5 431 0 36 19 0 0 0 0 0 0 0 39 0 190 0 0 0 29 3 26 0 0 3 1 0 44 363 955 0 0 0 36 0 0 19
5 1813 3531 0 0 0 23 5 156 1 76 0 593 53 4 641 875 8 98 0 83 1055 2348 436 1235 3879 0 621 74 4 242 0 11 854 0 832 309 0 0 0 0 0 16 0 18 0 186 0 0 414 74 8 54 0 4 324 362 24 213 629 6404 3 1 0 44 0 0 115
12 7 82 1426 0 102 5467 54 223 2421 0 291 16 74 128 311 2 0 0 554 2150 43 458 1493 0 4 621 0 376 182 0 0 34 448 9 3 1 19 0 3 5 0 102 4 0 68 0 0 1 90 0 0 0 38 15 53 9 513 0 0 2 165 22 27 0 0 5 73
1108 4 5 26 1 56 275 63 24 266 379 57 64 2013 29 0 156 68 70 21 62 0 59 23 0 134 74 376 0 1262 5 153 1197 1071 0 1 0 0 0 0 0 0 9 0 0 3 0 1 0 0 0 0 0 0 0 1 0 21 0 0 1 12 3 3 0 0 1 7
301 0 69 0 0 2 2471 9 1 0 0 0 0 228 1 0 167 0 18 0 1875 0 579 0 0 23 4 182 1262 0 0 0 170 929 0 0 0 0 0 0 0 0 0 0 0 0 0 0 0 0 0 0 0 0 2 0 0 3 0 0 0 3 0 0 0 0 0 0
0 1 0 0 0 0 0 0 0 0 27 0 171 0 0 0 0 0 0 0 0 0 0 0 0 162 242 0 5 0 0 1 0 5 0 1 0 0 0 0 0 0 0 0 8 0 60 0 0 0 0 0 0 0 0 1 0 0 10 0 42 0 0 0 4 0 0 0
0 0 0 0 281 99 0 252 28 2 148 1 209 439 12 0 0 1 0 0 0 0 0 0 2 7 0 0 153 0 1 0 0 136 0 0 0 0 0 1 0 0 0 0 0 0 1 0 0 0 0 0 0 0 0 0 0 0 1 0 0 0 0 0 0 0 0 0
2 0 0 0 0 2 25 0 2 0 0 1 0 2 1 0 4 1 3 1 5 0 1 2 0 5 11 34 1197 170 0 0 0 410 0 0 0 0 0 0 0 0 0 0 0 1 0 0 0 0 0 0 0 0 0 0 0 6 0 0 0 4 1 0 0 0 0 1
5 3 99 17 65 32 60 11 21 167 1198 73 613 67 21 20 1392 101 694 21 1282 4 1588 7 4 431 854 448 1071 929 5 136 410 0 0 10 4 0 0 0 0 0 2 0 0 3 10 0 0 3 4 0 4 0 1 3 4 27 7 35 111 57 6 3 3 0 2 9
0 0 0 0 0 0 0 0 1 0 0 0 0 0 0 0 0 0 0 0 3 0 0 2 0 0 0 9 0 0 0 0 0 0 0 2 0 2 0 1 590 12 2 4 4 8 0 1028 0 0 9 4 20 5 1 0 4 0 0 8 8 37 915 212 0 0 6 23
0 338 3 0 0 0 0 0 2 0 9 0 53 1 0 3 6 0 1 0 0 17 1 8 135 36 832 3 1 0 1 0 0 10 2 0 0 0 0 0 0 0 67 0 0 0 56 2 4 3 1 1 7 0 0 454 1 178 1145 11 1804 7 1 3 0 0 0 10
0 4 41 0 0 0 0 0 0 0 0 0 0 0 0 4 29 0 1 0 0 1 16 0 0 19 309 1 0 0 0 0 0 4 0 0 0 0 0 16 511 46 1 1 0 0 0 67 0 1 404 1 7 0 43 0 3015 0 0 2783 3313 110 1 125 0 0 0 67
0 0 0 113 0 6 1 0 27 9 0 48 0 0 7 0 0 0 0 149 0 0 0 140 0 0 0 19 0 0 0 0 0 0 2 0 0 0 14 11 0 4 175 933 0 602 0 8 74 0 0 0 0 2593 0 0 0 1313 0 0 0 1520 24 0 0 0 0 30
0 0 0 0 0 0 0 0 4 0 0 0 1 0 4 0 0 0 0 0 0 0 0 0 0 0 0 0 0 0 0 0 0 0 0 0 0 14 0 217 2 255 98 9 46 25 40 2 748 0 0 1 0 7 0 2 0 53 1 1 2 15 0 0 0 165 0 181
0 0 0 2 0 25 0 0 5 0 0 44 0 0 1 0 0 0 0 4 0 0 0 3 0 0 0 3 0 0 0 1 0 0 1 0 16 11 217 0 535 1895 21 2051 3 3002 1 55 339 0 0 4 0 95 0 0 4 34 0 5 3 392 10 0 0 2 2 20
0 0 0 0 0 0 0 0 1 0 0 0 0 0 0 0 0 0 0 2 0 2 0 11 0 0 0 5 0 0 0 0 0 0 590 0 511 0 2 535 0 525 10 1600 0 93 0 2711 35 0 102 1 9 3 81 3 687 152 0 170 13 3663 520 2767 0 0 46 172
0 0 0 0 0 0 0 0 0 0 0 1 0 0 0 0 0 0 0 0 0 0 0 0 0 0 0 0 0 0 0 0 0 0 12 0 46 4 255 1895 525 0 24 679 16 46 1 2300 33 0 11 6 2 16 2 0 11 6 0 36 9 47 9 7 1 66 0 56
1 2 0 61 1 8 3 1 176 76 0 37 3 0 6 2 0 0 0 37 0 52 1 77 0 0 16 102 9 0 0 0 0 2 2 67 1 175 98 21 10 24 0 102 6 389 9 15 363 0 0 4 4 97 0 424 0 2431 79 11 182 203 9 0 0 2 1 26
0 0 0 5 0 5 0 0 51 0 0 133 0 0 10 0 0 0 0 43 0 0 0 108 0 0 0 4 0 0 0 0 0 0 4 0 1 933 9 2051 1600 679 102 0 2 2538 0 195 40 0 0 0 0 1724 0 0 0 82 0 0 0 2035 262 0 0 1 0 248
0 3 3 0 0 0 0 0 0 0 23 0 52 0 0 0 1 0 0 0 0 0 0 0 11 39 18 0 0 0 8 0 0 0 4 0 0 0 46 3 0 16 6 2 0 11 465 76 5 0 6 922 106 0 1 1 2 2 18 723 33 0 362 4 90 202 0 1383
0 0 0 41 1 254 3 3 29 134 0 534 4 1 15 0 0 0 0 72 0 0 1 46 0 0 0 68 3 0 0 0 1 3 8 0 0 602 25 3002 93 46 389 2538 11 0 1 80 399 0 0 12 2 2494 7 1 0 352 1 4 7 512 103 0 0 0 0 176
0 18 2 0 0 0 0 0 3 0 93 0 633 0 1 0 1 3 1 0 0 13 0 0 144 190 186 0 0 0 60 1 0 10 0 56 0 0 40 1 0 1 9 0 465 1 0 4 5 0 0 4 0 0 0 25 0 3 1381 24 1279 2 6 0 410 95 0 738
0 0 0 0 0 0 0 0 0 0 0 0 2 0 0 0 0 0 0 0 0 0 0 1 2 0 0 0 1 0 0 0 0 0 1028 2 67 8 2 55 2711 2300 15 195 76 80 4 0 9 0 38 25 17 44 1 0 22 17 0 106 30 123 1471 360 0 140 3 177
0 0 0 1 2 3 1 0 3 1 0 20 4 0 22 0 0 0 0 5 0 0 0 4 0 0 0 1 0 0 0 0 0 0 0 4 0 74 748 339 35 33 363 40 5 399 5 9 0 3 0 1 2 25 19 13 9 150 0 3 13 131 6 1 0 2 0 31
0 0 2 0 0 0 1 0 1 0 0 0 0 0 0 889 0 0 0 0 55 161 571 120 0 0 414 90 0 0 0 0 0 3 0 3 1 0 0 0 0 0 0 0 0 0 0 0 3 0 0 0 0 0 689 967 1724 1074 0 0 1013 1183 0 7 0 0 0 17
0 4 19 0 0 0 0 0 0 0 0 0 0 0 0 0 6 0 1 0 0 0 0 0 0 29 74 0 0 0 0 0 0 4 9 1 404 0 0 0 102 11 0 0 6 0 0 38 0 0 0 5 828 0 27 2 1162 0 0 539 693 3 15 361 0 0 2 858
0 1 1 0 0 0 0 0 0 0 0 0 0 0 0 0 0 0 0 0 0 0 0 0 1 3 8 0 0 0 0 0 0 0 4 1 1 0 1 4 1 6 4 0 922 12 4 25 1 0 5 0 390 0 7 0 7 0 0 227 28 0 24 5 3 17 0 213
0 4 2 0 0 0 0 0 0 0 0 0 0 0 0 0 4 0 1 0 0 0 0 0 0 26 54 0 0 0 0 0 0 4 20 7 7 0 0 0 9 2 4 0 106 2 0 17 2 0 828 390 0 0 19 0 19 1 0 1762 169 1 26 71 0 0 1 807
0 0 0 73 0 29 1 1 18 15 0 48 1 0 24 0 0 0 0 139 0 0 0 51 0 0 0 38 0 0 0 0 0 0 5 0 0 2593 7 95 3 16 97 1724 0 2494 0 44 25 0 0 0 0 0 0 0 0 236 0 0 0 543 66 0 0 0 0 83
0 0 0 0 0 0 0 0 0 0 0 0 0 0 0 23 0 0 0 0 19 3 18 10 0 0 4 15 0 2 0 0 0 1 1 0 43 0 0 0 81 2 0 0 1 7 0 1 19 689 27 7 19 0 0 1 5759 10 0 11 5 1601 35 3159 0 0 4 1569
1 38 2 0 0 1 0 0 24 0 0 0 6 0 0 213 3 0 0 0 10 556 35 98 3 3 324 53 1 0 1 0 0 3 0 454 0 0 2 0 3 0 424 0 1 1 25 0 13 967 2 0 0 0 1 0 4 737 136 6 1221 40 0 0 0 0 0 2
0 1 4 0 0 0 0 0 1 0 0 0 0 0 0 467 0 0 0 0 2 21 382 9 0 1 362 9 0 0 0 0 0 4 4 1 3015 0 0 4 687 11 0 0 2 0 0 22 9 1724 1162 7 19 0 5759 4 0 10 0 619 3104 733 5 556 0 0 0 1129
3 6 0 109 1 15 6 1 117 195 0 17 1 4 19 69 0 0 0 92 97 104 32 471 0 0 24 513 21 3 0 0 6 27 0 178 0 1313 53 34 152 6 2431 82 2 352 3 17 150 1074 0 0 1 236 10 737 10 0 107 1 509 3030 55 4 0 0 2 57
0 19 0 0 0 0 0 0 0 0 12 0 181 0 0 0 1 0 0 0 0 7 0 1 304 44 213 0 0 0 10 1 0 7 0 1145 0 0 1 0 0 0 79 0 18 1 1381 0 0 0 0 0 0 0 0 136 0 107 0 18 1007 0 1 0 2 2 0 7
0 22 75 0 0 0 0 0 0 0 10 0 7 0 0 0 66 4 31 0 0 2 1 0 15 363 629 0 0 0 0 0 0 35 8 11 2783 0 1 5 170 36 11 0 723 4 24 106 3 0 539 227 1762 0 11 6 619 1 18 0 3365 17 26 109 296 25 0 217
0 344 269 0 0 0 0 0 6 0 50 0 299 0 0 93 173 5 51 0 1 136 127 18 158 955 6404 2 1 0 42 0 0 111 8 1804 3313 0 2 3 13 9 182 0 33 7 1279 30 13 1013 693 28 169 0 5 1221 3104 509 1007 3365 0 166 21 12 487 8 1 551
4 0 0 44 0 8 7 0 75 3 0 25 1 0 6 55 0 0 0 162 40 24 14 357 0 0 3 165 12 3 0 0 4 57 37 7 110 1520 15 392 3663 47 203 2035 0 512 2 123 131 1183 3 0 1 543 1601 40 733 3030 0 17 166 0 540 810 0 1 91 625
0 0 0 0 0 0 0 0 7 0 0 0 0 0 1 1 0 0 0 0 4 0 0 11 1 0 1 22 3 0 0 0 1 6 915 1 1 24 0 10 520 9 9 262 362 103 6 1471 6 0 15 24 26 66 35 0 5 55 1 26 21 540 0 947 1 60 1002 1181
0 0 0 0 0 0 0 0 0 0 0 0 0 0 0 4 0 0 0 0 15 0 2 9 0 0 0 27 3 0 0 0 0 3 212 3 125 0 0 0 2767 7 0 0 4 0 0 360 1 7 361 5 71 0 3159 0 556 4 0 109 12 810 947 0 0 0 322 768
0 6 1 0 0 0 0 0 0 0 7 0 16 0 0 0 0 0 0 0 0 0 0 0 1 36 44 0 0 0 4 0 0 3 0 0 0 0 0 0 0 1 0 0 90 0 410 0 0 0 0 3 0 0 0 0 0 0 2 296 487 0 1 0 0 0 0 3
0 0 0 0 0 0 0 0 0 0 1 0 2 0 0 0 0 0 0 0 0 0 0 0 0 0 0 0 0 0 0 0 0 0 0 0 0 0 165 2 0 66 2 1 202 0 95 140 2 0 0 17 0 0 0 0 0 0 2 25 8 1 60 0 0 0 0 387
0 0 0 0 0 0 0 0 2 0 0 0 0 0 0 0 0 0 0 0 3 0 1 4 0 0 0 5 1 0 0 0 0 2 6 0 0 0 0 2 46 0 1 0 0 0 0 3 0 0 2 0 1 0 4 0 0 2 0 0 1 91 1002 322 0 0 0 256
0 6 10 0 0 2 2 0 7 0 3 5 29 1 2 4 5 0 2 0 27 2 12 28 8 19 115 73 7 0 0 0 1 9 23 10 67 30 181 20 172 56 26 248 1383 176 738 177 31 17 858 213 807 83 1569 2 1129 57 7 217 551 625 1181 768 3 387 256 0
