0 0 13 0 0 18 556 135 2 11 7 1 0 864 1 0 63 2 25 0 2 0 11 7 0 51 4 30 1333 463 0 0 5 24 0 0 0 0 0 0 3 0 0 0 0 0 0 0 1 0 0 0 0 0 0 0 0 6 0 0 1 2 1 0 0 0 0 0
0 0 1 2 7 0 0 0 163 0 1 0 54 0 18 15 18 0 4 0 1 452 1 67 572 28 1938 2 0 1 1 0 1 23 0 221 3 0 0 0 0 0 5 0 2 0 23 0 2 1 7 0 2 0 0 80 2 16 37 29 412 0 0 0 2 0 0 4
13 1 0 0 0 8 207 76 0 3 0 0 0 76 1 1 1553 1 16 1 179 3 3558 31 0 1843 2943 208 2 35 0 0 0 118 0 5 91 0 0 0 0 0 1 0 0 0 0 0 0 13 36 0 3 0 0 3 30 2 0 39 230 0 0 1 0 0 0 10
0 2 0 0 8 28 24 2 98 404 1 510 4 5 25 0 0 0 0 2141 0 0 0 582 0 0 1 1549 6 0 0 0 0 7 1 0 0 220 0 18 2 0 16 23 0 59 0 0 7 0 0 0 0 195 0 0 0 48 0 0 0 51 1 0 0 0 0 1
0 7 0 8 0 187 2 4 145 2 26 51 68 0 882 0 0 0 0 7 1 8 2 69 2 2 3 14 4 0 0 85 0 292 0 0 0 1 1 3 0 0 3 0 0 11 0 0 4 1 0 0 0 2 0 0 0 1 0 0 0 0 1 0 0 0 0 1
18 0 8 28 187 0 534 2136 178 2496 15 2414 17 134 765 0 2 9 2 77 3 2 2 32 0 9 3 141 51 0 0 3 0 19 0 0 0 4 6 26 5 8 1 9 0 121 0 2 8 1 0 0 0 6 0 0 0 6 0 0 0 22 2 0 0 2 1 11
556 0 207 24 2 534 0 477 17 2469 14 11 6 1071 9 0 118 2 18 20 121 1 147 39 0 73 5 4857 164 2433 0 1 0 76 0 0 0 3 0 2 2 0 4 1 0 8 1 1 0 0 0 0 0 4 0 0 0 23 0 0 0 22 0 0 0 0 0 9
135 0 76 2 4 2136 477 0 42 396 4 116 8 2198 43 0 109 2 8 34 7 0 24 9 0 52 3 63 48 28 0 175 0 8 0 0 0 0 0 3 0 1 0 0 0 1 0 0 2 0 0 0 0 1 0 0 0 4 0 0 0 2 0 0 0 0 0 1
2 163 0 98 145 178 17 42 0 45 53 312 653 40 409 10 3 3 4 79 2 377 3 1547 613 29 153 114 82 7 0 48 2 53 1 10 0 15 22 40 5 34 127 26 15 54 165 9 23 2 0 0 0 33 2 12 0 82 83 1 15 43 23 2 1 15 1 49
11 0 3 404 2 2496 2469 396 45 0 36 615 19 389 23 0 3 0 6 1088 0 0 0 82 0 4 0 759 124 1 0 1 0 107 0 0 0 18 1 20 4 0 5 6 0 109 0 0 9 0 0 0 0 91 0 0 0 40 0 0 0 19 0 0 0 0 0 1
7 1 0 1 26 15 14 4 53 36 0 92 537 18 7 0 51 1416 171 19 3 0 6 5 5 895 21 14 153 8 36 147 1 1511 0 1 0 0 0 0 0 0 0 0 68 0 231 0 0 0 0 0 0 0 0 1 0 0 55 48 21 0 0 0 55 1 0 0
1 0 0 510 51 2414 11 116 312 615 92 0 27 68 573 0 0 10 11 1307 0 0 0 246 0 20 2 82 101 0 0 6 0 101 0 0 0 82 2 87 2 8 12 20 0 411 3 1 89 0 0 0 0 62 0 0 0 13 0 0 0 6 2 0 0 1 0 9
0 54 0 4 68 17 6 8 653 19 537 27 0 11 32 0 0 7 5 10 1 32 1 5 601 115 288 7 61 0 211 119 0 519 0 3 0 0 1 4 1 3 7 0 53 6 452 0 3 0 0 0 0 1 0 5 0 3 197 47 52 0 0 0 74 3 0 3
864 0 76 5 0 134 1071 2198 40 389 18 68 11 0 12 0 214 4 24 12 4 0 52 15 0 69 6 88 1274 435 0 168 2 43 0 0 0 0 0 5 0 7 2 0 0 2 0 0 1 1 0 0 0 0 0 0 0 7 0 0 0 1 0 0 0 2 0 2
1 18 1 25 882 765 9 43 409 23 7 573 32 12 0 2 0 1 0 11 44 12 15 211 16 2 18 139 24 2 0 13 0 24 0 0 0 3 1 7 0 2 5 10 0 41 2 0 20 1 0 0 0 7 0 0 2 21 0 0 0 12 3 2 0 0 0 4
0 15 1 0 0 0 0 0 10 0 0 0 0 0 2 0 5 0 0 0 1064 1008 1427 563 1 3 908 72 0 0 0 0 0 15 0 4 15 0 0 0 1 0 1 0 0 0 0 0 0 1801 4 0 0 0 139 70 477 190 0 5 105 38 1 1 0 0 0 3
63 18 1553 0 0 2 118 109 3 3 51 0 0 214 0 5 0 85 1355 1 66 6 1794 22 0 940 556 34 80 384 0 1 2 1945 0 10 8 0 0 0 0 0 0 0 1 0 0 0 0 2 8 0 2 0 0 3 5 0 2 46 153 0 0 0 0 0 0 3
2 0 1 0 0 9 2 2 3 0 1416 10 7 4 1 0 85 0 754 0 0 0 0 3 0 350 1 0 25 3 0 3 1 213 0 0 0 0 0 0 0 0 0 0 0 0 0 0 0 0 0 0 0 0 0 0 0 0 0 0 4 0 0 0 0 0 0 0
25 4 16 0 0 2 18 8 4 6 171 11 5 24 0 0 1355 754 0 3 7 0 14 9 0 895 70 7 61 39 0 1 2 523 0 3 2 0 0 0 0 0 0 0 0 0 0 0 0 0 1 0 0 0 0 1 0 0 0 8 42 0 0 0 0 0 0 0
0 0 1 2141 7 77 20 34 79 1088 19 1307 10 12 11 0 1 0 3 0 0 0 0 176 0 0 0 711 50 0 0 0 0 58 0 0 0 46 1 35 2 0 2 51 0 108 0 0 19 0 0 0 0 98 0 0 0 32 0 0 0 24 0 0 0 0 0 2
2 1 179 0 1 3 121 7 2 0 3 0 1 4 44 1064 66 0 7 0 0 2 7344 32 0 14 15 1374 26 2888 0 0 2 912 0 0 1 0 0 0 0 1 0 0 0 0 0 0 0 20 0 0 0 0 4 1 9 18 0 0 3 5 0 3 0 0 0 1
0 452 3 0 8 2 1 0 377 0 0 0 32 0 12 1008 6 0 0 0 2 0 4 1035 201 12 935 6 1 0 0 1 0 4 0 31 8 0 1 0 0 0 19 0 2 0 8 0 0 170 6 0 1 0 5 289 17 94 14 3 92 11 2 0 1 0 1 2
11 1 3558 0 2 2 147 24 3 0 6 0 1 52 15 1427 1794 0 14 0 7344 4 0 182 0 84 1770 394 38 569 0 0 16 1817 0 1 52 0 0 0 0 0 0 0 0 0 0 0 0 356 5 0 0 0 32 10 344 29 0 2 103 7 0 5 0 0 0 5
7 67 31 582 69 32 39 9 1547 82 5 246 5 15 211 563 22 3 9 176 32 1035 182 0 52 20 300 1349 74 30 0 2 18 116 2 7 12 51 0 10 30 2 227 56 0 88 0 9 10 131 1 0 0 85 18 46 39 1336 3 1 58 310 43 7 0 0 5 52
0 572 0 0 2 0 0 0 613 0 5 0 601 0 16 1 0 0 0 0 0 201 0 52 0 5 908 0 1 0 1 2 0 0 0 28 0 0 1 0 0 0 8 0 32 0 167 0 0 0 0 0 0 0 0 4 0 1 346 7 136 0 0 0 3 1 0 1
51 28 1843 0 2 9 73 52 29 4 895 20 115 69 2 3 940 350 895 0 14 12 84 20 5 0 3934 19 75 49 323 8 6 482 0 46 25 0 0 0 0 0 0 0 3 0 88 0 0 2 12 6 13 0 0 14 3 0 47 385 970 0 0 0 44 0 0 13
4 1938 2943 1 3 3 5 3 153 0 21 2 288 6 18 908 556 1 70 0 15 935 1770 300 908 3934 0 30 20 13 32 0 0 643 0 212 219 0 0 0 1 0 2 0 8 0 152 0 0 605 126 0 8 0 4 164 212 44 159 345 3069 3 0 10 27 0 0 53
30 2 208 1549 14 141 4857 63 114 759 14 82 7 88 139 72 34 0 7 711 1374 6 394 1349 0 19 30 0 320 975 0 3 51 441 6 0 6 103 1 21 32 2 27 48 0 120 0 3 8 31 0 0 0 136 3 2 10 420 0 0 10 260 34 1 0 0 2 51
1333 0 2 6 4 51 164 48 82 124 153 101 61 1274 24 0 80 25 61 50 26 1 38 74 1 75 20 320 0 1323 0 75 1113 1738 0 0 0 1 0 13 3 4 8 0 0 5 0 2 2 5 0 0 0 0 0 0 0 53 2 0 0 9 2 0 0 2 0 4
463 1 35 0 0 0 2433 28 7 1 8 0 0 435 2 0 384 3 39 0 2888 0 569 30 0 49 13 975 1323 0 0 0 82 920 0 1 2 0 0 0 0 0 2 0 0 0 0 0 0 4 1 0 0 0 0 0 1 8 0 0 2 3 2 0 0 0 1 3
0 1 0 0 0 0 0 0 0 0 36 0 211 0 0 0 0 0 0 0 0 0 0 0 1 323 32 0 0 0 0 1 0 13 0 5 0 0 0 0 0 0 0 0 2 0 82 0 0 0 0 0 0 0 0 0 0 0 21 45 62 0 0 0 21 0 0 0
0 0 0 0 85 3 1 175 48 1 147 6 119 168 13 0 1 3 1 0 0 1 0 2 2 8 0 3 75 0 1 0 0 340 0 0 0 0 0 2 0 2 0 0 1 0 0 1 0 0 0 0 0 0 0 0 0 0 0 0 0 0 1 0 0 2 0 0
5 1 0 0 0 0 0 0 2 0 1 0 0 2 0 0 2 1 2 0 2 0 16 18 0 6 0 51 1113 82 0 0 0 518 0 0 0 0 0 0 0 0 2 0 0 0 0 0 0 1 0 0 0 0 0 0 0 4 0 0 1 2 0 0 0 0 0 0
24 23 118 7 292 19 76 8 53 107 1511 101 519 43 24 15 1945 213 523 58 912 4 1817 116 0 482 643 441 1738 920 13 340 518 0 0 11 14 2 0 1 8 2 3 1 0 5 4 1 3 9 7 0 0 1 2 3 13 69 5 35 156 39 1 3 0 1 0 10
0 0 0 1 0 0 0 0 1 0 0 0 0 0 0 0 0 0 0 0 0 0 0 2 0 0 0 6 0 0 0 0 0 0 0 0 1 2 0 3 841 9 1 11 2 4 0 931 1 0 4 2 0 4 0 0 0 15 0 4 2 11 903 164 0 0 3 8
0 221 5 0 0 0 0 0 10 0 1 0 3 0 0 4 10 0 3 0 0 31 1 7 28 46 212 0 0 1 5 0 0 11 0 0 0 0 6 2 2 0 67 0 1 2 29 0 24 6 7 0 3 0 1 344 0 77 389 12 1542 0 0 0 0 0 0 2
0 3 91 0 0 0 0 0 0 0 0 0 0 0 0 15 8 0 2 0 1 8 52 12 0 25 219 6 0 2 0 0 0 14 1 0 0 0 0 17 160 14 1 5 0 0 0 32 0 12 1340 0 9 0 73 4 2033 6 0 1140 3383 139 1 15 0 0 0 24
0 0 0 220 1 4 3 0 15 18 0 82 0 0 3 0 0 0 0 46 0 0 0 51 0 0 0 103 1 0 0 0 0 2 2 0 0 0 4 25 26 2 76 775 0 688 3 12 13 0 0 0 0 1973 0 1 0 471 0 0 0 1192 24 2 0 2 0 17
0 0 0 0 1 6 0 0 22 1 0 2 1 0 1 0 0 0 0 1 0 1 0 0 1 0 0 1 0 0 0 0 0 0 0 6 0 4 0 217 1 3 164 5 35 39 45 1 792 0 0 0 0 3 0 17 0 64 6 0 4 17 4 1 0 37 0 177
0 0 0 18 3 26 2 3 40 20 0 87 4 5 7 0 0 0 0 35 0 0 0 10 0 0 0 21 13 0 0 2 0 1 3 2 17 25 217 0 473 1768 105 2546 13 2977 8 142 826 1 6 5 3 66 3 0 3 43 3 9 2 89 29 1 0 103 1 43
3 0 0 2 0 5 2 0 5 4 0 2 1 0 0 1 0 0 0 2 0 0 0 30 0 0 1 32 3 0 0 0 0 8 841 2 160 26 1 473 0 124 3 1694 8 19 0 1952 1 5 141 3 16 5 141 1 179 202 0 57 50 4196 102 2302 0 1 6 50
0 0 0 0 0 8 0 1 34 0 0 8 3 7 2 0 0 0 0 0 1 0 0 2 0 0 0 2 4 0 0 2 0 2 9 0 14 2 3 1768 124 0 43 219 27 119 8 2408 75 0 29 7 1 22 0 1 3 14 4 18 6 14 30 3 1 128 0 32
0 5 1 16 3 1 4 0 127 5 0 12 7 2 5 1 0 0 0 2 0 19 0 227 8 0 2 27 8 2 0 0 2 3 1 67 1 76 164 105 3 43 0 20 6 264 21 12 269 2 2 10 3 61 0 284 0 1474 183 3 181 60 47 0 1 11 0 55
0 0 0 23 0 9 1 0 26 6 0 20 0 0 10 0 0 0 0 51 0 0 0 56 0 0 0 48 0 0 0 0 0 1 11 0 5 775 5 2546 1694 219 20 0 20 1709 7 412 22 1 4 0 3 1337 1 0 0 62 0 1 2 997 196 3 0 5 0 134
0 2 0 0 0 0 0 0 15 0 68 0 53 0 0 0 1 0 0 0 0 2 0 0 32 3 8 0 0 0 2 1 0 0 2 1 0 0 35 13 8 27 6 20 0 45 845 80 6 1 38 1335 869 16 10 0 5 13 148 816 29 9 215 21 16 356 0 1429
0 0 0 59 11 121 8 1 54 109 0 411 6 2 41 0 0 0 0 108 0 0 0 88 0 0 0 120 5 0 0 0 0 5 4 2 0 688 39 2977 19 119 264 1709 45 0 16 66 683 1 2 28 10 2831 0 2 0 288 2 14 4 231 92 0 0 11 0 90
0 23 0 0 0 0 1 0 165 0 231 3 452 0 2 0 0 0 0 0 0 8 0 0 167 88 152 0 0 0 82 0 0 4 0 29 0 3 45 8 0 8 21 7 845 16 0 2 35 1 0 0 0 6 0 6 0 7 613 43 1087 4 6 0 206 123 0 200
0 0 0 0 0 2 1 0 9 0 0 1 0 0 0 0 0 0 0 0 0 0 0 9 0 0 0 3 2 0 0 1 0 1 931 0 32 12 1 142 1952 2408 12 412 80 66 2 0 12 1 44 17 3 48 0 2 11 51 0 62 11 104 981 172 2 75 0 28
1 2 0 7 4 8 0 2 23 9 0 89 3 1 20 0 0 0 0 19 0 0 0 10 0 0 0 8 2 0 0 0 0 3 1 24 0 13 792 826 1 75 269 22 6 683 35 12 0 12 0 3 0 12 13 7 16 156 10 1 47 46 23 1 0 12 1 26
0 1 13 0 1 1 0 0 2 0 0 0 0 1 1 1801 2 0 0 0 20 170 356 131 0 2 605 31 5 4 0 0 1 9 0 6 12 0 0 1 5 0 2 1 1 1 1 1 12 0 12 0 1 0 1342 1742 1518 827 0 9 851 87 22 10 0 0 6 48
0 7 36 0 0 0 0 0 0 0 0 0 0 0 0 4 8 0 1 0 0 6 5 1 0 12 126 0 0 1 0 0 0 7 4 7 1340 0 0 6 141 29 2 4 38 2 0 44 0 12 0 18 900 0 83 4 1675 7 0 884 645 42 0 116 0 0 0 1290
0 0 0 0 0 0 0 0 0 0 0 0 0 0 0 0 0 0 0 0 0 0 0 0 0 6 0 0 0 0 0 0 0 0 2 0 0 0 0 5 3 7 10 0 1335 28 0 17 3 0 18 0 564 0 4 0 2 9 0 339 9 0 14 5 0 16 0 86
0 2 3 0 0 0 0 0 0 0 0 0 0 0 0 0 2 0 0 0 0 1 0 0 0 13 8 0 0 0 0 0 0 0 0 3 9 0 0 3 16 1 3 3 869 10 0 3 0 1 900 564 0 0 11 0 35 11 0 1409 74 5 3 25 0 1 0 741
0 0 0 195 2 6 4 1 33 91 0 62 1 0 7 0 0 0 0 98 0 0 0 85 0 0 0 136 0 0 0 0 0 1 4 0 0 1973 3 66 5 22 61 1337 16 2831 6 48 12 0 0 0 0 0 0 0 0 102 0 1 0 235 71 1 0 0 0 63
0 0 0 0 0 0 0 0 2 0 0 0 0 0 0 139 0 0 0 0 4 5 32 18 0 0 4 3 0 0 0 0 0 2 0 1 73 0 0 3 141 0 0 1 10 0 0 0 13 1342 83 4 11 0 0 8 6306 176 0 8 28 1635 4 2108 0 0 8 1061
0 80 3 0 0 0 0 0 12 0 1 0 5 0 0 70 3 0 1 0 1 289 10 46 4 14 164 2 0 0 0 0 0 3 0 344 4 1 17 0 1 1 284 0 0 2 6 2 7 1742 4 0 0 0 8 0 15 1158 146 8 925 5 7 8 0 0 1 8
0 2 30 0 0 0 0 0 0 0 0 0 0 0 2 477 5 0 0 0 9 17 344 39 0 3 212 10 0 1 0 0 0 13 0 0 2033 0 0 3 179 3 0 0 5 0 0 11 16 1518 1675 2 35 0 6306 15 0 87 0 97 1234 347 3 158 0 0 0 677
6 16 2 48 1 6 23 4 82 40 0 13 3 7 21 190 0 0 0 32 18 94 29 1336 1 0 44 420 53 8 0 0 4 69 15 77 6 471 64 43 202 14 1474 62 13 288 7 51 156 827 7 9 11 102 176 1158 87 0 62 13 297 1891 147 10 0 0 21 106
0 37 0 0 0 0 0 0 83 0 55 0 197 0 0 0 2 0 0 0 0 14 0 3 346 47 159 0 2 0 21 0 0 5 0 389 0 0 6 3 0 4 183 0 148 2 613 0 10 0 0 0 0 0 0 146 0 62 0 7 864 1 0 0 5 22 0 32
0 29 39 0 0 0 0 0 1 0 48 0 47 0 0 5 46 0 8 0 0 3 2 1 7 385 345 0 0 0 45 0 0 35 4 12 1140 0 0 9 57 18 3 1 816 14 43 62 1 9 884 339 1409 1 8 8 97 13 7 0 2737 21 19 27 338 34 0 110
1 412 230 0 0 0 0 0 15 0 21 0 52 0 0 105 153 4 42 0 3 92 103 58 136 970 3069 10 0 2 62 0 1 156 2 1542 3383 0 4 2 50 6 181 2 29 4 1087 11 47 851 645 9 74 0 28 925 1234 297 864 2737 0 29 6 70 113 0 1 297
2 0 0 51 0 22 22 2 43 19 0 6 0 1 12 38 0 0 0 24 5 11 7 310 0 0 3 260 9 3 0 0 2 39 11 0 139 1192 17 89 4196 14 60 997 9 231 4 104 46 87 42 0 5 235 1635 5 347 1891 1 21 29 0 210 512 0 0 54 320
1 0 0 1 1 2 0 0 23 0 0 2 0 0 3 1 0 0 0 0 0 2 0 43 0 0 0 34 2 2 0 1 0 1 903 0 1 24 4 29 102 30 47 196 215 92 6 981 23 22 0 14 3 71 4 7 3 147 0 19 6 210 0 923 1 20 936 1006
0 0 1 0 0 0 0 0 2 0 0 0 0 0 2 1 0 0 0 0 3 0 5 7 0 0 10 1 0 0 0 0 0 3 164 0 15 2 1 1 2302 3 0 3 21 0 0 172 1 10 116 5 25 1 2108 8 158 10 0 27 70 512 923 0 0 0 250 1368
0 2 0 0 0 0 0 0 1 0 55 0 74 0 0 0 0 0 0 0 0 1 0 0 3 44 27 0 0 0 21 0 0 0 0 0 0 0 0 0 0 1 1 0 16 0 206 2 0 0 0 0 0 0 0 0 0 0 5 338 113 0 1 0 0 3 0 1
0 0 0 0 0 2 0 0 15 0 1 1 3 2 0 0 0 0 0 0 0 0 0 0 1 0 0 0 2 0 0 2 0 1 0 0 0 2 37 103 1 128 11 5 356 11 123 75 12 0 0 16 1 0 0 0 0 0 22 34 0 0 20 0 3 0 0 438
0 0 0 0 0 1 0 0 1 0 0 0 0 0 0 0 0 0 0 0 0 1 0 5 0 0 0 2 0 1 0 0 0 0 3 0 0 0 0 1 6 0 0 0 0 0 0 0 1 6 0 0 0 0 8 1 0 21 0 0 1 54 936 250 0 0 0 423
0 4 10 1 1 11 9 1 49 1 0 9 3 2 4 3 3 0 0 2 1 2 5 52 1 13 53 51 4 3 0 0 0 10 8 2 24 17 177 43 50 32 55 134 1429 90 200 28 26 48 1290 86 741 63 1061 8 677 106 32 110 297 320 1006 1368 1 438 423 0
