0 1 15 0 0 15 591 170 0 29 3 10 0 1871 0 0 108 5 23 3 3 0 16 0 0 19 11 2 1739 201 0 0 11 33 0 0 0 0 0 0 0 0 0 0 0 0 0 0 0 0 0 0 0 0 0 0 0 2 0 0 0 0 0 0 0 0 0 0
1 0 3 0 1 1 3 3 51 0 5 0 135 2 6 3 4 0 2 0 1 428 2 91 366 19 1755 11 1 1 1 0 0 10 0 139 13 0 0 0 1 0 1 0 7 0 26 0 0 0 1 0 0 0 1 7 2 0 27 60 289 1 0 0 1 1 0 3
15 3 0 0 0 2 240 61 1 6 0 0 0 57 1 1 521 0 33 0 178 1 2258 1 0 3460 4920 141 8 101 0 0 0 29 0 9 106 0 0 0 0 0 0 0 0 0 0 0 0 2 17 0 0 0 0 1 25 0 1 133 262 0 0 0 0 0 0 4
0 0 0 0 11 12 8 2 107 782 0 264 1 4 21 0 0 0 0 2304 0 0 0 624 0 0 1 1255 12 0 0 2 1 11 0 0 0 63 0 4 0 0 28 6 0 27 0 0 5 0 0 0 0 52 0 0 0 104 0 0 0 51 0 0 0 0 0 0
0 1 0 11 0 247 2 1 106 7 23 135 99 2 745 0 0 0 0 16 1 3 5 53 0 0 2 21 2 0 0 442 0 254 0 0 0 0 1 0 0 1 2 1 0 7 0 0 2 1 0 0 0 1 0 0 0 1 0 0 0 0 0 0 0 0 0 2
15 1 2 12 247 0 139 1534 40 2958 25 2202 19 146 578 0 5 6 8 234 0 0 0 38 0 12 1 85 73 1 0 55 2 41 0 0 0 0 0 2 0 0 3 1 0 25 1 1 3 0 0 0 0 11 0 0 0 39 0 0 0 37 0 0 0 0 0 7
591 3 240 8 2 139 0 304 4 1738 3 24 13 1621 23 0 54 1 8 7 1 2 127 47 1 79 7 4177 289 2011 0 5 27 124 0 0 0 0 0 0 0 0 1 0 0 2 0 0 1 0 0 0 0 1 0 0 0 9 0 0 0 6 0 0 0 0 0 4
170 3 61 2 1 1534 304 0 12 705 5 83 19 2837 27 0 91 2 10 13 1 0 11 2 0 18 2 11 27 18 0 269 2 46 0 0 0 0 0 0 0 0 0 0 0 0 0 0 0 1 0 0 0 0 0 0 0 1 0 0 0 0 0 0 0 1 0 1
0 51 1 107 106 40 4 12 0 23 15 294 44 9 346 1 2 0 6 106 0 332 1 1929 66 5 225 112 9 0 0 28 1 12 0 2 0 3 1 1 0 0 128 1 0 9 3 0 0 7 0 0 0 3 1 9 0 124 3 0 4 13 0 0 0 0 0 3
29 0 6 782 7 2958 1738 705 23 0 8 1224 30 856 37 0 3 2 2 1162 0 0 2 84 0 2 0 1109 217 2 0 3 3 131 0 0 0 10 0 2 0 0 17 1 0 52 0 0 9 0 0 0 0 26 0 0 0 101 0 0 0 9 0 0 0 0 0 2
3 5 0 0 23 25 3 5 15 8 0 34 477 25 1 0 39 1987 707 8 1 5 1 1 60 1392 25 0 224 1 44 117 0 699 0 0 0 0 0 0 0 0 0 0 124 0 157 0 0 0 0 0 0 0 0 1 0 0 17 34 31 0 2 0 23 8 0 7
10 0 0 264 135 2202 24 83 294 1224 34 0 27 150 865 0 4 20 42 1981 0 0 0 266 0 6 3 37 102 2 0 10 0 68 0 0 0 20 4 12 3 1 123 51 0 437 0 0 13 0 0 0 0 65 0 0 0 44 0 0 0 101 1 0 0 0 0 9
0 135 0 1 99 19 13 19 44 30 477 27 0 28 35 1 0 70 9 17 4 72 0 15 890 76 855 18 97 3 284 151 1 673 0 13 0 1 5 4 2 0 2 1 207 11 655 1 10 0 0 0 0 0 0 6 0 6 105 33 66 8 3 3 19 30 0 64
1871 2 57 4 2 146 1621 2837 9 856 25 150 28 0 23 0 217 14 24 34 5 1 17 10 2 37 11 11 1437 210 0 36 15 65 0 0 0 0 0 0 0 0 1 0 0 1 0 0 1 1 0 0 0 0 0 0 0 13 0 0 0 3 0 0 0 0 0 2
0 6 1 21 745 578 23 27 346 37 1 865 35 23 0 2 0 3 1 26 15 3 22 100 2 0 30 57 20 2 0 51 0 25 0 0 0 2 3 1 2 0 2 12 0 16 2 1 2 0 0 0 0 11 1 1 0 17 0 0 0 30 0 0 0 0 0 2
0 3 1 0 0 0 0 0 1 0 0 0 1 0 2 0 4 0 0 0 376 855 1097 353 1 2 1246 76 0 0 0 0 0 2 0 1 5 0 0 0 0 0 3 0 0 0 0 0 0 827 0 0 0 0 30 57 418 30 0 0 184 15 0 2 0 0 0 0
108 4 521 0 0 5 54 91 2 3 39 4 0 217 0 4 0 20 1913 0 53 17 1718 10 0 1203 295 39 164 285 0 0 13 1606 0 6 29 0 0 0 0 0 0 0 0 0 0 0 0 0 4 0 1 0 0 0 1 0 1 66 80 0 0 0 0 0 0 1
5 0 0 0 0 6 1 2 0 2 1987 20 70 14 3 0 20 0 1265 0 0 0 0 0 0 548 2 0 90 0 0 6 3 79 0 0 0 0 0 0 0 0 0 0 2 0 2 0 0 0 0 0 0 0 0 0 0 0 0 2 0 0 0 0 2 0 0 0
23 2 33 0 0 8 8 10 6 2 707 42 9 24 1 0 1913 1265 0 3 5 2 37 3 1 1870 118 7 81 13 3 1 5 1072 0 1 0 0 0 0 0 0 0 0 0 0 4 0 0 0 1 0 1 0 0 0 0 0 1 30 30 0 0 0 3 0 0 0
3 0 0 2304 16 234 7 13 106 1162 8 1981 17 34 26 0 0 0 3 0 0 0 0 233 0 0 0 96 47 2 0 9 1 32 0 0 0 62 1 7 4 0 31 62 0 72 0 0 13 0 0 0 0 180 0 0 0 135 0 0 0 264 0 0 0 0 0 5
3 1 178 0 1 0 1 1 0 0 1 0 4 5 15 376 53 0 5 0 0 15 6873 2 0 55 88 1032 17 2570 0 0 32 1156 0 0 1 0 0 0 0 0 0 0 0 0 0 0 0 67 0 0 0 0 12 0 26 18 0 1 10 3 0 8 0 0 0 0
0 428 1 0 3 0 2 0 332 0 5 0 72 1 3 855 17 0 2 0 15 0 5 818 101 12 1310 66 1 2 2 1 2 25 0 14 4 0 0 0 0 0 86 0 0 0 8 0 0 36 1 0 0 0 0 72 5 45 5 5 64 8 0 0 0 0 0 0
16 2 2258 0 5 0 127 11 1 2 1 0 0 17 22 1097 1718 0 37 0 6873 5 0 17 1 336 1948 465 20 508 0 0 3 1490 0 5 19 0 0 0 0 0 0 0 0 0 2 0 0 456 1 0 0 0 15 12 533 18 0 1 307 4 0 4 0 0 0 1
0 91 1 624 53 38 47 2 1929 84 1 266 15 10 100 353 10 0 3 233 2 818 17 0 68 10 555 1445 19 1 0 11 4 42 0 4 5 36 2 3 8 1 93 48 0 26 1 1 11 121 1 0 0 24 22 26 37 577 3 0 75 281 3 22 0 0 0 10
0 366 0 0 0 0 1 0 66 0 60 0 890 2 2 1 0 0 1 0 0 101 1 68 0 4 1310 2 0 0 4 2 0 2 0 38 0 0 0 0 0 0 10 0 61 0 172 0 0 0 0 0 0 0 0 3 0 4 287 40 152 0 1 0 7 10 0 21
19 19 3460 0 0 12 79 18 5 2 1392 6 76 37 0 2 1203 548 1870 0 55 12 336 10 4 0 3570 66 50 48 121 3 2 130 0 38 18 0 0 0 0 0 0 0 71 0 161 0 0 0 6 4 18 0 0 2 0 0 35 979 782 0 0 0 66 0 0 7
11 1755 4920 1 2 1 7 2 225 0 25 3 855 11 30 1246 295 2 118 0 88 1310 1948 555 1310 3570 0 374 14 11 326 0 5 571 0 385 213 0 0 0 0 0 6 0 45 0 223 0 2 220 29 1 17 0 2 62 347 31 244 772 4271 3 0 0 47 0 0 35
2 11 141 1255 21 85 4177 11 112 1109 0 37 18 11 57 76 39 0 7 96 1032 66 465 1445 2 66 374 0 87 1826 0 1 16 250 0 0 0 15 0 6 7 0 42 3 0 44 0 0 12 97 0 0 0 26 27 9 35 476 0 0 21 138 4 66 0 0 0 9
1739 1 8 12 2 73 289 27 9 217 224 102 97 1437 20 0 164 90 81 47 17 1 20 19 0 50 14 87 0 1281 1 94 1650 992 0 1 0 0 1 1 0 0 4 0 0 3 0 1 1 2 0 0 0 0 2 2 1 11 0 0 0 9 0 1 0 1 0 3
201 1 101 0 0 1 2011 18 0 2 1 2 3 210 2 0 285 0 13 2 2570 2 508 1 0 48 11 1826 1281 0 0 0 178 751 0 0 1 0 0 0 1 0 0 0 0 0 0 0 0 6 0 0 0 0 12 4 4 32 0 0 0 23 0 25 0 0 0 2
0 1 0 0 0 0 0 0 0 0 44 0 284 0 0 0 0 0 3 0 0 2 0 0 4 121 326 0 1 0 0 0 0 1 0 3 0 0 0 0 0 0 0 0 27 0 74 0 0 0 0 0 0 0 0 0 0 0 10 25 20 0 0 0 12 0 0 0
0 0 0 2 442 55 5 269 28 3 117 10 151 36 51 0 0 6 1 9 0 1 0 11 2 3 0 1 94 0 0 0 0 236 0 0 0 0 0 0 0 1 0 0 1 2 0 0 0 0 0 0 0 0 0 0 0 0 0 0 0 0 0 0 0 0 0 4
11 0 0 1 0 2 27 2 1 3 0 0 1 15 0 0 13 3 5 1 32 2 3 4 0 2 5 16 1650 178 0 0 0 635 0 0 0 0 0 0 0 0 0 0 0 0 0 0 1 4 0 0 0 0 1 0 0 5 0 0 0 2 0 1 0 0 0 1
33 10 29 11 254 41 124 46 12 131 699 68 673 65 25 2 1606 79 1072 32 1156 25 1490 42 2 130 571 250 992 751 1 236 635 0 1 10 8 0 0 3 2 0 0 0 0 13 6 0 4 7 2 0 1 1 3 0 4 22 0 30 75 22 1 2 0 0 0 7
0 0 0 0 0 0 0 0 0 0 0 0 0 0 0 0 0 0 0 0 0 0 0 0 0 0 0 0 0 0 0 0 0 1 0 0 2 0 0 1 482 56 0 5 6 1 0 1056 0 0 9 2 4 3 0 0 0 0 0 25 0 4 1094 767 0 0 8 20
0 139 9 0 0 0 0 0 2 0 0 0 13 0 0 1 6 0 1 0 0 14 5 4 38 38 385 0 1 0 3 0 0 10 0 0 0 0 4 0 0 0 78 0 1 1 22 0 5 6 1 0 0 0 0 394 1 140 465 10 2266 2 0 0 2 0 0 5
0 13 106 0 0 0 0 0 0 0 0 0 0 0 0 5 29 0 0 0 1 4 19 5 0 18 213 0 0 1 0 0 0 8 2 0 0 0 0 0 365 12 0 0 0 0 0 0 0 3 535 0 1 0 74 0 2048 0 0 1990 2159 218 0 17 0 0 0 7
0 0 0 63 0 0 0 0 3 10 0 20 1 0 2 0 0 0 0 62 0 0 0 36 0 0 0 15 0 0 0 0 0 0 0 0 0 0 3 15 8 1 25 509 1 209 2 3 4 0 0 0 0 2343 0 0 0 324 0 0 0 1712 7 0 0 0 0 15
0 0 0 0 1 0 0 0 1 0 0 4 5 0 3 0 0 0 0 1 0 0 0 2 0 0 0 0 1 0 0 0 0 0 0 4 0 3 0 202 1 20 113 3 36 90 20 0 807 0 0 0 0 8 0 8 0 72 1 0 1 14 0 0 0 175 0 279
0 0 0 4 0 2 0 0 1 2 0 12 4 0 1 0 0 0 0 7 0 0 0 3 0 0 0 6 1 0 0 0 0 3 1 0 0 15 202 0 376 1745 26 1808 18 1690 1 46 435 0 0 7 3 167 0 1 0 40 0 4 0 241 26 1 0 85 0 49
0 1 0 0 0 0 0 0 0 0 0 3 2 0 2 0 0 0 0 4 0 0 0 8 0 0 0 7 0 1 0 0 0 2 482 0 365 8 1 376 0 865 1 1148 37 5 3 1930 8 0 76 8 15 9 30 1 340 104 0 505 40 4668 271 2261 0 10 14 160
0 0 0 0 1 0 0 0 0 0 0 1 0 0 0 0 0 0 0 0 0 0 0 1 0 0 0 0 0 0 0 1 0 0 56 0 12 1 20 1745 865 0 3 508 16 66 0 2512 15 0 4 3 1 21 0 0 0 4 2 18 0 9 37 26 0 283 0 44
0 1 0 28 2 3 1 0 128 17 0 123 2 1 2 3 0 0 0 31 0 86 0 93 10 0 6 42 4 0 0 0 0 0 0 78 0 25 113 26 1 3 0 7 9 250 20 4 354 0 0 0 1 51 0 355 0 2278 120 2 191 79 7 0 0 11 0 15
0 0 0 6 1 1 0 0 1 1 0 51 1 0 12 0 0 0 0 62 0 0 0 48 0 0 0 3 0 0 0 0 0 0 5 0 0 509 3 1808 1148 508 7 0 11 1152 0 149 9 0 0 2 0 985 0 0 0 40 0 0 0 1015 95 0 0 8 0 115
0 7 0 0 0 0 0 0 0 0 124 0 207 0 0 0 0 2 0 0 0 0 0 0 61 71 45 0 0 0 27 1 0 0 6 1 0 1 36 18 37 16 9 11 0 119 535 48 12 0 45 2351 272 27 11 0 27 14 61 601 13 11 159 32 132 281 0 968
0 0 0 27 7 25 2 0 9 52 0 437 11 1 16 0 0 0 0 72 0 0 0 26 0 0 0 44 3 0 0 2 0 13 1 1 0 209 90 1690 5 66 250 1152 119 0 0 85 768 0 0 57 13 2274 0 2 0 240 1 10 2 164 128 2 0 14 0 113
0 26 0 0 0 1 0 0 3 0 157 0 655 0 2 0 0 2 4 0 0 8 2 1 172 161 223 0 0 0 74 0 0 6 0 22 0 2 20 1 3 0 20 0 535 0 0 1 8 1 0 0 0 1 1 13 2 7 536 29 624 2 4 1 370 69 0 104
0 0 0 0 0 1 0 0 0 0 0 0 1 0 1 0 0 0 0 0 0 0 0 1 0 0 0 0 1 0 0 0 0 0 1056 0 0 3 0 46 1930 2512 4 149 48 85 1 0 10 0 5 9 4 29 0 0 0 4 0 17 1 20 1163 326 0 147 4 70
0 0 0 5 2 3 1 0 0 9 0 13 10 1 2 0 0 0 0 13 0 0 0 11 0 0 2 12 1 0 0 0 1 4 0 5 0 4 807 435 8 15 354 9 12 768 8 10 0 0 0 5 0 21 0 18 0 160 3 2 11 48 11 6 0 50 0 66
0 0 2 0 1 0 0 1 7 0 0 0 0 1 0 827 0 0 0 0 67 36 456 121 0 0 220 97 2 6 0 0 4 7 0 6 3 0 0 0 0 0 0 0 0 0 1 0 0 0 2 0 2 0 814 866 967 1099 0 4 885 251 0 0 0 0 0 8
0 1 17 0 0 0 0 0 0 0 0 0 0 0 0 0 4 0 1 0 0 1 1 1 0 6 29 0 0 0 0 0 0 2 9 1 535 0 0 0 76 4 0 0 45 0 0 5 0 2 0 16 1427 0 42 1 1194 0 0 164 25 9 4 206 0 0 2 988
0 0 0 0 0 0 0 0 0 0 0 0 0 0 0 0 0 0 0 0 0 0 0 0 0 4 1 0 0 0 0 0 0 0 2 0 0 0 0 7 8 3 0 2 2351 57 0 9 5 0 16 0 419 3 1 0 2 7 1 256 5 0 9 7 0 11 0 138
0 0 0 0 0 0 0 0 0 0 0 0 0 0 0 0 1 0 1 0 0 0 0 0 0 18 17 0 0 0 0 0 0 1 4 0 1 0 0 3 15 1 1 0 272 13 0 4 0 2 1427 419 0 2 16 2 42 3 0 2006 27 4 9 93 0 0 1 627
0 0 0 52 1 11 1 0 3 26 0 65 0 0 11 0 0 0 0 180 0 0 0 24 0 0 0 26 0 0 0 0 0 1 3 0 0 2343 8 167 9 21 51 985 27 2274 1 29 21 0 0 3 2 0 0 0 0 127 0 1 0 362 73 0 0 0 0 67
0 1 0 0 0 0 0 0 1 0 0 0 0 0 1 30 0 0 0 0 12 0 15 22 0 0 2 27 2 12 0 0 1 3 0 0 74 0 0 0 30 0 0 0 11 0 1 0 0 814 42 1 16 0 0 2 6303 3 0 20 53 1457 9 2287 0 0 1 1075
0 7 1 0 0 0 0 0 9 0 1 0 6 0 1 57 0 0 0 0 0 72 12 26 3 2 62 9 2 4 0 0 0 0 0 394 0 0 8 1 1 0 355 0 0 2 13 0 18 866 1 0 2 0 2 0 37 1067 90 1 934 9 1 6 0 2 0 4
0 2 25 0 0 0 0 0 0 0 0 0 0 0 0 418 1 0 0 0 26 5 533 37 0 0 347 35 1 4 0 0 0 4 0 1 2048 0 0 0 340 0 0 0 27 0 2 0 0 967 1194 2 42 0 6303 37 0 49 0 228 2261 507 2 352 0 0 0 1223
2 0 0 104 1 39 9 1 124 101 0 44 6 13 17 30 0 0 0 135 18 45 18 577 4 0 31 476 11 32 0 0 5 22 0 140 0 324 72 40 104 4 2278 40 14 240 7 4 160 1099 0 7 3 127 3 1067 49 0 111 1 275 1651 20 1 0 11 1 30
0 27 1 0 0 0 0 0 3 0 17 0 105 0 0 0 1 0 1 0 0 5 0 3 287 35 244 0 0 0 10 0 0 0 0 465 0 0 1 0 0 2 120 0 61 1 536 0 3 0 0 1 0 0 0 90 0 111 0 6 1148 0 2 0 0 6 0 141
0 60 133 0 0 0 0 0 0 0 34 0 33 0 0 0 66 2 30 0 1 5 1 0 40 979 772 0 0 0 25 0 0 30 25 10 1990 0 0 4 505 18 2 0 601 10 29 17 2 4 164 256 2006 1 20 1 228 1 6 0 3234 77 8 154 175 5 2 109
0 289 262 0 0 0 0 0 4 0 31 0 66 0 0 184 80 0 30 0 10 64 307 75 152 782 4271 21 0 0 20 0 0 75 0 2266 2159 0 1 0 40 0 191 0 13 2 624 1 11 885 25 5 27 0 53 934 2261 275 1148 3234 0 183 0 18 101 0 1 311
0 1 0 51 0 37 6 0 13 9 0 101 8 3 30 15 0 0 0 264 3 8 4 281 0 0 3 138 9 23 0 0 2 22 4 2 218 1712 14 241 4668 9 79 1015 11 164 2 20 48 251 9 0 4 362 1457 9 507 1651 0 77 183 0 74 928 0 9 6 199
0 0 0 0 0 0 0 0 0 0 2 1 3 0 0 0 0 0 0 0 0 0 0 3 1 0 0 4 0 0 0 0 0 1 1094 0 0 7 0 26 271 37 7 95 159 128 4 1163 11 0 4 9 9 73 9 1 2 20 2 8 0 74 0 1613 0 78 912 792
0 0 0 0 0 0 0 0 0 0 0 0 3 0 0 2 0 0 0 0 8 0 4 22 0 0 0 66 1 25 0 0 1 2 767 0 17 0 0 1 2261 26 0 0 32 2 1 326 6 0 206 7 93 0 2287 6 352 1 0 154 18 928 1613 0 0 0 200 1049
0 1 0 0 0 0 0 0 0 0 23 0 19 0 0 0 0 2 3 0 0 0 0 0 7 66 47 0 0 0 12 0 0 0 0 2 0 0 0 0 0 0 0 0 132 0 370 0 0 0 0 0 0 0 0 0 0 0 0 175 101 0 0 0 0 0 0 2
0 1 0 0 0 0 0 1 0 0 8 0 30 0 0 0 0 0 0 0 0 0 0 0 10 0 0 0 1 0 0 0 0 0 0 0 0 0 175 85 10 283 11 8 281 14 69 147 50 0 0 11 0 0 0 2 0 11 6 5 0 9 78 0 0 0 0 603
0 0 0 0 0 0 0 0 0 0 0 0 0 0 0 0 0 0 0 0 0 0 0 0 0 0 0 0 0 0 0 0 0 0 8 0 0 0 0 0 14 0 0 0 0 0 0 4 0 0 2 0 1 0 1 0 0 1 0 2 1 6 912 200 0 0 0 287
0 3 4 0 2 7 4 1 3 2 7 9 64 2 2 0 1 0 0 5 0 0 1 10 21 7 35 9 3 2 0 4 1 7 20 5 7 15 279 49 160 44 15 115 968 113 104 70 66 8 988 138 627 67 1075 4 1223 30 141 109 311 199 792 1049 2 603 287 0
