0 0 28 0 1 14 861 88 1 9 15 3 0 1172 3 0 50 12 42 3 15 0 45 1 0 75 7 10 823 515 0 0 2 24 0 0 0 0 0 0 2 1 0 2 0 1 0 0 0 0 0 0 0 0 0 0 0 5 0 0 0 1 0 0 0 0 0 0
0 0 4 3 4 0 2 0 54 0 11 0 207 2 21 13 3 0 3 0 0 608 2 113 380 10 1587 0 0 0 0 0 0 4 0 167 23 0 0 0 3 0 1 0 3 0 19 0 0 2 10 0 0 0 0 43 6 9 16 52 308 0 0 3 1 0 0 1
28 4 0 0 2 5 127 75 0 6 0 0 0 104 3 9 343 0 64 0 377 2 3324 27 0 3957 3651 77 18 51 0 1 0 118 0 5 116 0 0 0 0 0 1 0 0 0 0 0 0 9 16 0 0 0 1 3 40 0 0 24 225 0 0 2 0 0 0 4
0 3 0 0 7 9 31 3 130 679 0 362 6 2 35 0 0 0 0 1576 0 0 0 526 1 0 3 1396 11 0 0 0 0 11 0 0 0 159 0 5 3 2 33 29 0 59 0 0 9 0 0 0 0 104 0 0 0 68 0 0 0 114 5 1 0 0 0 0
1 4 2 7 0 240 2 9 202 11 36 76 40 4 1362 5 1 0 0 9 18 41 22 75 0 2 9 17 4 5 0 184 0 316 0 0 0 1 20 4 0 1 4 5 0 12 1 0 8 1 0 0 0 0 0 0 0 2 0 0 0 0 0 1 0 0 0 0
14 0 5 9 240 0 147 2640 103 1397 15 2924 57 74 1678 0 1 11 13 59 5 3 7 31 1 10 1 44 31 3 0 60 2 42 0 1 0 8 3 24 2 6 10 14 2 58 0 1 5 0 0 0 0 13 0 0 0 27 1 0 0 26 1 2 0 0 1 10
861 2 127 31 2 147 0 374 8 1860 24 18 16 950 29 0 28 8 20 27 190 1 162 181 1 59 7 5496 113 2452 0 2 7 123 1 1 0 4 0 8 5 5 13 3 1 22 1 4 2 0 0 0 0 10 0 1 0 67 0 0 0 28 3 0 0 0 2 10
88 0 75 3 9 2640 374 0 29 641 13 533 17 2049 97 0 60 4 15 9 17 1 76 1 2 97 0 30 71 55 1 335 0 34 0 0 0 0 1 7 0 0 2 0 1 8 1 0 1 0 0 0 0 0 0 0 0 5 0 0 0 0 1 0 0 0 0 1
1 54 0 130 202 103 8 29 0 33 17 439 473 28 459 1 6 11 3 76 1 579 8 2329 161 36 214 84 42 9 0 47 3 60 2 7 0 24 9 19 5 3 427 15 4 67 0 3 24 0 0 0 0 24 6 2 4 131 11 1 3 45 10 6 0 3 2 34
9 0 6 679 11 1397 1860 641 33 0 11 1526 73 332 41 0 4 1 2 863 7 2 11 26 0 1 1 814 140 2 0 6 0 158 0 0 0 35 2 5 4 2 26 16 0 83 0 0 3 0 0 0 0 57 0 0 0 92 0 0 0 31 3 1 0 0 0 2
15 11 0 0 36 15 24 13 17 11 0 45 930 67 11 1 121 1641 634 7 3 1 7 6 89 893 56 10 299 2 30 228 2 910 0 10 1 0 0 0 0 0 1 0 230 0 276 0 0 0 0 0 0 0 0 5 0 0 45 15 25 0 5 0 24 0 0 5
3 0 0 362 76 2924 18 533 439 1526 45 0 89 107 738 2 0 9 13 1059 0 0 0 274 0 9 1 146 80 0 0 17 0 150 0 0 0 26 10 103 2 2 41 27 1 291 0 2 30 0 0 0 0 71 0 0 0 42 2 0 0 23 2 1 0 0 0 2
0 207 0 6 40 57 16 17 473 73 930 89 0 16 31 2 1 25 11 26 1 58 4 30 925 88 756 24 30 3 275 146 1 290 0 15 0 0 4 14 7 6 18 4 228 16 671 6 6 1 0 0 0 2 0 5 1 9 275 45 205 1 11 0 45 18 0 43
1172 2 104 2 4 74 950 2049 28 332 67 107 16 0 12 2 179 30 59 37 51 0 161 9 0 158 13 57 1612 569 0 91 0 107 0 0 0 0 0 2 0 0 3 0 2 0 0 0 0 0 0 0 0 0 0 1 0 3 1 0 0 0 0 0 0 1 0 1
3 21 3 35 1362 1678 29 97 459 41 11 738 31 12 0 16 4 1 3 31 17 31 35 183 9 6 51 92 24 14 0 57 4 51 0 0 0 9 7 2 1 1 34 12 0 42 2 1 8 7 0 0 0 32 1 1 0 77 0 0 1 22 3 7 0 0 1 10
0 13 9 0 5 0 0 0 1 0 1 2 2 2 16 0 4 0 0 0 309 1189 1114 624 1 12 811 140 0 4 0 0 0 32 0 5 8 0 0 0 0 0 1 0 0 0 0 0 0 1052 0 0 0 0 121 126 273 125 0 0 154 60 0 2 0 0 0 1
50 3 343 0 1 1 28 60 6 4 121 0 1 179 4 4 0 23 1712 1 180 4 1516 15 0 983 711 55 136 300 0 0 19 1622 0 7 26 0 0 0 0 0 5 0 0 0 0 0 0 0 3 0 0 0 0 0 2 0 0 10 63 0 0 0 0 0 0 1
12 0 0 0 0 11 8 4 11 1 1641 9 25 30 1 0 23 0 556 1 3 0 4 1 0 471 1 0 46 3 0 8 0 81 0 0 0 0 0 0 0 0 0 0 2 0 5 0 0 0 0 0 0 0 0 0 0 0 0 2 2 0 0 0 1 0 0 0
42 3 64 0 0 13 20 15 3 2 634 13 11 59 3 0 1712 556 0 0 56 1 71 5 0 2547 174 14 89 39 0 2 4 338 0 2 6 0 0 0 0 0 0 0 0 0 0 0 0 0 1 0 0 0 0 2 0 0 0 13 29 0 0 0 0 0 0 0
3 0 0 1576 9 59 27 9 76 863 7 1059 26 37 31 0 1 1 0 0 1 0 0 107 0 2 0 429 38 1 0 4 1 35 0 0 0 118 4 26 16 4 29 127 0 138 0 2 10 0 0 0 0 204 0 1 0 73 0 0 0 109 3 1 0 0 0 5
15 0 377 0 18 5 190 17 1 7 3 0 1 51 17 309 180 3 56 1 0 18 9071 24 0 148 78 2272 46 3900 0 0 6 1354 0 1 0 0 0 0 0 0 0 0 0 0 0 0 0 51 0 0 0 0 5 4 5 14 0 0 5 5 0 0 0 0 0 0
0 608 2 0 41 3 1 1 579 2 1 0 58 0 31 1189 4 0 1 0 18 0 17 1234 119 9 1159 23 1 4 0 2 0 5 0 70 12 0 2 0 0 0 8 0 1 0 5 0 1 239 0 0 0 0 10 457 57 129 7 11 177 18 1 1 0 0 0 1
45 2 3324 0 22 7 162 76 8 11 7 0 4 161 35 1114 1516 4 71 0 9071 17 0 121 0 566 2515 425 34 520 0 0 1 1437 0 13 42 0 0 0 0 0 3 0 0 0 0 0 1 261 3 0 0 0 7 28 245 19 0 0 294 5 0 2 0 0 0 3
1 113 27 526 75 31 181 1 2329 26 6 274 30 9 183 624 15 1 5 107 24 1234 121 0 126 11 485 1664 84 114 0 4 13 178 0 7 1 52 1 15 23 5 101 48 0 43 0 3 20 171 1 0 0 59 30 40 29 476 1 0 54 211 22 9 0 0 3 28
0 380 0 1 0 1 1 2 161 0 89 0 925 0 9 1 0 0 0 0 0 119 0 126 0 1 1140 0 1 0 0 4 0 2 0 22 0 0 0 0 0 0 0 0 21 0 87 0 0 1 0 1 0 0 0 1 0 0 206 32 190 0 0 0 5 1 0 3
75 10 3957 0 2 10 59 97 36 1 893 9 88 158 6 12 983 471 2547 2 148 9 566 11 1 0 3814 42 94 60 136 2 4 305 0 31 107 0 0 0 0 0 1 0 52 0 189 0 0 0 15 2 17 0 0 3 1 0 29 486 725 0 0 0 13 0 0 4
7 1587 3651 3 9 1 7 0 214 1 56 1 756 13 51 811 711 1 174 0 78 1159 2515 485 1140 3814 0 161 41 15 145 0 6 875 0 373 376 0 0 0 2 0 4 0 28 0 240 0 0 137 59 1 30 0 4 80 289 22 157 685 3527 6 0 4 27 0 0 32
10 0 77 1396 17 44 5496 30 84 814 10 146 24 57 92 140 55 0 14 429 2272 23 425 1664 0 42 161 0 127 1875 0 1 9 381 1 0 1 154 0 15 20 11 63 29 0 47 0 1 7 48 0 0 0 79 10 13 9 260 0 0 5 143 9 4 0 0 2 22
823 0 18 11 4 31 113 71 42 140 299 80 30 1612 24 0 136 46 89 38 46 1 34 84 1 94 41 127 0 1816 0 130 1210 997 0 3 0 1 0 4 1 0 26 0 10 2 5 2 1 0 0 0 0 3 0 0 0 35 1 0 0 7 1 1 0 2 0 8
515 0 51 0 5 3 2452 55 9 2 2 0 3 569 14 4 300 3 39 1 3900 4 520 114 0 60 15 1875 1816 0 0 0 160 889 0 0 1 0 0 0 0 0 3 0 0 0 0 1 3 0 1 0 0 0 2 0 0 28 0 0 2 8 4 0 0 0 0 2
0 0 0 0 0 0 0 1 0 0 30 0 275 0 0 0 0 0 0 0 0 0 0 0 0 136 145 0 0 0 0 0 0 0 0 0 0 0 0 0 0 0 0 0 12 0 40 0 0 0 0 0 0 0 0 0 0 0 6 10 18 0 0 0 4 0 0 0
0 0 1 0 184 60 2 335 47 6 228 17 146 91 57 0 0 8 2 4 0 2 0 4 4 2 0 1 130 0 0 0 0 348 0 0 0 0 0 0 0 0 0 0 4 0 4 0 1 0 0 0 0 0 0 0 0 1 5 0 0 0 0 0 0 0 0 0
2 0 0 0 0 2 7 0 3 0 2 0 1 0 4 0 19 0 4 1 6 0 1 13 0 4 6 9 1210 160 0 0 0 394 0 0 0 0 0 0 1 0 7 0 0 1 0 0 0 0 0 0 0 0 0 0 0 16 0 0 0 2 0 0 0 0 0 0
24 4 118 11 316 42 123 34 60 158 910 150 290 107 51 32 1622 81 338 35 1354 5 1437 178 2 305 875 381 997 889 0 348 394 0 0 4 21 2 0 6 20 0 18 0 5 8 6 0 26 16 0 0 0 0 4 4 12 212 1 17 60 105 14 15 0 0 3 21
0 0 0 0 0 0 1 0 2 0 0 0 0 0 0 0 0 0 0 0 0 0 0 0 0 0 0 1 0 0 0 0 0 0 0 1 13 0 0 4 479 25 0 16 5 7 0 1038 2 0 11 2 11 4 3 0 17 6 0 54 11 6 865 428 0 0 5 16
0 167 5 0 0 1 1 0 7 0 10 0 15 0 0 5 7 0 2 0 1 70 13 7 22 31 373 0 3 0 0 0 0 4 1 0 6 0 0 0 1 0 73 0 3 1 120 8 30 15 3 0 0 0 0 877 5 174 757 18 2520 3 1 2 0 0 0 0
0 23 116 0 0 0 0 0 0 0 1 0 0 0 0 8 26 0 6 0 0 12 42 1 0 107 376 1 0 1 0 0 0 21 13 6 0 0 0 9 175 47 0 1 1 1 0 79 0 9 258 0 46 0 78 0 1824 8 0 2299 3468 30 9 20 0 0 1 10
0 0 0 159 1 8 4 0 24 35 0 26 0 0 9 0 0 0 0 118 0 0 0 52 0 0 0 154 1 0 0 0 0 2 0 0 0 0 5 31 14 6 153 847 0 714 1 2 18 0 0 0 0 1255 0 0 0 791 0 0 0 1787 20 0 0 1 5 19
0 0 0 0 20 3 0 1 9 2 0 10 4 0 7 0 0 0 0 4 0 2 0 1 0 0 0 0 0 0 0 0 0 0 0 0 0 5 0 435 3 5 130 4 17 97 18 1 1051 2 0 0 0 6 8 33 4 62 3 0 2 17 2 2 0 45 0 172
0 0 0 5 4 24 8 7 19 5 0 103 14 2 2 0 0 0 0 26 0 0 0 15 0 0 0 15 4 0 0 0 0 6 4 0 9 31 435 0 207 1942 139 1961 29 3036 9 73 724 0 1 4 10 221 10 10 13 33 6 30 7 46 47 4 0 22 0 28
2 3 0 3 0 2 5 0 5 4 0 2 7 0 1 0 0 0 0 16 0 0 0 23 0 0 2 20 1 0 0 0 1 20 479 1 175 14 3 207 0 387 9 2586 10 29 0 1683 15 2 94 0 49 24 284 0 440 328 0 100 33 4020 96 2881 1 1 4 84
1 0 0 2 1 6 5 0 3 2 0 2 6 0 1 0 0 0 0 4 0 0 0 5 0 0 0 11 0 0 0 0 0 0 25 0 47 6 5 1942 387 0 11 528 12 149 2 3160 18 0 6 3 2 34 21 0 60 7 0 42 6 30 88 13 0 91 0 23
0 1 1 33 4 10 13 2 427 26 1 41 18 3 34 1 5 0 0 29 0 8 3 101 0 1 4 63 26 3 0 0 7 18 0 73 0 153 130 139 9 11 0 14 5 421 73 5 655 1 3 0 2 71 0 446 2 3104 124 8 115 101 24 9 0 12 5 19
2 0 0 29 5 14 3 0 15 16 0 27 4 0 12 0 0 0 0 127 0 0 0 48 0 0 0 29 0 0 0 0 0 0 16 0 1 847 4 1961 2586 528 14 0 12 2280 2 222 19 1 2 0 0 1635 2 0 4 46 1 0 0 1078 93 5 0 1 2 175
0 3 0 0 0 2 1 1 4 0 230 1 228 2 0 0 0 2 0 0 0 1 0 0 21 52 28 0 10 0 12 4 0 5 5 3 1 0 17 29 10 12 5 12 0 29 991 32 6 0 27 1404 346 16 6 0 8 1 92 677 25 5 422 13 95 157 0 1221
1 0 0 59 12 58 22 8 67 83 0 291 16 0 42 0 0 0 0 138 0 0 0 43 0 0 0 47 2 0 0 0 1 8 7 1 1 714 97 3036 29 149 421 2280 29 0 6 66 387 0 4 8 14 1688 0 4 3 217 3 29 7 180 80 0 0 6 1 121
0 19 0 0 1 0 1 1 0 0 276 0 671 0 2 0 0 5 0 0 0 5 0 0 87 189 240 0 5 0 40 4 0 6 0 120 0 1 18 9 0 2 73 2 991 6 0 6 11 1 0 1 0 7 0 42 0 18 1167 57 729 0 38 0 384 83 0 122
0 0 0 0 0 1 4 0 3 0 0 2 6 0 1 0 0 0 0 2 0 0 0 3 0 0 0 1 2 1 0 0 0 0 1038 8 79 2 1 73 1683 3160 5 222 32 66 6 0 7 0 31 9 32 63 28 0 91 19 0 130 29 29 1334 295 0 100 48 73
0 0 0 9 8 5 2 1 24 3 0 30 6 0 8 0 0 0 0 10 0 1 1 20 0 0 0 7 1 3 0 1 0 26 2 30 0 18 1051 724 15 18 655 19 6 387 11 7 0 3 0 1 1 24 27 37 15 138 11 1 10 63 36 8 0 23 3 26
0 2 9 0 1 0 0 0 0 0 0 0 1 0 7 1052 0 0 0 0 51 239 261 171 1 0 137 48 0 0 0 0 0 16 0 15 9 0 2 0 2 0 1 1 0 0 1 0 3 0 1 0 1 0 890 1284 760 645 1 7 1539 261 0 7 0 0 0 18
0 10 16 0 0 0 0 0 0 0 0 0 0 0 0 0 3 0 1 0 0 0 3 1 0 15 59 0 0 1 0 0 0 0 11 3 258 0 0 1 94 6 3 2 27 4 0 31 0 1 0 6 1136 2 33 0 1533 3 0 461 153 4 18 164 0 0 0 1034
0 0 0 0 0 0 0 0 0 0 0 0 0 0 0 0 0 0 0 0 0 0 0 0 1 2 1 0 0 0 0 0 0 0 2 0 0 0 0 4 0 3 0 0 1404 8 1 9 1 0 6 0 535 1 0 1 8 0 0 596 2 0 25 11 1 3 0 33
0 0 0 0 0 0 0 0 0 0 0 0 0 0 0 0 0 0 0 0 0 0 0 0 0 17 30 0 0 0 0 0 0 0 11 0 46 0 0 10 49 2 2 0 346 14 0 32 1 1 1136 535 0 1 9 1 110 2 1 1893 21 0 69 69 0 0 2 664
0 0 0 104 0 13 10 0 24 57 0 71 2 0 32 0 0 0 0 204 0 0 0 59 0 0 0 79 3 0 0 0 0 0 4 0 0 1255 6 221 24 34 71 1635 16 1688 7 63 24 0 2 1 1 0 0 0 0 98 2 1 2 339 80 1 0 8 0 127
0 0 1 0 0 0 0 0 6 0 0 0 0 0 1 121 0 0 0 0 5 10 7 30 0 0 4 10 0 2 0 0 0 4 3 0 78 0 8 10 284 21 0 2 6 0 0 28 27 890 33 0 9 0 0 20 8155 58 0 19 191 2182 17 2787 0 0 2 1011
0 43 3 0 0 0 1 0 2 0 5 0 5 1 1 126 0 0 2 1 4 457 28 40 1 3 80 13 0 0 0 0 0 4 0 877 0 0 33 10 0 0 446 0 0 4 42 0 37 1284 0 1 1 0 20 0 29 1252 109 1 1120 20 0 4 0 0 0 1
0 6 40 0 0 0 0 0 4 0 0 0 1 0 0 273 2 0 0 0 5 57 245 29 0 1 289 9 0 0 0 0 0 12 17 5 1824 0 4 13 440 60 2 4 8 3 0 91 15 760 1533 8 110 0 8155 29 0 59 0 314 3111 239 10 517 0 0 1 1261
5 9 0 68 2 27 67 5 131 92 0 42 9 3 77 125 0 0 0 73 14 129 19 476 0 0 22 260 35 28 0 1 16 212 6 174 8 791 62 33 328 7 3104 46 1 217 18 19 138 645 3 0 2 98 58 1252 59 0 64 5 351 1813 90 66 0 2 12 129
0 16 0 0 0 1 0 0 11 0 45 2 275 1 0 0 0 0 0 0 0 7 0 1 206 29 157 0 1 0 6 5 0 1 0 757 0 0 3 6 0 0 124 1 92 3 1167 0 11 1 0 0 1 2 0 109 0 64 0 43 1451 0 1 1 0 10 0 29
0 52 24 0 0 0 0 0 1 0 15 0 45 0 0 0 10 2 13 0 0 11 0 0 32 486 685 0 0 0 10 0 0 17 54 18 2299 0 0 30 100 42 8 0 677 29 57 130 1 7 461 596 1893 1 19 1 314 5 43 0 2516 6 107 75 162 10 2 187
0 308 225 0 0 0 0 0 3 0 25 0 205 0 1 154 63 2 29 0 5 177 294 54 190 725 3527 5 0 2 18 0 0 60 11 2520 3468 0 2 7 33 6 115 0 25 7 729 29 10 1539 153 2 21 2 191 1120 3111 351 1451 2516 0 181 23 57 233 1 3 311
1 0 0 114 0 26 28 0 45 31 0 23 1 0 22 60 0 0 0 109 5 18 5 211 0 0 6 143 7 8 0 0 2 105 6 3 30 1787 17 46 4020 30 101 1078 5 180 0 29 63 261 4 0 0 339 2182 20 239 1813 0 6 181 0 70 491 0 1 22 303
0 0 0 5 0 1 3 1 10 3 5 2 11 0 3 0 0 0 0 3 0 1 0 22 0 0 0 9 1 4 0 0 0 14 865 1 9 20 2 47 96 88 24 93 422 80 38 1334 36 0 18 25 69 80 17 0 10 90 1 107 23 70 0 1351 2 65 1189 1211
0 3 2 1 1 2 0 0 6 1 0 1 0 0 7 2 0 0 0 1 0 1 2 9 0 0 4 4 1 0 0 0 0 15 428 2 20 0 2 4 2881 13 9 5 13 0 0 295 8 7 164 11 69 1 2787 4 517 66 1 75 57 491 1351 0 0 0 178 1345
0 1 0 0 0 0 0 0 0 0 24 0 45 0 0 0 0 1 0 0 0 0 0 0 5 13 27 0 0 0 4 0 0 0 0 0 0 0 0 0 1 0 0 0 95 0 384 0 0 0 0 1 0 0 0 0 0 0 0 162 233 0 2 0 0 2 0 5
0 0 0 0 0 0 0 0 3 0 0 0 18 1 0 0 0 0 0 0 0 0 0 0 1 0 0 0 2 0 0 0 0 0 0 0 0 1 45 22 1 91 12 1 157 6 83 100 23 0 0 3 0 8 0 0 0 2 10 10 1 1 65 0 2 0 0 477
0 0 0 0 0 1 2 0 2 0 0 0 0 0 1 0 0 0 0 0 0 0 0 3 0 0 0 2 0 0 0 0 0 3 5 0 1 5 0 0 4 0 5 2 0 1 0 48 3 0 0 0 2 0 2 0 1 12 0 2 3 22 1189 178 0 0 0 394
0 1 4 0 0 10 10 1 34 2 5 2 43 1 10 1 1 0 0 5 0 1 3 28 3 4 32 22 8 2 0 0 0 21 16 0 10 19 172 28 84 23 19 175 1221 121 122 73 26 18 1034 33 664 127 1011 1 1261 129 29 187 311 303 1211 1345 5 477 394 0
