0 0 20 0 0 2 353 83 0 6 8 1 1 1040 0 0 86 3 16 0 5 0 32 0 0 39 12 6 1280 228 1 0 5 18 0 0 0 0 0 0 0 0 1 0 0 0 0 0 0 0 0 0 0 0 1 0 0 3 0 0 0 2 0 0 0 0 0 1
0 0 1 0 1 0 0 0 143 0 14 1 110 2 1 0 5 0 3 0 0 269 0 293 980 22 2369 9 0 0 1 0 0 7 0 377 22 3 0 0 0 0 13 0 3 0 27 0 0 2 18 0 7 0 1 32 1 13 108 97 984 0 1 0 4 0 0 13
20 1 0 0 0 5 233 54 1 7 2 0 1 65 2 0 600 5 24 3 170 0 2656 6 0 2632 3325 113 15 65 0 0 1 410 0 4 78 0 0 0 0 0 0 0 0 0 0 0 0 1 8 0 0 0 0 1 11 0 0 8 148 0 0 0 0 0 0 0
0 0 0 0 15 15 7 1 104 805 0 1048 3 2 27 0 0 0 0 2062 0 0 0 1078 0 0 0 1870 7 0 0 0 0 8 0 0 0 295 0 1 2 0 43 153 0 56 0 0 3 0 0 0 0 183 0 0 0 95 0 0 0 79 0 0 0 0 0 0
0 1 0 15 0 188 6 18 73 12 13 98 309 1 824 0 0 2 2 15 2 1 9 101 0 1 4 23 63 1 1 189 0 206 0 0 0 0 0 0 0 0 2 0 0 3 0 0 2 0 0 0 0 0 0 0 0 1 0 0 0 0 0 0 0 0 0 0
2 0 5 15 188 0 361 2047 33 2213 17 3152 67 49 708 0 0 0 2 119 0 0 0 23 0 9 2 139 64 2 0 20 2 45 0 0 0 0 0 9 6 3 4 1 0 66 3 0 4 0 0 0 0 1 1 0 0 18 0 0 0 20 2 1 0 0 0 4
353 0 233 7 6 361 0 511 14 3596 6 49 13 1101 16 0 30 1 1 9 71 0 157 67 0 58 6 4799 220 1397 0 0 10 98 0 0 0 0 0 0 0 0 4 0 0 8 1 0 0 1 0 0 0 0 0 0 0 17 0 0 0 3 0 0 0 0 0 0
83 0 54 1 18 2047 511 0 10 644 6 215 33 2270 23 0 147 0 4 6 6 0 44 9 0 54 11 58 88 68 1 371 4 52 0 0 0 0 0 1 0 1 0 0 0 4 1 0 0 0 0 0 0 0 0 0 0 0 0 0 0 1 0 0 0 0 0 2
0 143 1 104 73 33 14 10 0 41 9 388 22 4 266 1 0 0 1 80 0 1068 0 2799 90 3 89 164 4 0 0 5 0 11 0 2 0 32 0 4 9 1 177 65 0 40 2 0 1 40 0 0 0 14 2 40 3 292 1 0 9 139 2 1 0 0 0 0
6 0 7 805 12 2213 3596 644 41 0 5 1705 79 300 49 0 1 0 0 1134 0 0 2 82 0 5 0 2190 127 3 0 3 3 182 0 0 0 2 0 0 0 0 96 1 0 26 1 0 3 0 0 0 0 2 0 0 0 84 0 0 0 1 0 0 0 0 0 0
8 14 2 0 13 17 6 6 9 5 0 34 996 23 0 0 49 1759 884 1 1 15 4 0 69 909 51 2 106 5 46 58 0 1117 0 12 0 0 1 0 0 0 0 0 33 0 139 1 0 0 0 0 0 0 0 0 0 0 36 11 43 0 0 0 17 0 0 13
1 1 0 1048 98 3152 49 215 388 1705 34 0 53 30 708 0 1 1 0 2820 0 1 0 512 0 2 1 453 53 0 0 6 0 78 0 0 0 13 2 57 4 1 42 23 0 1213 2 0 5 1 0 0 0 37 0 1 0 73 0 0 0 68 0 1 0 0 0 1
1 110 1 3 309 67 13 33 22 79 996 53 0 19 42 0 3 17 16 20 1 71 5 17 998 185 763 37 57 7 338 159 0 407 0 17 0 1 6 13 1 19 8 1 112 19 623 10 17 0 0 0 0 12 0 0 0 9 183 67 183 5 7 0 92 9 0 263
1040 2 65 2 1 49 1101 2270 4 300 23 30 19 0 6 0 132 7 26 6 8 0 114 3 0 70 32 24 1581 397 2 195 1 76 0 1 0 0 0 3 0 3 0 0 0 0 0 0 0 0 0 0 0 0 0 0 0 1 1 0 0 0 0 0 0 0 0 2
0 1 2 27 824 708 16 23 266 49 0 708 42 6 0 2 0 0 0 23 77 1 19 160 0 2 2 167 9 17 0 11 0 12 0 0 0 4 0 0 0 0 2 3 0 7 6 0 3 0 0 0 0 6 0 0 0 9 0 0 0 12 0 0 0 0 0 0
0 0 0 0 0 0 0 0 1 0 0 0 0 0 2 0 0 0 0 0 919 933 1047 852 0 2 1037 617 0 0 0 0 0 7 0 1 32 0 0 0 1 0 0 0 0 0 0 0 0 635 0 0 0 0 19 116 391 103 0 0 474 41 0 0 0 0 0 0
86 5 600 0 0 0 30 147 0 1 49 1 3 132 0 0 0 40 2172 0 22 0 1438 0 0 503 469 5 101 250 0 0 4 956 0 0 20 0 0 0 0 0 0 0 0 0 0 0 0 0 3 0 0 0 0 1 0 0 0 4 52 0 0 0 0 0 0 1
3 0 5 0 2 0 1 0 0 0 1759 1 17 7 0 0 40 0 941 0 0 0 3 0 0 1057 15 0 21 1 0 2 0 75 0 0 0 0 0 0 0 0 0 0 0 0 1 0 0 0 0 0 0 0 0 0 0 0 0 8 11 0 0 0 1 0 0 0
16 3 24 0 2 2 1 4 1 0 884 0 16 26 0 0 2172 941 0 0 7 0 17 2 0 1242 140 0 46 21 2 4 2 957 0 2 4 0 0 0 0 0 0 0 0 0 0 0 0 0 1 0 2 0 0 0 0 0 1 28 29 0 0 0 0 0 0 0
0 0 3 2062 15 119 9 6 80 1134 1 2820 20 6 23 0 0 0 0 0 0 0 0 261 0 0 0 619 16 0 0 1 1 16 0 0 0 9 0 2 5 0 52 1 0 136 0 0 15 0 0 0 0 156 0 0 0 238 0 0 0 30 1 0 0 0 0 2
5 0 170 0 2 0 71 6 0 0 1 0 1 8 77 919 22 0 7 0 0 18 7838 10 0 19 112 1862 14 2810 0 1 5 1051 0 0 2 0 0 0 0 0 2 0 0 0 0 0 0 69 0 0 0 0 1 6 9 33 0 0 3 12 0 2 0 0 0 2
0 269 0 0 1 0 0 0 1068 0 15 1 71 0 1 933 0 0 0 0 18 0 28 997 163 3 503 55 0 0 0 0 0 6 0 11 6 2 0 0 0 0 27 0 1 0 6 0 0 115 1 0 0 0 6 253 44 135 5 0 163 24 1 1 0 0 0 0
32 0 2656 0 9 0 157 44 0 2 4 0 5 114 19 1047 1438 3 17 0 7838 28 0 45 0 342 2276 372 41 664 0 0 0 1271 0 0 68 0 0 0 0 0 2 0 0 0 0 0 0 469 0 0 0 0 9 28 355 63 0 0 315 23 1 0 0 0 0 1
0 293 6 1078 101 23 67 9 2799 82 0 512 17 3 160 852 0 0 2 261 10 997 45 0 157 1 368 2276 16 5 0 1 3 29 3 18 1 178 0 3 33 0 187 37 0 101 0 1 16 236 0 0 0 64 25 83 40 1667 3 0 18 502 6 14 0 0 1 14
0 980 0 0 0 0 0 0 90 0 69 0 998 0 0 0 0 0 0 0 0 163 0 157 0 3 1301 2 1 0 1 0 0 7 0 39 0 0 0 0 0 0 0 0 10 0 175 0 0 0 0 0 1 0 0 3 0 0 238 60 324 0 0 0 31 1 0 6
39 22 2632 0 1 9 58 54 3 5 909 2 185 70 2 2 503 1057 1242 0 19 3 342 1 3 0 2990 5 66 26 328 12 0 316 0 30 41 0 0 0 0 0 0 0 14 1 59 0 0 0 27 0 11 0 0 0 1 0 30 487 825 0 1 0 48 0 0 20
12 2369 3325 0 4 2 6 11 89 0 51 1 763 32 2 1037 469 15 140 0 112 503 2276 368 1301 2990 0 440 32 6 422 3 2 561 0 285 577 1 0 0 0 0 3 0 14 1 169 0 1 137 102 0 35 0 3 339 158 15 133 761 5389 0 0 0 50 0 0 48
6 9 113 1870 23 139 4799 58 164 2190 2 453 37 24 167 617 5 0 0 619 1862 55 372 2276 2 5 440 0 143 2306 0 3 20 202 3 2 1 20 0 2 6 0 130 0 0 48 0 1 8 158 0 0 0 17 19 22 14 625 0 0 7 194 14 24 0 0 1 14
1280 0 15 7 63 64 220 88 4 127 106 53 57 1581 9 0 101 21 46 16 14 0 41 16 1 66 32 143 0 2207 1 112 1419 1097 1 0 0 0 0 3 1 4 2 0 0 0 0 1 0 2 0 0 0 0 0 0 0 11 0 0 0 7 0 1 0 0 0 3
228 0 65 0 1 2 1397 68 0 3 5 0 7 397 17 0 250 1 21 0 2810 0 664 5 0 26 6 2306 2207 0 0 5 242 1277 0 0 0 0 0 0 0 0 0 0 0 0 2 0 1 1 0 0 0 0 0 0 0 7 0 0 0 8 5 1 0 0 0 1
1 1 0 0 1 0 0 1 0 0 46 0 338 2 0 0 0 0 2 0 0 0 0 0 1 328 422 0 1 0 0 0 0 5 0 3 0 0 0 0 0 0 0 0 14 0 62 0 0 0 0 0 0 0 0 0 0 0 6 25 46 0 0 0 7 0 0 15
0 0 0 0 189 20 0 371 5 3 58 6 159 195 11 0 0 2 4 1 1 0 0 1 0 12 3 3 112 5 0 0 0 261 0 0 0 0 0 0 0 1 0 0 0 0 0 0 0 0 0 0 0 0 0 0 0 0 0 0 0 0 0 0 0 0 0 0
5 0 1 0 0 2 10 4 0 3 0 0 0 1 0 0 4 0 2 1 5 0 0 3 0 0 2 20 1419 242 0 0 0 434 0 0 0 0 0 0 0 0 0 0 0 0 0 0 0 0 0 0 0 0 0 0 0 0 0 0 0 1 0 0 0 0 0 0
18 7 410 8 206 45 98 52 11 182 1117 78 407 76 12 7 956 75 957 16 1051 6 1271 29 7 316 561 202 1097 1277 5 261 434 0 0 2 4 0 0 1 0 3 1 0 3 2 5 3 0 1 2 0 0 0 0 0 0 4 5 24 101 4 0 1 1 0 0 1
0 0 0 0 0 0 0 0 0 0 0 0 0 0 0 0 0 0 0 0 0 0 0 3 0 0 0 3 1 0 0 0 0 0 0 0 3 0 0 8 538 67 0 7 18 4 0 1359 2 0 5 9 2 1 0 0 5 6 0 11 3 15 1287 588 0 0 1 39
0 377 4 0 0 0 0 0 2 0 12 0 17 1 0 1 0 0 2 0 0 11 0 18 39 30 285 2 0 0 3 0 0 2 0 0 5 1 0 0 1 0 78 0 6 2 53 0 3 24 6 0 1 0 0 395 2 204 485 7 1922 4 0 1 0 0 0 31
0 22 78 0 0 0 0 0 0 0 0 0 0 0 0 32 20 0 4 0 2 6 68 1 0 41 577 1 0 0 0 0 0 4 3 5 0 0 0 3 148 37 1 2 1 3 0 11 5 7 2303 1 27 0 169 2 2733 5 0 1236 3083 74 2 8 0 0 0 63
0 3 0 295 0 0 0 0 32 2 0 13 1 0 4 0 0 0 0 9 0 2 0 178 0 0 1 20 0 0 0 0 0 0 0 1 0 0 12 2 1 0 131 1348 0 710 0 1 26 0 0 0 0 3258 0 2 0 1339 2 0 1 975 6 0 0 0 0 4
0 0 0 0 0 0 0 0 0 0 1 2 6 0 0 0 0 0 0 0 0 0 0 0 0 0 0 0 0 0 0 0 0 0 0 0 0 12 0 609 2 19 74 4 48 69 12 0 722 0 0 0 0 4 0 5 0 105 1 0 0 14 0 1 0 269 0 355
0 0 0 1 0 9 0 1 4 0 0 57 13 3 0 0 0 0 0 2 0 0 0 3 0 0 0 2 3 0 0 0 0 1 8 0 3 2 609 0 271 2221 65 3551 6 3383 1 77 831 0 3 3 0 90 1 2 3 91 1 3 1 383 36 1 0 4 1 88
0 0 0 2 0 6 0 0 9 0 0 4 1 0 0 1 0 0 0 5 0 0 0 33 0 0 0 6 1 0 0 0 0 0 538 1 148 1 2 271 0 949 13 2007 14 71 3 1953 35 2 177 1 21 2 142 0 238 57 0 21 2 3852 242 2349 0 0 16 271
0 0 0 0 0 3 0 1 1 0 0 1 19 3 0 0 0 0 0 0 0 0 0 0 0 0 0 0 4 0 0 1 0 3 67 0 37 0 19 2221 949 0 31 690 34 187 0 3391 55 0 9 4 0 1 3 0 9 17 0 8 1 79 75 48 2 358 1 148
1 13 0 43 2 4 4 0 177 96 0 42 8 0 2 0 0 0 0 52 2 27 2 187 0 0 3 130 2 0 0 0 0 1 0 78 1 131 74 65 13 31 0 75 6 513 16 18 236 2 1 2 1 63 0 541 0 2473 48 4 233 214 13 0 0 1 0 45
0 0 0 153 0 1 0 0 65 1 0 23 1 0 3 0 0 0 0 1 0 0 0 37 0 0 0 0 0 0 0 0 0 0 7 0 2 1348 4 3551 2007 690 75 0 3 2829 1 546 19 0 0 0 0 1598 0 0 3 165 0 0 0 3015 116 0 0 1 0 218
0 3 0 0 0 0 0 0 0 0 33 0 112 0 0 0 0 0 0 0 0 1 0 0 10 14 14 0 0 0 14 0 0 3 18 6 1 0 48 6 14 34 6 3 0 22 675 109 0 0 41 1623 330 16 7 4 2 13 46 689 5 3 328 9 243 230 0 1384
0 0 0 56 3 66 8 4 40 26 0 1213 19 0 7 0 0 0 0 136 0 0 0 101 0 1 1 48 0 0 0 0 0 2 4 2 3 710 69 3383 71 187 513 2829 22 0 3 52 450 0 4 15 2 2395 0 1 2 742 2 7 0 759 64 3 0 0 2 107
0 27 0 0 0 3 1 1 2 1 139 2 623 0 6 0 0 1 0 0 0 6 0 0 175 59 169 0 0 2 62 0 0 5 0 53 0 0 12 1 3 0 16 1 675 3 0 3 21 0 0 0 0 3 0 29 0 8 673 45 858 4 8 1 652 16 0 224
0 0 0 0 0 0 0 0 0 0 1 0 10 0 0 0 0 0 0 0 0 0 0 1 0 0 0 1 1 0 0 0 0 3 1359 0 11 1 0 77 1953 3391 18 546 109 52 3 0 8 0 12 26 2 3 0 0 3 20 0 34 0 44 2067 370 5 6 1 160
0 0 0 3 2 4 0 0 1 3 0 5 17 0 3 0 0 0 0 15 0 0 0 16 0 0 1 8 0 1 0 0 0 0 2 3 5 26 722 831 35 55 236 19 0 450 21 8 0 7 0 3 0 6 99 0 43 208 0 1 3 141 3 13 0 5 0 26
0 2 1 0 0 0 1 0 40 0 0 1 0 0 0 635 0 0 0 0 69 115 469 236 0 0 137 158 2 1 0 0 0 1 0 24 7 0 0 0 2 0 2 0 0 0 0 0 7 0 0 0 0 0 847 1502 1585 1449 1 0 1200 529 3 5 0 0 0 2
0 18 8 0 0 0 0 0 0 0 0 0 0 0 0 0 3 0 1 0 0 1 0 0 0 27 102 0 0 0 0 0 0 2 5 6 2303 0 0 3 177 9 1 0 41 4 0 12 0 0 0 20 1058 0 113 0 1068 0 1 1068 405 46 4 177 1 0 0 1021
0 0 0 0 0 0 0 0 0 0 0 0 0 0 0 0 0 0 0 0 0 0 0 0 0 0 0 0 0 0 0 0 0 0 9 0 1 0 0 3 1 4 2 0 1623 15 0 26 3 0 20 0 761 0 1 0 1 1 0 352 6 0 28 6 0 2 1 65
0 7 0 0 0 0 0 0 0 0 0 0 0 0 0 0 0 0 2 0 0 0 0 0 1 11 35 0 0 0 0 0 0 0 2 1 27 0 0 0 21 0 1 0 330 2 0 2 0 0 1058 761 0 0 33 0 30 1 0 1320 108 2 5 66 0 0 1 403
0 0 0 183 0 1 0 0 14 2 0 37 12 0 6 0 0 0 0 156 0 0 0 64 0 0 0 17 0 0 0 0 0 0 1 0 0 3258 4 90 2 1 63 1598 16 2395 3 3 6 0 0 0 0 0 0 0 0 261 0 0 0 919 10 0 0 0 0 30
1 1 0 0 0 1 0 0 2 0 0 0 0 0 0 19 0 0 0 0 1 6 9 25 0 0 3 19 0 0 0 0 0 0 0 0 169 0 0 1 142 3 0 0 7 0 0 0 99 847 113 1 33 0 0 4 7180 105 1 23 72 2990 31 2769 0 0 12 1283
0 32 1 0 0 0 0 0 40 0 0 1 0 0 0 116 1 0 0 0 6 253 28 83 3 0 339 22 0 0 0 0 0 0 0 395 2 2 5 2 0 0 541 0 4 1 29 0 0 1502 0 0 0 0 4 0 43 803 100 0 925 52 0 2 0 0 0 3
0 1 11 0 0 0 0 0 3 0 0 0 0 0 0 391 0 0 0 0 9 44 355 40 0 1 158 14 0 0 0 0 0 0 5 2 2733 0 0 3 238 9 0 3 2 2 0 3 43 1585 1068 1 30 0 7180 43 0 66 0 39 2435 332 16 406 0 0 0 763
3 13 0 95 1 18 17 0 292 84 0 73 9 1 9 103 0 0 0 238 33 135 63 1667 0 0 15 625 11 7 0 0 0 4 6 204 5 1339 105 91 57 17 2473 165 13 742 8 20 208 1449 0 1 1 261 105 803 66 0 121 0 568 2834 33 7 0 0 2 62
0 108 0 0 0 0 0 0 1 0 36 0 183 1 0 0 0 0 1 0 0 5 0 3 238 30 133 0 0 0 6 0 0 5 0 485 0 2 1 1 0 0 48 0 46 2 673 0 0 1 1 0 0 0 1 100 0 121 0 2 1191 0 0 0 9 1 0 219
0 97 8 0 0 0 0 0 0 0 11 0 67 0 0 0 4 8 28 0 0 0 0 0 60 487 761 0 0 0 25 0 0 24 11 7 1236 0 0 3 21 8 4 0 689 7 45 34 1 0 1068 352 1320 0 23 0 39 0 2 0 2588 1 46 20 202 6 3 257
0 984 148 0 0 0 0 0 9 0 43 0 183 0 0 474 52 11 29 0 3 163 315 18 324 825 5389 7 0 0 46 0 0 101 3 1922 3083 1 0 1 2 1 233 0 5 0 858 0 3 1200 405 6 108 0 72 925 2435 568 1191 2588 0 294 5 11 307 0 0 255
2 0 0 79 0 20 3 1 139 1 0 68 5 0 12 41 0 0 0 30 12 24 23 502 0 0 0 194 7 8 0 0 1 4 15 4 74 975 14 383 3852 79 214 3015 3 759 4 44 141 529 46 0 2 919 2990 52 332 2834 0 1 294 0 225 2016 0 0 16 355
0 1 0 0 0 2 0 0 2 0 0 0 7 0 0 0 0 0 0 1 0 1 1 6 0 1 0 14 0 5 0 0 0 0 1287 0 2 6 0 36 242 75 13 116 328 64 8 2067 3 3 4 28 5 10 31 0 16 33 0 46 5 225 0 911 7 272 1298 1519
0 0 0 0 0 1 0 0 1 0 0 1 0 0 0 0 0 0 0 0 2 1 0 14 0 0 0 24 1 1 0 0 0 1 588 1 8 0 1 1 2349 48 0 0 9 3 1 370 13 5 177 6 66 0 2769 2 406 7 0 20 11 2016 911 0 0 0 105 1522
0 4 0 0 0 0 0 0 0 0 17 0 92 0 0 0 0 1 0 0 0 0 0 0 31 48 50 0 0 0 7 0 0 1 0 0 0 0 0 0 0 2 0 0 243 0 652 5 0 0 1 0 0 0 0 0 0 0 9 202 307 0 7 0 0 8 0 16
0 0 0 0 0 0 0 0 0 0 0 0 9 0 0 0 0 0 0 0 0 0 0 0 1 0 0 0 0 0 0 0 0 0 0 0 0 0 269 4 0 358 1 1 230 0 16 6 5 0 0 2 0 0 0 0 0 0 1 6 0 0 272 0 8 0 0 434
0 0 0 0 0 0 0 0 0 0 0 0 0 0 0 0 0 0 0 0 0 0 0 1 0 0 0 1 0 0 0 0 0 0 1 0 0 0 0 1 16 1 0 0 0 2 0 1 0 0 0 1 1 0 12 0 0 2 0 3 0 16 1298 105 0 0 0 474
1 13 0 0 0 4 0 2 0 0 13 1 263 2 0 0 1 0 0 2 2 0 1 14 6 20 48 14 3 1 15 0 0 1 39 31 63 4 355 88 271 148 45 218 1384 107 224 160 26 2 1021 65 403 30 1283 3 763 62 219 257 255 355 1519 1522 16 434 474 0
