0 0 4 2 0 2 417 89 0 7 7 0 1 1794 0 0 42 0 6 0 2 0 24 1 0 8 2 7 1222 330 0 0 0 30 0 0 0 0 0 0 0 0 0 0 0 0 0 0 0 0 0 0 0 0 0 0 0 1 0 0 0 0 0 0 0 0 0 0
0 0 4 0 0 0 0 0 27 0 4 0 122 0 16 3 1 0 0 0 0 174 0 35 371 3 1271 1 0 0 0 0 0 1 0 84 2 0 0 0 0 0 2 0 1 0 2 0 0 2 0 0 0 0 0 13 0 1 8 12 281 0 0 0 0 0 0 0
4 4 0 0 1 3 67 61 0 2 1 0 0 24 4 1 2223 0 50 0 87 0 2832 1 0 1973 4035 69 7 40 0 0 1 108 0 5 94 0 0 0 0 0 0 0 0 0 0 0 0 3 13 0 0 0 0 8 12 0 0 48 422 0 0 0 0 0 0 3
2 0 0 0 14 12 24 11 132 1000 0 627 1 14 58 0 0 0 0 2613 0 0 0 394 0 0 0 1918 27 0 0 0 0 29 0 0 0 72 0 3 1 0 37 0 0 26 0 0 1 0 0 0 0 65 0 1 0 87 0 0 0 11 0 0 0 0 0 0
0 0 1 14 0 301 1 23 53 5 17 22 63 0 805 0 1 1 4 3 2 2 4 27 1 6 4 25 0 1 0 87 0 559 0 0 0 0 0 2 0 0 0 0 0 2 1 0 2 2 0 0 0 1 0 0 0 0 0 0 0 0 0 0 0 1 0 0
2 0 3 12 301 0 165 2063 149 2257 63 3402 97 40 826 0 8 17 10 109 2 1 0 12 0 47 11 84 70 13 0 28 0 106 0 0 0 3 2 9 4 2 6 21 2 93 1 1 22 0 0 0 0 30 0 0 0 38 0 0 0 56 1 3 0 0 0 13
417 0 67 24 1 165 0 424 10 1091 3 8 3 1543 22 1 16 0 0 7 50 0 42 45 0 0 0 3976 211 2176 0 0 8 74 0 0 0 0 0 0 3 0 5 0 0 1 0 0 4 4 0 0 0 1 0 0 0 14 0 0 0 6 0 0 0 0 0 1
89 0 61 11 23 2063 424 0 17 1015 7 200 9 2747 34 0 122 3 10 15 24 0 75 2 0 10 2 23 62 257 0 136 0 72 0 0 0 0 0 0 0 0 0 0 0 1 1 0 2 1 0 0 0 1 0 0 0 4 0 0 0 0 0 0 0 0 0 0
0 27 0 132 53 149 10 17 0 52 21 326 37 5 621 0 0 0 2 76 0 329 1 2730 150 3 342 220 19 0 0 2 2 9 0 1 0 8 4 15 1 2 156 17 0 56 1 1 10 3 0 0 0 14 1 4 0 135 0 0 9 55 2 2 0 0 0 4
7 0 2 1000 5 2257 1091 1015 52 0 9 1631 11 818 75 0 2 1 0 755 1 0 3 46 0 1 0 1921 176 4 0 4 0 141 0 0 0 2 0 1 1 0 38 0 0 20 0 0 7 0 0 0 0 20 0 0 0 93 0 0 0 5 0 0 0 0 0 0
7 4 1 0 17 63 3 7 21 9 0 46 444 16 15 0 25 1620 465 6 1 8 1 4 15 1144 15 2 145 4 43 88 2 1039 0 1 0 0 0 2 0 1 0 0 99 1 142 0 0 0 0 0 0 0 0 1 0 0 20 21 25 0 2 0 24 4 0 3
0 0 0 627 22 3402 8 200 326 1631 46 0 21 59 358 0 0 14 4 1889 0 0 0 426 0 3 4 109 76 0 0 15 0 124 0 0 0 56 0 40 3 1 73 49 0 662 0 0 15 0 0 0 0 133 0 0 0 67 0 0 0 39 0 0 0 0 0 2
1 122 0 1 63 97 3 9 37 11 444 21 0 2 64 0 0 0 0 7 0 72 1 9 844 71 471 23 14 9 258 78 0 489 0 6 0 0 6 13 3 6 1 5 229 9 702 0 17 0 0 1 0 5 0 1 0 3 237 61 37 25 3 1 60 6 0 206
1794 0 24 14 0 40 1543 2747 5 818 16 59 2 0 6 0 55 3 2 11 8 0 46 13 0 6 2 53 1888 467 0 19 1 51 0 0 0 0 0 0 0 0 0 0 0 0 0 0 0 0 0 0 0 0 0 0 0 0 0 0 0 0 0 0 0 0 0 0
0 16 4 58 805 826 22 34 621 75 15 358 64 6 0 1 5 3 3 19 15 34 10 223 3 10 67 168 8 39 0 3 0 43 0 0 0 1 2 10 1 0 2 7 0 10 1 0 5 10 0 0 0 6 0 5 0 14 0 0 0 10 0 0 0 0 0 2
0 3 1 0 0 0 1 0 0 0 0 0 0 0 1 0 1 0 0 0 530 951 1060 556 1 0 910 52 0 0 0 0 0 0 0 0 6 0 0 0 0 0 2 0 0 0 0 0 0 1280 1 0 0 0 49 64 258 61 0 2 348 38 1 4 0 0 0 1
42 1 2223 0 1 8 16 122 0 2 25 0 0 55 5 1 0 8 2268 0 33 0 1627 2 0 1260 429 10 94 227 0 1 6 1494 0 0 6 0 0 0 0 0 0 0 0 0 0 0 0 0 0 0 0 0 0 0 0 0 0 20 52 0 0 0 0 0 0 0
0 0 0 0 1 17 0 3 0 1 1620 14 0 3 3 0 8 0 1284 0 0 0 0 0 0 299 1 0 24 0 0 4 0 59 0 0 0 0 0 0 0 0 0 0 0 0 0 0 0 0 0 0 0 0 0 0 0 0 0 1 2 0 0 0 1 0 0 0
6 0 50 0 4 10 0 10 2 0 465 4 0 2 3 0 2268 1284 0 0 4 0 19 0 0 1600 52 0 37 6 0 1 0 805 0 0 3 0 0 0 0 0 0 0 0 0 0 0 0 0 1 0 0 0 0 0 0 0 0 12 12 0 0 0 1 0 0 0
0 0 0 2613 3 109 7 15 76 755 6 1889 7 11 19 0 0 0 0 0 0 0 0 72 0 0 0 270 24 0 0 0 0 25 0 0 0 55 0 9 4 0 14 55 0 62 0 0 5 0 0 0 0 170 0 0 0 211 0 0 0 269 0 0 0 0 0 0
2 0 87 0 2 2 50 24 0 1 1 0 0 8 15 530 33 0 4 0 0 2 6080 3 0 1 179 999 32 3172 0 2 2 1018 0 0 2 0 0 0 0 0 0 0 0 0 0 0 0 88 0 0 0 0 19 7 18 52 0 0 9 40 0 8 0 0 0 1
0 174 0 0 2 1 0 0 329 0 8 0 72 0 34 951 0 0 0 0 2 0 2 837 131 1 784 9 1 0 0 0 0 1 0 7 1 0 0 0 1 1 8 0 0 0 0 0 0 75 1 0 0 0 3 214 4 29 1 2 100 10 1 2 0 0 0 0
24 0 2832 0 4 0 42 75 1 3 1 0 1 46 10 1060 1627 0 19 0 6080 2 0 33 0 42 1813 102 74 750 0 4 3 1184 0 2 60 0 0 0 0 0 1 0 0 0 0 0 0 483 4 0 0 0 11 4 429 3 0 0 517 2 0 1 0 0 0 3
1 35 1 394 27 12 45 2 2730 46 4 426 9 13 223 556 2 0 0 72 3 837 33 0 39 1 828 2969 32 0 0 0 4 27 1 4 0 29 0 9 29 1 81 24 0 15 0 1 23 81 0 0 0 36 20 31 6 946 1 0 28 424 6 21 0 0 0 31
0 371 0 0 1 0 0 0 150 0 15 0 844 0 3 1 0 0 0 0 0 131 0 39 0 1 1213 0 0 0 0 0 0 1 0 8 0 0 0 1 0 0 0 0 28 0 93 0 0 0 0 0 0 0 0 4 0 1 97 14 88 0 0 0 4 0 0 3
8 3 1973 0 6 47 0 10 3 1 1144 3 71 6 10 0 1260 299 1600 0 1 1 42 1 1 0 3508 2 72 9 129 9 7 224 0 13 10 0 0 0 0 0 0 0 7 0 138 0 0 0 2 3 3 0 0 7 0 0 5 473 740 0 0 0 50 0 0 6
2 1271 4035 0 4 11 0 2 342 0 15 4 471 2 67 910 429 1 52 0 179 784 1813 828 1213 3508 0 204 31 18 69 4 4 454 0 197 198 0 0 0 0 0 9 0 7 0 279 0 0 124 34 1 6 0 1 113 176 8 77 828 6086 1 0 0 51 0 0 27
7 1 69 1918 25 84 3976 23 220 1921 2 109 23 53 168 52 10 0 0 270 999 9 102 2969 0 2 204 0 271 2477 0 0 12 205 3 0 0 3 0 30 27 0 80 4 0 34 0 0 90 65 0 0 0 77 23 5 11 786 0 0 7 387 9 50 0 0 1 41
1222 0 7 27 0 70 211 62 19 176 145 76 14 1888 8 0 94 24 37 24 32 1 74 32 0 72 31 271 0 1594 0 77 768 1181 0 0 0 0 0 0 1 1 2 0 2 0 0 0 2 4 0 0 0 0 0 1 0 13 0 0 0 16 2 4 0 0 0 1
330 0 40 0 1 13 2176 257 0 4 4 0 9 467 39 0 227 0 6 0 3172 0 750 0 0 9 18 2477 1594 0 0 2 236 1082 0 0 0 0 0 0 0 0 5 0 0 0 0 0 0 9 0 0 0 0 5 0 1 16 0 0 1 21 1 6 0 0 0 2
0 0 0 0 0 0 0 0 0 0 43 0 258 0 0 0 0 0 0 0 0 0 0 0 0 129 69 0 0 0 0 1 0 2 0 0 0 0 0 0 0 0 0 0 7 0 85 0 0 0 0 0 0 0 0 0 0 0 2 9 16 0 0 0 7 0 0 0
0 0 0 0 87 28 0 136 2 4 88 15 78 19 3 0 1 4 1 0 2 0 4 0 0 9 4 0 77 2 1 0 0 340 0 0 0 0 0 0 0 0 0 0 4 0 0 0 0 0 0 0 0 0 0 0 0 0 0 0 0 0 0 0 0 0 0 0
0 0 1 0 0 0 8 0 2 0 2 0 0 1 0 0 6 0 0 0 2 0 3 4 0 7 4 12 768 236 0 0 0 591 0 0 0 0 0 0 0 0 0 0 0 0 0 0 0 0 0 0 0 0 0 0 0 1 0 0 0 3 0 0 0 0 0 0
30 1 108 29 559 106 74 72 9 141 1039 124 489 51 43 0 1494 59 805 25 1018 1 1184 27 1 224 454 205 1181 1082 2 340 591 0 0 1 2 0 0 1 0 0 0 0 1 0 1 0 2 5 0 0 0 0 2 1 2 21 2 7 30 24 3 9 0 0 0 3
0 0 0 0 0 0 0 0 0 0 0 0 0 0 0 0 0 0 0 0 0 0 0 1 0 0 0 3 0 0 0 0 0 0 0 0 5 2 0 1 817 85 1 5 9 1 0 1361 2 0 10 9 19 3 0 0 14 0 0 14 4 3 1049 582 0 0 0 25
0 84 5 0 0 0 0 0 1 0 1 0 6 0 0 0 0 0 0 0 0 7 2 4 8 13 197 0 0 0 0 0 0 1 0 0 0 0 1 0 0 0 61 0 2 0 18 0 4 2 0 0 0 0 0 340 0 74 336 3 1127 0 0 0 0 0 0 27
0 2 94 0 0 0 0 0 0 0 0 0 0 0 0 6 6 0 3 0 2 1 60 0 0 10 198 0 0 0 0 0 0 2 5 0 0 0 0 4 107 103 0 0 1 0 0 21 0 1 1270 3 33 0 12 1 1903 3 0 2229 2759 33 1 12 0 0 1 80
0 0 0 72 0 3 0 0 8 2 0 56 0 0 1 0 0 0 0 55 0 0 0 29 0 0 0 3 0 0 0 0 0 0 2 0 0 0 6 28 1 5 43 1132 0 441 0 6 14 0 0 0 0 2433 0 0 0 484 0 0 0 1122 13 0 0 0 0 24
0 0 0 0 0 2 0 0 4 0 0 0 6 0 2 0 0 0 0 0 0 0 0 0 0 0 0 0 0 0 0 0 0 0 0 1 0 6 0 189 0 19 41 2 82 29 21 2 618 0 0 0 0 7 0 4 0 31 1 2 0 8 0 0 0 22 0 368
0 0 0 3 2 9 0 0 15 1 2 40 13 0 10 0 0 0 0 9 0 0 0 9 1 0 0 30 0 0 0 0 0 1 1 0 4 28 189 0 513 2103 152 2435 27 3167 5 45 696 0 1 14 0 209 0 2 4 80 0 18 1 486 50 1 2 6 0 154
0 0 0 1 0 4 3 0 1 1 0 3 3 0 1 0 0 0 0 4 0 1 0 29 0 0 0 27 1 0 0 0 0 0 817 0 107 1 0 513 0 1109 12 1610 9 43 2 2113 45 1 70 2 16 4 38 1 341 98 0 9 10 4319 351 2957 0 1 8 170
0 0 0 0 0 2 0 0 2 0 1 1 6 0 0 0 0 0 0 0 0 1 0 1 0 0 0 0 1 0 0 0 0 0 85 0 103 5 19 2103 1109 0 23 604 27 198 8 3044 212 0 12 4 7 27 5 0 123 18 1 29 3 48 61 101 1 193 0 115
0 2 0 37 0 6 5 0 156 38 0 73 1 0 2 2 0 0 0 14 0 8 1 81 0 0 9 80 2 5 0 0 0 0 1 61 0 43 41 152 12 23 0 40 13 308 14 3 407 0 1 2 1 82 0 447 1 2360 142 5 251 180 7 1 0 0 0 32
0 0 0 0 0 21 0 0 17 0 0 49 5 0 7 0 0 0 0 55 0 0 0 24 0 0 0 4 0 0 0 0 0 0 5 0 0 1132 2 2435 1610 604 40 0 9 1305 3 407 25 0 1 0 0 920 0 0 1 57 0 0 0 2191 157 0 0 1 0 227
0 1 0 0 0 2 0 0 0 0 99 0 229 0 0 0 0 0 0 0 0 0 0 0 28 7 7 0 2 0 7 4 0 1 9 2 1 0 82 27 9 27 13 9 0 54 770 66 5 0 2 1572 24 2 0 0 2 6 22 886 3 1 276 9 67 285 1 1620
0 0 0 26 2 93 1 1 56 20 1 662 9 0 10 0 0 0 0 62 0 0 0 15 0 0 0 34 0 0 0 0 0 0 1 0 0 441 29 3167 43 198 308 1305 54 0 1 70 471 0 1 17 1 1999 0 3 0 342 1 8 2 336 76 0 0 3 0 223
0 2 0 0 1 1 0 1 1 0 142 0 702 0 1 0 0 0 0 0 0 0 0 0 93 138 279 0 0 0 85 0 0 1 0 18 0 0 21 5 2 8 14 3 770 1 0 5 7 0 0 0 0 1 0 5 0 4 674 74 406 0 13 1 629 20 1 144
0 0 0 0 0 1 0 0 1 0 0 0 0 0 0 0 0 0 0 0 0 0 0 1 0 0 0 0 0 0 0 0 0 0 1361 0 21 6 2 45 2113 3044 3 407 66 70 5 0 16 0 21 11 9 29 6 0 50 10 0 26 3 36 2212 394 3 116 1 103
0 0 0 1 2 22 4 2 10 7 0 15 17 0 5 0 0 0 0 5 0 0 0 23 0 0 0 90 2 0 0 0 0 2 2 4 0 14 618 696 45 212 407 25 5 471 7 16 0 0 0 10 0 16 2 6 5 341 2 8 16 98 13 40 0 0 0 55
0 2 3 0 2 0 4 1 3 0 0 0 0 0 10 1280 0 0 0 0 88 75 483 81 0 0 124 65 4 9 0 0 0 5 0 2 1 0 0 0 1 0 0 0 0 0 0 0 0 0 1 1 0 0 685 1085 618 979 0 2 744 237 0 1 0 0 0 1
0 0 13 0 0 0 0 0 0 0 0 0 0 0 0 1 0 0 1 0 0 1 4 0 0 2 34 0 0 0 0 0 0 0 10 0 1270 0 0 1 70 12 1 1 2 1 0 21 0 1 0 35 1558 0 16 0 1345 0 0 1076 273 9 1 210 0 0 0 1090
0 0 0 0 0 0 0 0 0 0 0 0 1 0 0 0 0 0 0 0 0 0 0 0 0 3 1 0 0 0 0 0 0 0 9 0 3 0 0 14 2 4 2 0 1572 17 0 11 10 1 35 0 805 0 5 0 14 0 0 580 9 0 8 19 0 4 2 348
0 0 0 0 0 0 0 0 0 0 0 0 0 0 0 0 0 0 0 0 0 0 0 0 0 3 6 0 0 0 0 0 0 0 19 0 33 0 0 0 16 7 1 0 24 1 0 9 0 0 1558 805 0 0 21 0 31 0 0 2089 62 0 3 69 0 0 2 684
0 0 0 65 1 30 1 1 14 20 0 133 5 0 6 0 0 0 0 170 0 0 0 36 0 0 0 77 0 0 0 0 0 0 3 0 0 2433 7 209 4 27 82 920 2 1999 1 29 16 0 0 0 0 0 0 0 0 116 0 0 0 590 36 0 0 1 0 39
0 0 0 0 0 0 0 0 1 0 0 0 0 0 0 49 0 0 0 0 19 3 11 20 0 0 1 23 0 5 0 0 0 2 0 0 12 0 0 0 38 5 0 0 0 0 0 6 2 685 16 5 21 0 0 3 5721 12 0 7 39 1714 5 2507 0 0 2 868
0 13 8 1 0 0 0 0 4 0 1 0 1 0 5 64 0 0 0 0 7 214 4 31 4 7 113 5 1 0 0 0 0 1 0 340 1 0 4 2 1 0 447 0 0 3 5 0 6 1085 0 0 0 0 3 0 1 991 83 3 1137 8 0 0 0 0 0 9
0 0 12 0 0 0 0 0 0 0 0 0 0 0 0 258 0 0 0 0 18 4 429 6 0 0 176 11 0 1 0 0 0 2 14 0 1903 0 0 4 341 123 1 1 2 0 0 50 5 618 1345 14 31 0 5721 1 0 21 0 31 1794 322 6 697 0 0 0 1096
1 1 0 87 0 38 14 4 135 93 0 67 3 0 14 61 0 0 0 211 52 29 3 946 1 0 8 786 13 16 0 0 1 21 0 74 3 484 31 80 98 18 2360 57 6 342 4 10 341 979 0 0 0 116 12 991 21 0 73 1 582 3138 17 6 0 0 1 38
0 8 0 0 0 0 0 0 0 0 20 0 237 0 0 0 0 0 0 0 0 1 0 1 97 5 77 0 0 0 2 0 0 2 0 336 0 0 1 0 0 1 142 0 22 1 674 0 2 0 0 0 0 0 0 83 0 73 0 0 822 0 0 0 1 0 0 290
0 12 48 0 0 0 0 0 0 0 21 0 61 0 0 2 20 1 12 0 0 2 0 0 14 473 828 0 0 0 9 0 0 7 14 3 2229 0 2 18 9 29 5 0 886 8 74 26 8 2 1076 580 2089 0 7 3 31 1 0 0 2220 3 37 20 389 24 2 230
0 281 422 0 0 0 0 0 9 0 25 0 37 0 0 348 52 2 12 0 9 100 517 28 88 740 6086 7 0 1 16 0 0 30 4 1127 2759 0 0 1 10 3 251 0 3 2 406 3 16 744 273 9 62 0 39 1137 1794 582 822 2220 0 165 3 16 142 1 3 335
0 0 0 11 0 56 6 0 55 5 0 39 25 0 10 38 0 0 0 269 40 10 2 424 0 0 1 387 16 21 0 0 3 24 3 0 33 1122 8 486 4319 48 180 2191 1 336 0 36 98 237 9 0 0 590 1714 8 322 3138 0 3 165 0 141 1432 0 1 10 218
0 0 0 0 0 1 0 0 2 0 2 0 3 0 0 1 0 0 0 0 0 1 0 6 0 0 0 9 2 1 0 0 0 3 1049 0 1 13 0 50 351 61 7 157 276 76 13 2212 13 0 1 8 3 36 5 0 6 17 0 37 3 141 0 1489 1 328 970 1134
0 0 0 0 0 3 0 0 2 0 0 0 1 0 0 4 0 0 0 0 8 2 1 21 0 0 0 50 4 6 0 0 0 9 582 0 12 0 0 1 2957 101 1 0 9 0 1 394 40 1 210 19 69 0 2507 0 697 6 0 20 16 1432 1489 0 0 0 160 1382
0 0 0 0 0 0 0 0 0 0 24 0 60 0 0 0 0 1 1 0 0 0 0 0 4 50 51 0 0 0 7 0 0 0 0 0 0 0 0 2 0 1 0 0 67 0 629 3 0 0 0 0 0 0 0 0 0 0 1 389 142 0 1 0 0 2 0 10
0 0 0 0 1 0 0 0 0 0 4 0 6 0 0 0 0 0 0 0 0 0 0 0 0 0 0 0 0 0 0 0 0 0 0 0 0 0 22 6 1 193 0 1 285 3 20 116 0 0 0 4 0 1 0 0 0 0 0 24 1 1 328 0 2 0 0 488
0 0 0 0 0 0 0 0 0 0 0 0 0 0 0 0 0 0 0 0 0 0 0 0 0 0 0 1 0 0 0 0 0 0 0 0 1 0 0 0 8 0 0 0 1 0 1 1 0 0 0 2 2 0 2 0 0 1 0 2 3 10 970 160 0 0 0 378
0 0 3 0 0 13 1 0 4 0 3 2 206 0 2 1 0 0 0 0 1 0 3 31 3 6 27 41 1 2 0 0 0 3 25 27 80 24 368 154 170 115 32 227 1620 223 144 103 55 1 1090 348 684 39 868 9 1096 38 290 230 335 218 1134 1382 10 488 378 0
