0 0 60 0 0 4 265 50 0 23 0 4 0 1610 0 0 51 0 4 0 8 0 129 0 0 25 2 3 776 340 0 0 1 14 0 0 0 0 0 0 0 0 0 0 0 0 0 0 0 0 0 0 0 0 0 0 0 1 0 0 0 1 0 0 0 0 0 1
0 0 0 0 0 1 0 0 79 0 15 3 146 1 14 8 0 0 5 0 1 349 1 114 466 11 1930 5 2 0 1 0 0 5 0 309 5 0 0 0 1 0 4 0 8 0 25 0 0 6 7 0 0 0 1 52 4 7 62 21 373 0 2 1 5 3 0 4
60 0 0 0 2 18 330 240 0 17 0 0 0 263 2 1 1551 0 31 0 102 1 3666 1 0 1715 3763 126 35 55 0 0 3 351 0 2 51 0 0 0 2 0 0 0 0 0 0 0 0 5 7 0 0 0 2 8 25 1 0 1 250 2 0 0 0 0 0 8
0 0 0 0 38 41 9 21 223 634 0 1376 0 9 83 0 0 0 0 3388 0 0 0 2138 0 0 0 1231 23 0 0 1 0 23 0 0 0 93 1 11 1 1 17 61 0 122 0 0 12 0 0 0 0 150 0 0 0 56 0 0 0 35 0 0 0 0 0 1
0 0 2 38 0 342 1 1 124 9 12 37 13 1 822 0 0 0 0 8 3 7 20 60 0 1 2 28 0 0 0 278 0 395 0 0 0 0 1 9 1 1 0 0 6 4 0 0 6 0 0 0 0 2 0 0 0 0 0 0 0 0 0 1 0 0 0 0
4 1 18 41 342 0 224 2437 148 2877 13 3791 12 156 1286 0 3 0 11 198 3 1 5 68 1 9 3 164 76 6 0 14 2 95 0 0 0 13 9 44 12 12 14 28 15 133 0 5 26 2 0 0 0 39 0 0 0 66 2 0 1 103 8 12 0 1 1 22
265 0 330 9 1 224 0 448 12 2344 5 18 2 1022 37 0 19 0 3 2 193 2 248 67 0 44 12 5845 333 2293 0 3 32 179 0 0 0 4 0 1 3 1 8 4 0 14 2 1 2 0 0 0 0 7 2 0 0 28 0 0 0 18 4 3 0 0 0 3
50 0 240 21 1 2437 448 0 50 1237 29 245 7 3218 38 0 47 0 8 59 13 0 180 36 0 38 4 77 149 46 0 93 2 58 0 0 0 1 2 4 2 6 2 0 9 6 0 3 6 0 0 0 0 1 0 0 0 22 0 0 0 11 0 0 0 0 0 5
0 79 0 223 124 148 12 50 0 67 12 474 34 12 390 5 2 0 3 109 2 462 1 2460 127 7 217 155 27 1 1 35 0 24 0 6 0 54 3 13 3 2 228 33 9 65 4 4 14 1 0 0 0 31 1 18 2 234 1 0 5 66 11 1 0 1 3 7
23 0 17 634 9 2877 2344 1237 67 0 9 1924 3 1059 57 0 1 0 2 1136 3 0 8 283 0 2 0 2068 284 3 0 2 3 225 0 0 0 61 0 20 8 0 41 13 0 252 0 0 18 0 0 0 0 174 0 1 0 145 0 0 0 61 0 1 0 0 0 0
0 15 0 0 12 13 5 29 12 9 0 15 524 76 1 0 63 1311 940 3 0 10 4 4 73 691 30 4 234 1 78 298 1 1182 0 9 0 0 1 0 0 0 1 0 139 0 247 2 0 0 0 0 0 0 0 0 0 0 26 31 88 0 6 0 47 6 0 2
4 3 0 1376 37 3791 18 245 474 1924 15 0 4 69 768 0 1 0 1 2754 0 0 0 334 1 0 1 434 72 0 0 6 1 83 0 0 0 88 3 102 9 4 32 68 6 675 0 0 33 0 0 0 0 118 0 0 0 49 0 0 0 54 2 0 0 0 0 2
0 146 0 0 13 12 2 7 34 3 524 4 0 2 11 0 0 0 0 1 2 67 2 8 904 16 592 8 7 2 240 83 0 252 0 19 0 0 0 0 0 3 1 2 160 2 877 1 3 0 0 0 0 0 0 11 0 1 104 52 228 2 6 0 151 14 0 6
1610 1 263 9 1 156 1022 3218 12 1059 76 69 2 0 5 0 151 9 49 33 23 1 467 20 3 88 17 58 2438 482 0 30 1 66 0 1 0 0 1 3 0 5 0 0 1 1 2 1 0 3 0 0 0 0 1 0 0 7 8 0 3 3 2 0 0 1 0 1
0 14 2 83 822 1286 37 38 390 57 1 768 11 5 0 3 0 0 1 33 14 19 11 237 1 2 15 143 18 2 0 55 0 53 0 1 0 16 10 17 0 7 8 17 11 25 0 0 19 0 0 0 0 27 2 2 0 15 0 0 0 5 1 3 0 0 0 2
0 8 1 0 0 0 0 0 5 0 0 0 0 0 3 0 2 0 0 0 799 887 918 963 1 5 912 69 0 8 0 0 0 21 0 3 36 0 0 0 0 0 1 0 0 0 0 0 0 1258 3 0 0 0 130 118 771 74 0 0 167 19 2 22 0 0 1 7
51 0 1551 0 0 3 19 47 2 1 63 1 0 151 0 2 0 4 2215 0 23 0 1966 1 0 1461 397 8 322 202 0 0 64 1817 0 4 9 0 0 0 0 0 0 0 0 0 0 0 0 2 3 0 0 0 1 2 5 0 0 4 53 0 0 0 0 0 0 1
0 0 0 0 0 0 0 0 0 0 1311 0 0 9 0 0 4 0 595 0 0 0 1 0 0 501 19 0 9 0 1 1 0 21 0 0 0 0 0 0 0 0 0 0 0 0 1 0 0 0 0 0 0 0 0 0 0 0 2 9 15 0 0 0 9 0 0 0
4 5 31 0 0 11 3 8 3 2 940 1 0 49 1 0 2215 595 0 1 3 1 17 0 0 1750 163 2 105 13 1 5 7 748 0 24 1 0 0 0 0 0 0 0 0 0 1 0 0 0 0 0 0 0 0 3 1 0 18 43 152 0 0 0 0 0 0 1
0 0 0 3388 8 198 2 59 109 1136 3 2754 1 33 33 0 0 0 1 0 0 0 0 194 0 0 0 423 27 0 0 2 1 30 1 0 0 160 0 45 12 0 18 136 1 178 0 0 14 0 0 0 0 251 0 0 0 54 0 0 0 88 0 1 0 0 0 0
8 1 102 0 3 3 193 13 2 3 0 0 2 23 14 799 23 0 3 0 0 7 7653 204 0 11 60 3782 26 2649 0 0 16 1526 1 0 3 0 0 0 0 0 1 0 0 0 1 0 0 117 0 0 0 0 56 11 39 38 0 0 9 14 2 49 0 0 3 15
0 349 1 0 7 1 2 0 462 0 10 0 67 1 19 887 0 0 1 0 7 0 2 597 166 7 1318 9 2 1 1 0 0 7 0 33 6 2 0 1 0 1 32 1 1 0 11 0 0 144 1 0 0 0 14 420 34 73 13 8 124 12 0 1 1 0 0 4
129 1 3666 0 20 5 248 180 1 8 4 0 2 467 11 918 1966 1 17 0 7653 2 0 34 0 219 1994 409 150 588 0 0 11 2158 0 0 57 0 0 0 2 0 0 0 0 0 2 0 1 384 3 0 0 0 40 23 542 30 0 2 211 13 5 15 0 0 1 11
0 114 1 2138 60 68 67 36 2460 283 4 334 8 20 237 963 1 0 0 194 204 597 34 0 71 12 575 3500 38 16 0 3 6 88 0 10 2 133 2 17 27 10 179 145 9 157 0 16 19 137 0 0 0 84 61 87 25 1263 2 0 29 483 65 70 0 0 10 117
0 466 0 0 0 1 0 0 127 0 73 1 904 3 1 1 0 0 0 0 0 166 0 71 0 2 1035 0 1 0 3 0 0 41 0 28 1 0 0 0 0 1 1 0 62 0 150 1 0 0 0 0 0 0 0 2 0 1 287 20 155 0 2 0 19 3 0 4
25 11 1715 0 1 9 44 38 7 2 691 0 16 88 2 5 1461 501 1750 0 11 7 219 12 2 0 4444 7 94 13 261 22 7 352 0 55 75 0 0 0 0 0 0 0 4 0 57 0 0 2 31 3 6 0 0 8 4 0 33 454 1119 0 0 0 79 0 0 11
2 1930 3763 0 2 3 12 4 217 0 30 1 592 17 15 912 397 19 163 0 60 1318 1994 575 1035 4444 0 166 32 10 203 0 7 792 1 341 424 0 0 0 3 0 5 0 10 0 99 0 0 413 162 1 17 0 33 288 358 57 202 573 5780 8 2 11 81 0 0 117
3 5 126 1231 28 164 5845 77 155 2068 4 434 8 58 143 69 8 0 2 423 3782 9 409 3500 0 7 166 0 181 2355 0 3 60 576 0 2 1 75 1 24 14 0 61 17 1 167 1 4 6 45 0 0 0 153 33 8 12 426 0 0 11 275 26 92 0 0 8 66
776 2 35 23 0 76 333 149 27 284 234 72 7 2438 18 0 322 9 105 27 26 2 150 38 1 94 32 181 0 1987 2 206 1089 1113 0 4 0 0 6 1 0 10 1 0 6 2 1 1 0 4 0 0 0 1 1 1 0 36 5 2 25 19 2 10 0 2 1 13
340 0 55 0 0 6 2293 46 1 3 1 0 2 482 2 8 202 0 13 0 2649 1 588 16 0 13 10 2355 1987 0 0 0 488 568 1 0 1 0 0 0 0 0 1 0 1 0 0 1 0 21 0 0 0 0 31 7 9 40 0 0 2 24 6 19 0 0 2 13
0 1 0 0 0 0 0 0 1 0 78 0 240 0 0 0 0 1 1 0 0 1 0 0 3 261 203 0 2 0 0 1 0 6 0 0 0 0 0 0 0 0 0 0 0 0 56 0 0 0 0 0 0 0 0 0 0 0 8 17 54 0 0 0 30 0 0 0
0 0 0 1 278 14 3 93 35 2 298 6 83 30 55 0 0 1 5 2 0 0 0 3 0 22 0 3 206 0 1 0 0 499 0 0 0 0 3 2 0 7 0 0 10 0 0 1 0 0 0 0 0 0 0 0 0 0 0 1 0 0 0 0 0 0 0 6
1 0 3 0 0 2 32 2 0 3 1 1 0 1 0 0 64 0 7 1 16 0 11 6 0 7 7 60 1089 488 0 0 0 555 0 0 0 0 0 0 1 0 1 0 0 1 0 0 0 3 0 0 0 0 3 0 1 8 1 0 2 8 1 8 0 0 0 1
14 5 351 23 395 95 179 58 24 225 1182 83 252 66 53 21 1817 21 748 30 1526 7 2158 88 41 352 792 576 1113 568 6 499 555 0 1 20 11 2 5 5 3 15 4 3 26 5 26 4 7 23 6 0 1 2 37 11 15 71 40 53 335 48 10 53 10 3 2 8
0 0 0 0 0 0 0 0 0 0 0 0 0 0 0 0 0 0 0 1 1 0 0 0 0 0 1 0 0 1 0 0 0 1 0 1 30 0 0 1 221 11 0 9 4 0 0 1200 0 0 7 0 4 0 3 1 6 2 1 19 3 12 517 400 0 0 2 10
0 309 2 0 0 0 0 0 6 0 9 0 19 1 1 3 4 0 24 0 0 33 0 10 28 55 341 2 4 0 0 0 0 20 1 0 3 0 2 2 3 1 90 0 23 2 108 1 11 8 0 0 3 0 0 528 3 114 386 14 2184 5 1 0 0 0 0 7
0 5 51 0 0 0 0 0 0 0 0 0 0 0 0 36 9 0 1 0 3 6 57 2 1 75 424 1 0 1 0 0 0 11 30 3 0 1 0 20 609 511 1 25 5 0 0 218 0 3 2065 6 94 0 68 1 3590 5 0 2352 2933 99 5 86 0 0 0 210
0 0 0 93 0 13 4 1 54 61 0 88 0 0 16 0 0 0 0 160 0 2 0 133 0 0 0 75 0 0 0 0 0 2 0 0 1 0 31 50 3 32 208 737 10 1732 0 22 83 0 0 0 0 2524 0 1 0 1145 1 0 0 2400 51 0 0 0 0 70
0 0 0 1 1 9 0 2 3 0 1 3 0 1 10 0 0 0 0 0 0 0 0 2 0 0 0 1 6 0 0 3 0 5 0 2 0 31 0 717 5 69 155 8 75 28 12 1 1060 0 0 0 0 14 4 10 13 111 0 0 1 24 1 0 0 184 0 142
0 0 0 11 9 44 1 4 13 20 0 102 0 3 17 0 0 0 0 45 0 1 0 17 0 0 0 24 1 0 0 2 0 5 1 2 20 50 717 0 341 1841 110 2494 29 2402 2 87 1015 0 0 1 1 65 4 2 18 67 0 3 12 393 48 3 1 2 0 29
0 1 2 1 1 12 3 2 3 8 0 9 0 0 0 0 0 0 0 12 0 0 2 27 0 0 3 14 0 0 0 0 1 3 221 3 609 3 5 341 0 824 7 1902 30 10 2 1492 10 7 112 0 25 1 242 2 386 26 0 105 24 5387 161 1560 0 0 6 70
0 0 0 1 1 12 1 6 2 0 0 4 3 5 7 0 0 0 0 0 0 1 0 10 1 0 0 0 10 0 0 7 0 15 11 1 511 32 69 1841 824 0 40 654 89 287 3 2031 47 1 10 4 2 46 28 1 86 29 1 61 10 130 142 67 3 164 0 30
0 4 0 17 0 14 8 2 228 41 1 32 1 0 8 1 0 0 0 18 1 32 0 179 1 0 5 61 1 1 0 0 1 4 0 90 1 208 155 110 7 40 0 56 30 295 26 19 326 0 1 1 11 85 1 334 4 1996 77 2 260 113 21 4 0 1 2 25
0 0 0 61 0 28 4 0 33 13 0 68 2 0 17 0 0 0 0 136 0 1 0 145 0 0 0 17 0 0 0 0 0 3 9 0 25 737 8 2494 1902 654 56 0 57 3306 2 285 23 1 0 0 1 1777 8 0 11 94 0 2 3 3534 266 0 0 2 0 338
0 8 0 0 6 15 0 9 9 0 139 6 160 1 11 0 0 0 0 1 0 1 0 9 62 4 10 1 6 1 0 10 0 26 4 23 5 10 75 29 30 89 30 57 0 38 951 80 25 1 51 1638 870 19 8 11 14 19 84 826 15 62 468 24 49 435 6 1600
0 0 0 122 4 133 14 6 65 252 0 675 2 1 25 0 0 0 0 178 0 0 0 157 0 0 0 167 2 0 0 0 1 5 0 2 0 1732 28 2402 10 287 295 3306 38 0 0 116 557 3 0 2 2 2618 2 2 1 275 0 7 4 371 113 3 0 0 0 101
0 25 0 0 0 0 2 0 4 0 247 0 877 2 0 0 0 1 1 0 1 11 2 0 150 57 99 1 1 0 56 0 0 26 0 108 0 0 12 2 2 3 26 2 951 0 0 2 10 0 0 0 0 0 0 67 1 6 882 11 687 11 13 0 325 66 0 29
0 0 0 0 0 5 1 3 4 0 2 0 1 1 0 0 0 0 0 0 0 0 0 16 1 0 0 4 1 1 0 1 0 4 1200 1 218 22 1 87 1492 2031 19 285 80 116 2 0 22 1 26 5 8 48 8 1 28 54 0 66 3 164 2641 586 3 46 2 81
0 0 0 12 6 26 2 6 14 18 0 33 3 0 19 0 0 0 0 14 0 0 1 19 0 0 0 6 0 0 0 0 0 7 0 11 0 83 1060 1015 10 47 326 23 25 557 10 22 0 3 0 3 4 17 12 13 8 176 3 0 9 124 12 8 0 0 0 18
0 6 5 0 0 2 0 0 1 0 0 0 0 3 0 1258 2 0 0 0 117 144 384 137 0 2 413 45 4 21 0 0 3 23 0 8 3 0 0 0 7 1 0 1 1 3 0 1 3 0 12 0 3 0 1072 1474 1712 1523 0 7 714 199 2 11 0 0 0 24
0 7 7 0 0 0 0 0 0 0 0 0 0 0 0 3 3 0 0 0 0 1 3 0 0 31 162 0 0 0 0 0 0 6 7 0 2065 0 0 0 112 10 1 0 51 0 0 26 0 12 0 12 1492 0 43 3 2127 7 0 569 329 12 28 372 0 2 1 1247
0 0 0 0 0 0 0 0 0 0 0 0 0 0 0 0 0 0 0 0 0 0 0 0 0 3 1 0 0 0 0 0 0 0 0 0 6 0 0 1 0 4 1 0 1638 2 0 5 3 0 12 0 590 0 0 0 5 1 0 502 34 0 23 6 0 16 1 71
0 0 0 0 0 0 0 0 0 0 0 0 0 0 0 0 0 0 0 0 0 0 0 0 0 6 17 0 0 0 0 0 0 1 4 3 94 0 0 1 25 2 11 1 870 2 0 8 4 3 1492 590 0 1 17 4 83 2 0 709 92 14 51 145 0 4 5 891
0 0 0 150 2 39 7 1 31 174 0 118 0 0 27 0 0 0 0 251 0 0 0 84 0 0 0 153 1 0 0 0 0 2 0 0 0 2524 14 65 1 46 85 1777 19 2618 0 48 17 0 0 0 1 0 0 0 0 224 0 0 1 179 39 0 0 0 1 56
0 1 2 0 0 0 2 0 1 0 0 0 0 1 2 130 1 0 0 0 56 14 40 61 0 0 33 33 1 31 0 0 3 37 3 0 68 0 4 4 242 28 1 8 8 2 0 8 12 1072 43 0 17 0 0 11 6249 102 0 1 16 3381 30 3695 0 0 11 1402
0 52 8 0 0 0 0 0 18 1 0 0 11 0 2 118 2 0 3 0 11 420 23 87 2 8 288 8 1 7 0 0 0 11 1 528 1 1 10 2 2 1 334 0 11 2 67 1 13 1474 3 0 4 0 11 0 11 878 118 4 1457 12 2 4 0 1 0 13
0 4 25 0 0 0 0 0 2 0 0 0 0 0 0 771 5 0 1 0 39 34 542 25 0 4 358 12 0 9 0 0 1 15 6 3 3590 0 13 18 386 86 4 11 14 1 1 28 8 1712 2127 5 83 0 6249 11 0 108 0 191 2740 568 26 526 0 0 5 1147
1 7 1 56 0 66 28 22 234 145 0 49 1 7 15 74 0 0 0 54 38 73 30 1263 1 0 57 426 36 40 0 0 8 71 2 114 5 1145 111 67 26 29 1996 94 19 275 6 54 176 1523 7 1 2 224 102 878 108 0 57 7 464 3050 99 35 0 0 12 86
0 62 0 0 0 2 0 0 1 0 26 0 104 8 0 0 0 2 18 0 0 13 0 2 287 33 202 0 5 0 8 0 1 40 1 386 0 1 0 0 0 1 77 0 84 0 882 0 3 0 0 0 0 0 0 118 0 57 0 6 1437 0 0 0 6 3 0 0
0 21 1 0 0 0 0 0 0 0 31 0 52 0 0 0 4 9 43 0 0 8 2 0 20 454 573 0 2 0 17 1 0 53 19 14 2352 0 0 3 105 61 2 2 826 7 11 66 0 7 569 502 709 0 1 4 191 7 6 0 3375 11 70 66 202 49 1 136
0 373 250 0 0 1 0 0 5 0 88 0 228 3 0 167 53 15 152 0 9 124 211 29 155 1119 5780 11 25 2 54 0 2 335 3 2184 2933 0 1 12 24 10 260 3 15 4 687 3 9 714 329 34 92 1 16 1457 2740 464 1437 3375 0 75 20 23 274 1 9 390
1 0 2 35 0 103 18 11 66 61 0 54 2 3 5 19 0 0 0 88 14 12 13 483 0 0 8 275 19 24 0 0 8 48 12 5 99 2400 24 393 5387 130 113 3534 62 371 11 164 124 199 12 0 14 179 3381 12 568 3050 0 11 75 0 405 1948 0 2 73 422
0 2 0 0 0 8 4 0 11 0 6 2 6 2 1 2 0 0 0 0 2 0 5 65 2 0 2 26 2 6 0 0 1 10 517 1 5 51 1 48 161 142 21 266 468 113 13 2641 12 2 28 23 51 39 30 2 26 99 0 70 20 405 0 1798 5 75 1306 1300
0 1 0 0 1 12 3 0 1 1 0 0 0 0 3 22 0 0 0 1 49 1 15 70 0 0 11 92 10 19 0 0 8 53 400 0 86 0 0 3 1560 67 4 0 24 3 0 586 8 11 372 6 145 0 3695 4 526 35 0 66 23 1948 1798 0 0 0 212 824
0 5 0 0 0 0 0 0 0 0 47 0 151 0 0 0 0 9 0 0 0 1 0 0 19 79 81 0 0 0 30 0 0 10 0 0 0 0 0 1 0 3 0 0 49 0 325 3 0 0 0 0 0 0 0 0 0 0 6 202 274 0 5 0 0 8 0 9
0 3 0 0 0 1 0 0 1 0 6 0 14 1 0 0 0 0 0 0 0 0 0 0 3 0 0 0 2 0 0 0 0 3 0 0 0 0 184 2 0 164 1 2 435 0 66 46 0 0 2 16 4 0 0 1 0 0 3 49 1 2 75 0 8 0 0 285
0 0 0 0 0 1 0 0 3 0 0 0 0 0 0 1 0 0 0 0 3 0 1 10 0 0 0 8 1 2 0 0 0 2 2 0 0 0 0 0 6 0 2 0 6 0 0 2 0 0 1 1 5 1 11 0 5 12 0 1 9 73 1306 212 0 0 0 383
1 4 8 1 0 22 3 5 7 0 2 2 6 1 2 7 1 0 1 0 15 4 11 117 4 11 117 66 13 13 0 6 1 8 10 7 210 70 142 29 70 30 25 338 1600 101 29 81 18 24 1247 71 891 56 1402 13 1147 86 0 136 390 422 1300 824 9 285 383 0
