0 0 26 0 0 13 562 119 2 21 0 0 0 1359 0 0 70 0 17 1 0 0 4 0 0 37 2 10 589 152 0 0 0 4 0 1 0 0 0 0 0 0 0 0 0 0 0 0 0 0 0 0 0 0 0 0 0 0 0 0 0 0 0 0 0 0 0 0
0 0 1 0 0 0 0 0 45 0 10 1 125 0 13 0 1 0 0 0 1 443 0 105 756 1 1281 4 0 0 0 0 0 11 0 234 3 0 0 0 0 0 3 0 2 0 17 0 0 0 1 0 3 0 0 29 0 8 31 16 201 0 0 0 4 0 0 4
26 1 0 0 0 6 272 86 2 6 0 0 0 75 1 1 964 0 68 0 137 0 3892 0 0 3004 4226 251 4 530 0 0 0 73 0 8 82 0 0 0 0 0 0 0 0 0 0 0 0 4 12 0 1 0 0 5 8 1 0 37 241 0 0 0 0 0 0 5
0 0 0 0 16 53 15 25 164 1331 0 1783 0 23 79 0 0 0 0 4149 0 0 0 639 2 0 0 1422 60 0 0 0 0 49 0 0 0 232 0 1 0 0 65 0 0 85 0 0 2 0 0 0 0 39 0 0 0 222 0 0 0 18 0 0 0 0 0 0
0 0 0 16 0 310 5 8 105 9 21 28 16 0 1090 0 0 0 0 5 2 11 6 16 0 0 2 9 1 0 0 88 0 471 0 0 0 0 1 1 0 0 5 1 0 6 0 0 6 0 0 0 0 0 0 2 0 0 0 0 1 0 0 0 0 0 0 0
13 0 6 53 310 0 511 2027 106 2632 16 3131 21 52 1070 0 6 1 2 32 0 0 5 12 0 7 1 224 43 26 0 39 0 87 0 0 0 1 1 51 1 2 6 0 0 190 0 1 30 3 0 0 0 1 0 0 0 59 0 0 0 42 1 0 0 0 0 3
562 0 272 15 5 511 0 464 14 1681 8 10 2 2024 21 0 12 0 10 2 1 0 44 26 0 124 6 5942 222 1097 0 3 3 88 0 0 0 0 0 0 0 0 4 0 0 0 0 0 0 1 0 0 0 1 0 0 0 1 0 0 1 0 0 0 0 0 0 0
119 0 86 25 8 2027 464 0 12 578 3 238 4 2152 16 0 110 0 0 18 2 2 8 5 0 56 2 45 87 193 0 118 1 39 0 0 0 0 0 1 0 1 1 0 0 4 0 0 4 0 0 0 0 0 0 0 0 0 0 0 0 0 0 0 0 0 0 0
2 45 2 164 105 106 14 12 0 74 13 494 56 4 475 0 0 0 0 103 0 439 0 2257 128 12 119 180 39 0 0 13 3 52 0 2 0 33 1 7 0 0 249 74 0 30 0 1 15 10 0 0 0 35 0 15 3 148 2 1 1 63 11 0 0 0 1 4
21 0 6 1331 9 2632 1681 578 74 0 3 2056 4 411 44 0 0 0 0 697 0 0 1 46 0 1 0 2310 155 1 0 3 1 152 0 0 0 0 3 3 0 0 55 0 0 56 0 0 16 0 0 0 0 6 0 1 0 242 0 0 0 10 0 0 0 0 0 0
0 10 0 0 21 16 8 3 13 3 0 32 286 12 6 0 34 1449 876 0 0 8 1 0 6 780 63 6 171 1 115 239 2 1180 0 3 0 0 0 0 0 0 0 0 24 0 277 0 0 0 0 0 0 0 0 0 0 0 69 3 22 0 0 0 8 3 0 3
0 1 0 1783 28 3131 10 238 494 2056 32 0 4 50 505 0 0 0 0 2233 0 1 0 336 0 0 3 423 115 0 0 17 0 152 0 0 0 86 3 63 0 0 45 58 0 613 0 0 30 0 0 0 0 63 0 0 0 37 0 0 0 66 2 1 0 0 0 4
0 125 0 0 16 21 2 4 56 4 286 4 0 0 84 0 0 0 0 0 1 60 0 3 703 88 703 12 11 0 148 53 0 613 0 20 0 0 8 32 0 4 7 3 35 7 1163 3 75 0 0 1 0 1 4 14 5 2 345 3 51 13 1 0 18 15 0 159
1359 0 75 23 0 52 2024 2152 4 411 12 50 0 0 6 0 152 0 13 9 1 0 13 9 0 41 9 65 2946 538 0 201 0 26 0 0 0 0 0 2 0 0 0 0 0 0 0 0 0 0 0 0 0 0 0 1 0 0 0 0 0 0 0 0 0 0 0 0
0 13 1 79 1090 1070 21 16 475 44 6 505 84 6 0 1 0 2 0 21 35 24 27 188 0 4 36 152 23 1 0 10 0 73 2 0 0 4 2 8 0 0 21 14 0 19 3 1 8 18 0 0 0 12 0 2 1 11 0 0 1 13 0 2 0 0 1 2
0 0 1 0 0 0 0 0 0 0 0 0 0 0 1 0 3 0 0 0 413 796 1200 350 0 0 1173 80 0 0 0 0 0 5 0 1 4 0 0 0 0 0 0 0 0 0 0 0 0 532 0 0 0 0 28 33 248 25 0 0 362 5 0 1 0 0 0 3
70 1 964 0 0 6 12 110 0 0 34 0 0 152 0 3 0 6 1778 0 24 0 930 9 0 872 1016 9 225 479 0 0 16 1122 0 6 4 0 0 0 0 0 0 0 0 0 0 0 0 1 2 0 1 0 0 2 1 0 0 4 24 0 0 0 0 0 0 1
0 0 0 0 0 1 0 0 0 0 1449 0 0 0 2 0 6 0 954 0 0 0 0 0 0 311 3 0 3 0 0 0 2 36 0 0 0 0 0 0 0 0 0 0 0 0 0 0 0 0 0 0 0 0 0 0 0 0 1 0 1 0 0 0 0 0 0 0
17 0 68 0 0 2 10 0 0 0 876 0 0 13 0 0 1778 954 0 0 6 1 31 0 0 2157 165 2 60 19 0 0 5 674 0 5 1 0 0 0 0 0 0 0 0 0 0 0 0 0 0 0 0 0 0 0 0 0 0 7 28 0 0 0 0 0 0 0
1 0 0 4149 5 32 2 18 103 697 0 2233 0 9 21 0 0 0 0 0 0 0 0 77 0 0 0 413 19 0 0 1 0 25 0 0 0 25 0 1 0 0 24 7 0 24 0 0 0 0 0 0 0 19 0 1 0 70 0 0 0 9 0 0 0 0 0 0
0 1 137 0 2 0 1 2 0 0 0 0 1 1 35 413 24 0 6 0 0 15 7391 31 0 20 132 2095 11 2662 0 4 9 1314 0 0 0 0 0 0 0 0 0 0 0 0 0 0 0 104 0 0 0 0 7 3 31 4 0 0 3 0 0 2 0 0 0 0
0 443 0 0 11 0 0 2 439 0 8 1 60 0 24 796 0 0 1 0 15 0 1 949 176 1 757 33 0 0 0 0 0 3 0 47 2 0 1 0 0 0 36 0 1 0 10 1 1 96 1 0 0 0 6 277 10 58 12 2 111 6 2 2 0 0 1 4
4 0 3892 0 6 5 44 8 0 1 1 0 0 13 27 1200 930 0 31 0 7391 1 0 30 0 391 2974 560 17 801 0 0 2 1430 0 3 19 0 0 0 0 0 0 0 0 0 1 0 0 228 2 0 0 0 5 3 287 3 0 0 320 1 0 0 0 0 0 4
0 105 0 639 16 12 26 5 2257 46 0 336 3 9 188 350 9 0 0 77 31 949 30 0 97 0 677 2467 33 6 0 3 2 45 2 18 1 28 0 30 1 0 116 104 0 23 0 1 24 293 1 0 0 43 46 50 47 830 2 1 22 237 19 19 0 0 5 43
0 756 0 2 0 0 0 0 128 0 6 0 703 0 0 0 0 0 0 0 0 176 0 97 0 2 1263 0 1 0 1 0 0 13 0 213 0 0 1 2 0 0 11 0 3 0 111 0 0 0 0 0 0 0 0 24 0 0 493 8 193 0 0 0 7 0 0 11
37 1 3004 0 0 7 124 56 12 1 780 0 88 41 4 0 872 311 2157 0 20 1 391 0 2 0 3793 48 57 158 184 4 2 245 0 27 10 0 0 0 0 0 0 0 15 0 180 0 0 0 9 1 25 0 0 0 1 0 24 263 607 0 0 0 51 0 0 5
2 1281 4226 0 2 1 6 2 119 0 63 3 703 9 36 1173 1016 3 165 0 132 757 2974 677 1263 3793 0 353 42 24 33 0 1 1156 0 749 287 0 0 0 0 0 7 0 13 0 311 0 0 55 74 0 20 0 4 99 145 21 194 400 4139 0 0 0 54 0 0 40
10 4 251 1422 9 224 5942 45 180 2310 6 423 12 65 152 80 9 0 2 413 2095 33 560 2467 0 48 353 0 405 2098 0 4 36 546 2 6 1 1 0 28 1 0 96 3 0 31 0 2 21 129 0 0 0 7 45 14 25 519 0 0 6 116 15 19 0 0 4 32
589 0 4 60 1 43 222 87 39 155 171 115 11 2946 23 0 225 3 60 19 11 0 17 33 1 57 42 405 0 1668 0 169 1293 870 1 0 0 0 1 15 0 0 7 0 0 2 0 0 5 7 0 0 0 0 5 1 0 23 0 0 2 5 4 3 0 0 4 6
152 0 530 0 0 26 1097 193 0 1 1 0 0 538 1 0 479 0 19 0 2662 0 801 6 0 158 24 2098 1668 0 0 3 275 825 0 0 0 0 0 0 0 0 0 0 0 0 0 0 0 2 0 0 0 0 2 1 2 0 0 0 1 3 0 1 0 0 0 0
0 0 0 0 0 0 0 0 0 0 115 0 148 0 0 0 0 0 0 0 0 0 0 0 1 184 33 0 0 0 0 0 0 1 0 0 0 0 0 0 0 0 0 0 6 0 69 0 0 0 0 0 0 0 0 0 0 0 6 0 10 0 0 0 8 0 0 0
0 0 0 0 88 39 3 118 13 3 239 17 53 201 10 0 0 0 0 1 4 0 0 3 0 4 0 4 169 3 0 0 5 623 0 0 0 0 0 9 0 0 0 0 0 0 0 0 1 0 0 0 0 0 0 0 0 0 0 0 0 0 0 0 0 1 0 1
0 0 0 0 0 0 3 1 3 1 2 0 0 0 0 0 16 2 5 0 9 0 2 2 0 2 1 36 1293 275 0 5 0 696 0 0 0 0 0 0 0 0 0 0 0 0 0 0 0 2 0 0 0 0 1 0 0 6 0 0 0 5 0 0 0 0 0 0
4 11 73 49 471 87 88 39 52 152 1180 152 613 26 73 5 1122 36 674 25 1314 3 1430 45 13 245 1156 546 870 825 1 623 696 0 1 17 7 0 0 13 0 1 6 0 0 2 4 2 21 11 1 0 1 0 14 1 5 36 4 16 161 17 6 3 0 1 3 10
0 0 0 0 0 0 0 0 0 0 0 0 0 0 2 0 0 0 0 0 0 0 0 2 0 0 0 2 1 0 0 0 0 1 0 0 4 0 0 1 1224 31 2 6 2 2 0 1190 0 0 7 2 24 1 0 0 0 2 0 5 3 5 461 492 0 0 4 10
1 234 8 0 0 0 0 0 2 0 3 0 20 0 0 1 6 0 5 0 0 47 3 18 213 27 749 6 0 0 0 0 0 17 0 0 2 1 1 0 0 0 89 0 0 4 19 0 26 3 16 0 0 0 0 389 1 135 975 8 2356 3 0 0 0 0 0 9
0 3 82 0 0 0 0 0 0 0 0 0 0 0 0 4 4 0 1 0 0 2 19 1 0 10 287 1 0 0 0 0 0 7 4 2 0 0 0 4 515 14 0 5 0 0 0 18 0 1 877 0 13 0 129 0 2642 1 0 1230 3892 412 0 121 0 0 0 18
0 0 0 232 0 1 0 0 33 0 0 86 0 0 4 0 0 0 0 25 0 0 0 28 0 0 0 1 0 0 0 0 0 0 0 1 0 0 6 21 2 4 87 1132 0 1057 0 11 40 0 0 0 0 3264 0 0 0 937 0 0 1 2402 12 0 0 0 0 22
0 0 0 0 1 1 0 0 1 3 0 3 8 0 2 0 0 0 0 0 0 1 0 0 1 0 0 0 1 0 0 0 0 0 0 1 0 6 0 226 0 2 46 4 6 19 29 0 911 0 0 0 0 4 0 6 0 25 3 0 0 7 0 0 0 180 0 162
0 0 0 1 1 51 0 1 7 3 0 63 32 2 8 0 0 0 0 1 0 0 0 30 2 0 0 28 15 0 0 9 0 13 1 0 4 21 226 0 463 2133 44 4069 27 4381 4 171 859 0 0 5 2 66 0 8 1 31 1 7 6 322 68 1 1 6 0 98
0 0 0 0 0 1 0 0 0 0 0 0 0 0 0 0 0 0 0 0 0 0 0 1 0 0 0 1 0 0 0 0 0 0 1224 0 515 2 0 463 0 581 4 1808 0 24 0 3380 7 0 44 0 9 4 11 0 125 58 0 130 7 3948 86 2580 0 0 4 43
0 0 0 0 0 2 0 1 0 0 0 0 4 0 0 0 0 0 0 0 0 0 0 0 0 0 0 0 0 0 0 0 0 1 31 0 14 4 2 2133 581 0 1 940 7 187 0 2837 66 0 6 1 0 19 1 0 2 4 0 8 1 60 44 107 0 328 0 30
0 3 0 65 5 6 4 1 249 55 0 45 7 0 21 0 0 0 0 24 0 36 0 116 11 0 7 96 7 0 0 0 0 6 2 89 0 87 46 44 4 1 0 78 2 380 7 6 483 0 0 1 0 79 0 628 0 2475 194 0 186 200 59 2 0 2 3 27
0 0 0 0 1 0 0 0 74 0 0 58 3 0 14 0 0 0 0 7 0 0 0 104 0 0 0 3 0 0 0 0 0 0 6 0 5 1132 4 4069 1808 940 78 0 0 1394 1 489 39 0 1 0 0 1151 0 0 0 110 0 0 0 2182 154 0 0 0 0 208
0 2 0 0 0 0 0 0 0 0 24 0 35 0 0 0 0 0 0 0 0 1 0 0 3 15 13 0 0 0 6 0 0 0 2 0 0 0 6 27 0 7 2 0 0 29 674 49 32 0 14 1360 233 0 2 1 4 4 14 476 11 4 276 42 111 330 0 1340
0 0 0 85 6 190 0 4 30 56 0 613 7 0 19 0 0 0 0 24 0 0 0 23 0 0 0 31 2 0 0 0 0 2 2 4 0 1057 19 4381 24 187 380 1394 29 0 0 95 660 0 0 7 3 2459 0 1 0 436 0 1 0 579 122 0 0 8 1 206
0 17 0 0 0 0 0 0 0 0 277 0 1163 0 3 0 0 0 0 0 0 10 1 0 111 180 311 0 0 0 69 0 0 4 0 19 0 0 29 4 0 0 7 1 674 0 0 3 14 0 0 0 0 0 2 9 1 3 681 57 851 2 10 0 374 159 0 214
0 0 0 0 0 1 0 0 1 0 0 0 3 0 1 0 0 0 0 0 0 1 0 1 0 0 0 2 0 0 0 0 0 2 1190 0 18 11 0 171 3380 2837 6 489 49 95 3 0 109 0 14 1 1 22 0 2 3 16 0 9 3 160 2507 542 1 59 5 72
0 0 0 2 6 30 0 4 15 16 0 30 75 0 8 0 0 0 0 0 0 1 0 24 0 0 0 21 5 0 0 1 0 21 0 26 0 40 911 859 7 66 483 39 32 660 14 109 0 0 0 1 6 33 8 16 2 161 0 7 7 116 52 4 1 17 0 51
0 0 4 0 0 3 1 0 10 0 0 0 0 0 18 532 1 0 0 0 104 96 228 293 0 0 55 129 7 2 0 0 2 11 0 3 1 0 0 0 0 0 0 0 0 0 0 0 0 0 3 0 0 0 857 725 1082 1116 0 1 1791 261 1 3 0 0 0 11
0 1 12 0 0 0 0 0 0 0 0 0 0 0 0 0 2 0 0 0 0 1 2 1 0 9 74 0 0 0 0 0 0 1 7 16 877 0 0 0 44 6 0 1 14 0 0 14 0 3 0 5 985 0 36 5 832 8 0 989 790 40 0 687 0 0 0 1140
0 0 0 0 0 0 0 0 0 0 0 0 1 0 0 0 0 0 0 0 0 0 0 0 0 1 0 0 0 0 0 0 0 0 2 0 0 0 0 5 0 1 1 0 1360 7 0 1 1 0 5 0 942 0 0 0 0 0 0 336 1 0 13 7 0 0 1 142
0 3 1 0 0 0 0 0 0 0 0 0 0 0 0 0 1 0 0 0 0 0 0 0 0 25 20 0 0 0 0 0 0 1 24 0 13 0 0 2 9 0 0 0 233 3 0 1 6 0 985 942 0 0 4 0 62 0 0 1285 103 3 19 263 0 0 0 527
0 0 0 39 0 1 1 0 35 6 0 63 1 0 12 0 0 0 0 19 0 0 0 43 0 0 0 7 0 0 0 0 0 0 1 0 0 3264 4 66 4 19 79 1151 0 2459 0 22 33 0 0 0 0 0 0 0 0 109 0 0 0 1081 27 0 0 4 0 42
0 0 0 0 0 0 0 0 0 0 0 0 4 0 0 28 0 0 0 0 7 6 5 46 0 0 4 45 5 2 0 0 1 14 0 0 129 0 0 0 11 1 0 0 2 0 2 0 8 857 36 0 4 0 0 6 7060 30 0 7 216 2396 17 3127 0 0 10 899
0 29 5 0 2 0 0 0 15 1 0 0 14 1 2 33 2 0 0 1 3 277 3 50 24 0 99 14 1 1 0 0 0 1 0 389 0 0 6 8 0 0 628 0 1 1 9 2 16 725 5 0 0 0 6 0 0 1195 255 2 867 3 3 2 0 0 0 7
0 0 8 0 0 0 0 0 3 0 0 0 5 0 1 248 1 0 0 0 31 10 287 47 0 1 145 25 0 2 0 0 0 5 0 1 2642 0 0 1 125 2 0 0 4 0 1 3 2 1082 832 0 62 0 7060 0 0 29 0 189 2976 441 16 534 0 0 7 954
0 8 1 222 0 59 1 0 148 242 0 37 2 0 11 25 0 0 0 70 4 58 3 830 0 0 21 519 23 0 0 0 6 36 2 135 1 937 25 31 58 4 2475 110 4 436 3 16 161 1116 8 0 0 109 30 1195 29 0 66 1 706 3431 96 5 0 0 2 61
0 31 0 0 0 0 0 0 2 0 69 0 345 0 0 0 0 1 0 0 0 12 0 2 493 24 194 0 0 0 6 0 0 4 0 975 0 0 3 1 0 0 194 0 14 0 681 0 0 0 0 0 0 0 0 255 0 66 0 0 876 0 1 0 0 14 0 12
0 16 37 0 0 0 0 0 1 0 3 0 3 0 0 0 4 0 7 0 0 2 0 1 8 263 400 0 0 0 0 0 0 16 5 8 1230 0 0 7 130 8 0 0 476 1 57 9 7 1 989 336 1285 0 7 2 189 1 0 0 2744 38 15 157 542 1 0 73
0 201 241 0 1 0 1 0 1 0 22 0 51 0 1 362 24 1 28 0 3 111 320 22 193 607 4139 6 2 1 10 0 0 161 3 2356 3892 1 0 6 7 1 186 0 11 0 851 3 7 1791 790 1 103 0 216 867 2976 706 876 2744 0 289 7 45 177 0 2 451
0 0 0 18 0 42 0 0 63 10 0 66 13 0 13 5 0 0 0 9 0 6 1 237 0 0 0 116 5 3 0 0 5 17 5 3 412 2402 7 322 3948 60 200 2182 4 579 2 160 116 261 40 0 3 1081 2396 3 441 3431 0 38 289 0 433 1718 0 3 26 524
0 0 0 0 0 1 0 0 11 0 0 2 1 0 0 0 0 0 0 0 0 2 0 19 0 0 0 15 4 0 0 0 0 6 461 0 0 12 0 68 86 44 59 154 276 122 10 2507 52 1 0 13 19 27 17 3 16 96 1 15 7 433 0 1074 0 61 1716 1275
0 0 0 0 0 0 0 0 0 0 0 1 0 0 2 1 0 0 0 0 2 2 0 19 0 0 0 19 3 1 0 0 0 3 492 0 121 0 0 1 2580 107 2 0 42 0 0 542 4 3 687 7 263 0 3127 2 534 5 0 157 45 1718 1074 0 0 0 274 1046
0 4 0 0 0 0 0 0 0 0 8 0 18 0 0 0 0 0 0 0 0 0 0 0 7 51 54 0 0 0 8 0 0 0 0 0 0 0 0 1 0 0 0 0 111 0 374 1 1 0 0 0 0 0 0 0 0 0 0 542 177 0 0 0 0 0 0 1
0 0 0 0 0 0 0 0 0 0 3 0 15 0 0 0 0 0 0 0 0 0 0 0 0 0 0 0 0 0 0 1 0 1 0 0 0 0 180 6 0 328 2 0 330 8 159 59 17 0 0 0 0 4 0 0 0 0 14 1 0 3 61 0 0 0 0 629
0 0 0 0 0 0 0 0 1 0 0 0 0 0 1 0 0 0 0 0 0 1 0 5 0 0 0 4 4 0 0 0 0 3 4 0 0 0 0 0 4 0 3 0 0 1 0 5 0 0 0 1 0 0 10 0 7 2 0 0 2 26 1716 274 0 0 0 309
0 4 5 0 0 3 0 0 4 0 3 4 159 0 2 3 1 0 0 0 0 4 4 43 11 5 40 32 6 0 0 1 0 10 10 9 18 22 162 98 43 30 27 208 1340 206 214 72 51 11 1140 142 527 42 899 7 954 61 12 73 451 524 1275 1046 1 629 309 0
