0 0 26 0 0 2 599 159 0 3 0 0 0 2252 0 0 61 0 2 1 2 0 49 0 0 15 3 2 822 1163 0 0 1 8 0 0 0 0 0 0 0 0 0 0 0 0 0 0 0 0 0 0 0 0 0 0 0 0 0 0 0 0 0 0 0 0 0 0
0 0 0 0 0 0 1 0 42 0 7 0 85 0 1 4 0 1 0 0 0 161 0 46 400 1 1230 0 1 0 2 0 0 94 0 156 6 0 0 0 0 0 2 0 1 0 6 0 0 1 1 0 0 0 1 33 1 8 4 12 259 0 0 0 0 0 0 0
26 0 0 0 0 51 253 210 0 5 0 0 0 98 0 0 1884 0 18 0 138 0 3188 0 0 2168 3938 103 15 224 0 0 1 37 0 3 157 0 0 0 0 0 0 0 0 0 0 0 0 5 7 0 2 0 1 2 69 1 0 19 402 3 0 0 0 0 0 3
0 0 0 0 22 22 20 6 170 1109 0 1236 0 0 48 0 0 0 0 4581 0 0 0 1524 0 0 1 1703 21 0 0 0 1 21 0 1 0 169 0 3 0 0 51 23 0 77 0 0 4 0 0 0 0 117 0 2 0 129 0 0 0 51 0 1 0 0 0 4
0 0 0 22 0 401 0 2 56 3 11 80 4 0 537 0 0 0 0 11 0 1 0 24 0 0 0 17 0 1 0 87 2 436 0 0 0 0 1 6 0 0 2 0 0 5 1 0 7 0 0 0 0 0 0 0 0 1 0 0 0 0 0 0 0 0 0 0
2 0 51 22 401 0 185 1465 126 2716 51 2545 0 95 1666 0 23 16 12 131 6 1 11 26 0 16 7 176 63 15 1 93 1 182 0 0 0 4 3 13 0 0 3 11 0 35 2 0 3 0 0 0 0 30 0 0 0 49 0 0 0 25 0 0 0 0 0 14
599 1 253 20 0 185 0 436 23 1130 6 8 0 1991 12 0 7 0 4 4 42 0 34 234 0 14 7 6261 131 1299 0 2 10 66 0 0 0 0 0 2 0 0 6 0 0 3 1 0 1 1 0 0 0 3 0 0 0 35 0 0 0 28 0 0 0 0 0 0
159 0 210 6 2 1465 436 0 67 918 67 120 2 3975 29 0 165 15 12 14 11 1 99 6 0 29 10 30 36 231 1 285 0 133 0 0 0 0 0 1 0 0 1 0 1 1 0 0 0 0 0 0 0 0 0 0 0 2 0 0 0 3 0 0 0 0 0 2
0 42 0 170 56 126 23 67 0 53 2 561 15 1 192 0 1 0 1 78 0 616 1 2477 63 0 332 120 39 2 0 1 4 37 0 2 0 25 0 1 3 1 250 33 0 90 3 1 0 36 0 0 0 17 3 30 0 223 1 0 2 57 0 2 0 0 0 5
3 0 5 1109 3 2716 1130 918 53 0 22 1198 1 836 42 0 5 1 14 1116 0 0 1 38 0 1 0 2044 267 1 0 0 12 162 0 0 0 2 0 5 6 0 35 3 0 123 1 0 7 0 0 0 0 52 0 0 0 163 0 0 0 17 0 0 0 0 0 0
0 7 0 0 11 51 6 67 2 22 0 20 334 31 1 0 39 1367 688 2 0 6 2 0 2 884 49 1 216 5 67 115 1 1964 0 6 0 0 0 1 0 0 0 0 57 0 173 1 0 0 0 0 0 0 0 1 0 0 24 8 49 0 0 0 5 3 0 3
0 0 0 1236 80 2545 8 120 561 1198 20 0 0 35 866 0 1 2 4 1410 0 0 0 499 1 3 12 142 61 1 0 0 2 127 0 0 0 71 0 73 7 1 55 117 0 806 0 0 22 1 0 0 0 52 0 1 0 78 0 0 0 75 1 0 0 0 0 4
0 85 0 0 4 0 0 2 15 1 334 0 0 0 12 1 0 0 1 1 2 67 0 5 1099 36 1115 3 3 2 253 2 0 360 0 4 0 0 1 0 1 0 1 0 168 0 998 1 1 0 0 0 1 0 1 1 0 1 79 28 593 1 0 0 44 6 0 13
2252 0 98 0 0 95 1991 3975 1 836 31 35 0 0 1 0 99 7 7 10 17 0 72 0 0 16 15 25 1717 379 1 62 0 53 0 0 0 0 0 0 0 0 1 0 0 0 0 0 0 0 0 0 0 0 0 0 0 0 0 0 0 0 0 0 0 0 0 0
0 1 0 48 537 1666 12 29 192 42 1 866 12 1 0 1 2 1 0 30 24 2 3 175 0 0 5 98 23 22 0 0 4 53 0 0 0 24 10 4 0 5 5 62 0 132 4 0 10 2 0 0 0 44 0 0 0 6 0 0 0 11 0 0 0 0 0 4
0 4 0 0 0 0 0 0 0 0 0 0 1 0 1 0 0 0 0 0 947 820 960 223 0 0 903 256 0 0 0 0 0 7 0 1 4 0 0 0 0 0 0 0 0 0 0 0 1 789 0 0 0 0 66 69 419 49 0 0 100 19 0 12 0 0 0 2
61 0 1884 0 0 23 7 165 1 5 39 1 0 99 2 0 0 28 1694 4 27 0 1451 0 0 1259 448 2 249 238 1 0 12 1729 0 1 12 0 0 0 0 0 0 0 0 0 0 0 0 0 0 0 0 0 0 0 1 0 0 2 23 0 0 0 0 0 0 0
0 1 0 0 0 16 0 15 0 1 1367 2 0 7 1 0 28 0 1094 0 0 0 0 0 0 546 55 0 40 1 8 1 0 99 0 1 0 0 0 0 0 0 0 0 1 0 2 0 0 0 0 0 0 0 0 0 0 0 0 3 10 0 0 0 0 0 0 0
2 0 18 0 0 12 4 12 1 14 688 4 1 7 0 0 1694 1094 0 1 1 0 9 0 0 1304 484 1 65 3 4 2 1 691 0 4 1 0 0 0 0 0 0 0 0 0 1 0 0 0 1 0 0 0 0 0 0 0 0 11 44 0 0 0 0 0 0 0
1 0 0 4581 11 131 4 14 78 1116 2 1410 1 10 30 0 4 0 1 0 0 0 0 273 0 0 1 267 22 1 0 0 1 43 0 1 0 98 0 16 20 1 31 91 0 120 2 0 15 0 0 0 0 419 0 1 0 368 0 0 0 179 0 1 0 0 1 1
2 0 138 0 0 6 42 11 0 0 0 0 2 17 24 947 27 0 1 0 0 17 6863 4 0 5 17 1987 39 2162 0 4 19 1485 0 0 1 0 0 0 0 0 0 0 0 0 2 0 0 116 0 0 0 0 35 9 8 24 0 0 0 20 0 16 0 0 0 13
0 161 0 0 1 1 0 1 616 0 6 0 67 0 2 820 0 0 0 0 17 0 0 1357 166 0 932 62 2 0 0 0 0 29 0 6 1 0 0 0 0 0 9 1 0 0 0 1 0 168 0 0 0 0 5 184 14 55 3 1 126 15 0 2 0 0 0 0
49 0 3188 0 0 11 34 99 1 1 2 0 0 72 3 960 1451 0 9 0 6863 0 0 12 0 86 2758 530 123 584 0 1 8 1381 0 0 4 0 0 0 0 0 0 0 0 0 1 0 0 295 0 0 0 0 23 6 373 7 0 0 150 16 0 11 0 0 0 3
0 46 0 1524 24 26 234 6 2477 38 0 499 5 0 175 223 0 0 0 273 4 1357 12 0 52 1 340 1720 44 1 0 2 16 40 0 2 1 99 0 10 12 1 77 115 0 39 2 1 2 283 0 0 0 47 57 52 18 960 0 0 4 373 7 8 0 0 0 42
0 400 0 0 0 0 0 0 63 0 2 1 1099 0 0 0 0 0 0 0 0 166 0 52 0 1 820 0 1 1 12 0 0 533 0 20 0 0 0 0 0 0 1 0 13 0 135 0 0 0 0 0 0 0 0 3 0 1 157 6 133 0 0 0 1 0 0 6
15 1 2168 0 0 16 14 29 0 1 884 3 36 16 0 0 1259 546 1304 0 5 0 86 1 1 0 3722 3 37 12 103 0 0 118 0 14 45 0 0 0 0 0 0 0 17 0 43 0 0 1 5 0 3 0 0 1 1 0 1 195 528 0 0 0 16 1 0 5
3 1230 3938 1 0 7 7 10 332 0 49 12 1115 15 5 903 448 55 484 1 17 932 2758 340 820 3722 0 75 109 9 147 3 0 725 0 492 438 0 0 0 0 0 4 0 20 0 63 0 0 507 15 0 15 0 8 100 519 16 50 521 7318 24 0 0 28 0 0 63
2 0 103 1703 17 176 6261 30 120 2044 1 142 3 25 98 256 2 0 1 267 1987 62 530 1720 0 3 75 0 217 1108 0 11 37 289 0 0 0 17 0 4 11 0 65 10 0 61 2 0 0 241 0 0 0 50 57 16 13 665 0 0 4 366 5 28 0 0 1 36
822 1 15 21 0 63 131 36 39 267 216 61 3 1717 23 0 249 40 65 22 39 2 123 44 1 37 109 217 0 1971 4 87 1017 1134 0 0 0 0 0 0 0 0 5 0 0 1 3 0 0 2 0 0 0 0 1 0 0 29 0 0 1 7 1 1 0 0 0 2
1163 0 224 0 1 15 1299 231 2 1 5 1 2 379 22 0 238 1 3 1 2162 0 584 1 1 12 9 1108 1971 0 0 11 440 1215 0 0 0 0 0 0 1 0 0 0 0 1 0 0 0 1 0 0 0 0 1 1 1 11 0 0 0 9 0 0 0 0 0 1
0 2 0 0 0 1 0 1 0 0 67 0 253 1 0 0 1 8 4 0 0 0 0 0 12 103 147 0 4 0 0 0 0 6 0 5 0 0 0 0 0 0 0 0 12 0 41 0 0 0 0 0 0 0 0 0 0 0 3 13 116 0 0 0 15 0 0 2
0 0 0 0 87 93 2 285 1 0 115 0 2 62 0 0 0 1 2 0 4 0 1 2 0 0 3 11 87 11 0 0 0 494 0 0 0 0 0 0 0 0 0 0 0 0 3 0 0 0 0 0 0 0 0 0 0 0 1 0 0 0 0 0 0 0 0 0
1 0 1 1 2 1 10 0 4 12 1 2 0 0 4 0 12 0 1 1 19 0 8 16 0 0 0 37 1017 440 0 0 0 531 0 0 0 0 0 0 0 0 1 0 0 0 0 0 0 0 0 0 0 0 0 0 0 5 0 0 0 2 0 1 0 0 1 3
8 94 37 21 436 182 66 133 37 162 1964 127 360 53 53 7 1729 99 691 43 1485 29 1381 40 533 118 725 289 1134 1215 6 494 531 0 0 12 7 2 2 13 3 7 5 6 16 17 83 2 6 1 0 0 0 2 0 3 1 85 67 13 66 31 3 1 0 0 2 99
0 0 0 0 0 0 0 0 0 0 0 0 0 0 0 0 0 0 0 0 0 0 0 0 0 0 0 0 0 0 0 0 0 0 0 0 3 1 0 0 699 1 0 4 1 1 0 1067 1 0 24 0 12 0 3 0 3 2 0 12 0 14 925 692 0 0 4 26
0 156 3 1 0 0 0 0 2 0 6 0 4 0 0 1 1 1 4 1 0 6 0 2 20 14 492 0 0 0 5 0 0 12 0 0 1 0 0 0 1 2 63 0 0 1 29 0 5 8 0 0 0 1 0 506 0 120 452 3 1400 0 0 0 0 0 0 36
0 6 157 0 0 0 0 0 0 0 0 0 0 0 0 4 12 0 1 0 1 1 4 1 0 45 438 0 0 0 0 0 0 7 3 1 0 0 0 7 196 31 0 0 0 1 0 51 0 0 1280 0 23 0 158 0 1910 1 0 1105 4568 115 0 22 0 0 0 34
0 0 0 169 0 4 0 0 25 2 0 71 0 0 24 0 0 0 0 98 0 0 0 99 0 0 0 17 0 0 0 0 0 2 1 0 0 0 6 50 4 17 123 974 0 1290 1 24 28 0 0 0 0 4068 0 0 0 754 0 0 0 851 30 0 0 0 1 36
0 0 0 0 1 3 0 0 0 0 0 0 1 0 10 0 0 0 0 0 0 0 0 0 0 0 0 0 0 0 0 0 0 2 0 0 0 6 0 327 2 3 65 4 51 25 22 1 1033 0 0 0 0 1 4 4 6 58 2 0 0 6 1 1 0 173 0 236
0 0 0 3 6 13 2 1 1 5 1 73 0 0 4 0 0 0 0 16 0 0 0 10 0 0 0 4 0 0 0 0 0 13 0 0 7 50 327 0 367 2441 76 2892 25 3765 5 32 398 0 0 2 1 101 4 1 1 116 0 8 1 253 14 1 0 25 0 115
0 0 0 0 0 0 0 0 3 6 0 7 1 0 0 0 0 0 0 20 0 0 0 12 0 0 0 11 0 1 0 0 0 3 699 1 196 4 2 367 0 965 12 1921 9 99 7 2823 16 0 162 0 49 2 203 1 194 65 0 39 12 5696 193 2278 0 1 12 109
0 0 0 0 0 0 0 0 1 0 0 1 0 0 5 0 0 0 0 1 0 0 0 1 0 0 0 0 0 0 0 0 0 7 1 2 31 17 3 2441 965 0 70 513 22 169 2 3710 77 0 12 15 2 14 23 0 21 42 0 26 9 78 20 23 1 200 0 101
0 2 0 51 2 3 6 1 250 35 0 55 1 1 5 0 0 0 0 31 0 9 0 77 1 0 4 65 5 0 0 0 1 5 0 63 0 123 65 76 12 70 0 47 2 426 37 21 382 0 0 1 1 45 0 456 0 3168 82 2 226 146 14 4 0 0 2 25
0 0 0 23 0 11 0 0 33 3 0 117 0 0 62 0 0 0 0 91 0 1 0 115 0 0 0 10 0 0 0 0 0 6 4 0 0 974 4 2892 1921 513 47 0 4 2175 5 367 49 0 2 0 3 2207 0 0 0 84 0 0 0 2455 181 2 0 2 0 190
0 1 0 0 0 0 0 1 0 0 57 0 168 0 0 0 0 1 0 0 0 0 0 0 13 17 20 0 0 0 12 0 0 16 1 0 0 0 51 25 9 22 2 4 0 26 667 248 4 0 9 1564 124 2 8 0 12 1 10 619 26 2 373 6 49 371 1 1552
0 0 0 77 5 35 3 1 90 123 0 806 0 0 132 0 0 0 0 120 0 0 0 39 0 0 0 61 1 1 0 0 0 17 1 1 1 1290 25 3765 99 169 426 2175 26 0 5 127 583 1 4 14 18 1885 1 3 0 493 3 7 6 347 36 1 0 0 0 137
0 6 0 0 1 2 1 0 3 1 173 0 998 0 4 0 0 2 1 2 2 0 1 2 135 43 63 2 3 0 41 3 0 83 0 29 0 1 22 5 7 2 37 5 667 5 0 6 11 0 0 0 0 2 1 22 1 21 1299 34 997 8 3 0 428 33 0 526
0 0 0 0 0 0 0 0 1 0 1 0 1 0 0 0 0 0 0 0 0 1 0 1 0 0 0 0 0 0 0 0 0 2 1067 0 51 24 1 32 2823 3710 21 367 248 127 6 0 19 0 76 41 12 23 34 0 30 31 1 142 65 126 2029 516 7 37 3 449
0 0 0 4 7 3 1 0 0 7 0 22 1 0 10 1 0 0 0 15 0 0 0 2 0 0 0 0 0 0 0 0 0 6 1 5 0 28 1033 398 16 77 382 49 4 583 11 19 0 0 1 1 0 6 55 24 23 466 1 1 10 176 7 28 0 1 1 24
0 1 5 0 0 0 1 0 36 0 0 1 0 0 2 789 0 0 0 0 116 168 295 283 0 1 507 241 2 1 0 0 0 1 0 8 0 0 0 0 0 0 0 0 0 1 0 0 0 0 0 0 0 0 613 1678 1681 1450 0 0 1237 417 0 5 0 0 0 4
0 1 7 0 0 0 0 0 0 0 0 0 0 0 0 0 0 0 1 0 0 0 0 0 0 5 15 0 0 0 0 0 0 0 24 0 1280 0 0 0 162 12 0 2 9 4 0 76 1 0 0 39 1903 0 43 0 1888 0 0 1118 412 11 22 374 0 0 1 1265
0 0 0 0 0 0 0 0 0 0 0 0 0 0 0 0 0 0 0 0 0 0 0 0 0 0 0 0 0 0 0 0 0 0 0 0 0 0 0 2 0 15 1 0 1564 14 0 41 1 0 39 0 880 0 3 0 9 1 1 811 13 0 29 6 0 1 0 174
0 0 2 0 0 0 0 0 0 0 0 0 1 0 0 0 0 0 0 0 0 0 0 0 0 3 15 0 0 0 0 0 0 0 12 0 23 0 0 1 49 2 1 3 124 18 0 12 0 0 1903 880 0 1 15 0 60 1 0 1293 192 1 18 108 0 0 0 570
0 0 0 117 0 30 3 0 17 52 0 52 0 0 44 0 0 0 0 419 0 0 0 47 0 0 0 50 0 0 0 0 0 2 0 1 0 4068 1 101 2 14 45 2207 2 1885 2 23 6 0 0 0 1 0 0 0 0 109 0 0 0 165 18 0 0 0 0 40
0 1 1 0 0 0 0 0 3 0 0 0 1 0 0 66 0 0 0 0 35 5 23 57 0 0 8 57 1 1 0 0 0 0 3 0 158 0 4 4 203 23 0 0 8 1 1 34 55 613 43 3 15 0 0 0 6273 29 0 7 74 1677 14 2222 0 1 7 1209
0 33 2 2 0 0 0 0 30 0 1 1 1 0 0 69 0 0 0 1 9 184 6 52 3 1 100 16 0 1 0 0 0 3 0 506 0 0 4 1 1 0 456 0 0 3 22 0 24 1678 0 0 0 0 0 0 0 670 104 0 1151 3 0 0 0 0 0 16
0 1 69 0 0 0 0 0 0 0 0 0 0 0 0 419 1 0 0 0 8 14 373 18 0 1 519 13 0 1 0 0 0 1 3 0 1910 0 6 1 194 21 0 0 12 0 1 30 23 1681 1888 9 60 0 6273 0 0 47 0 126 1944 253 11 361 0 0 7 1044
0 8 1 129 1 49 35 2 223 163 0 78 1 0 6 49 0 0 0 368 24 55 7 960 1 0 16 665 29 11 0 0 5 85 2 120 1 754 58 116 65 42 3168 84 1 493 21 31 466 1450 0 1 1 109 29 670 47 0 71 0 447 3144 48 9 0 1 2 65
0 4 0 0 0 0 0 0 1 0 24 0 79 0 0 0 0 0 0 0 0 3 0 0 157 1 50 0 0 0 3 1 0 67 0 452 0 0 2 0 0 0 82 0 10 3 1299 1 1 0 0 1 0 0 0 104 0 71 0 2 782 0 1 0 2 2 0 298
0 12 19 0 0 0 0 0 0 0 8 0 28 0 0 0 2 3 11 0 0 1 0 0 6 195 521 0 0 0 13 0 0 13 12 3 1105 0 0 8 39 26 2 0 619 7 34 142 1 0 1118 811 1293 0 7 0 126 0 2 0 2355 6 87 37 184 21 0 145
0 259 402 0 0 0 0 0 2 0 49 0 593 0 0 100 23 10 44 0 0 126 150 4 133 528 7318 4 1 0 116 0 0 66 0 1400 4568 0 0 1 12 9 226 0 26 6 997 65 10 1237 412 13 192 0 74 1151 1944 447 782 2355 0 190 46 13 116 5 0 293
0 0 3 51 0 25 28 3 57 17 0 75 1 0 11 19 0 0 0 179 20 15 16 373 0 0 24 366 7 9 0 0 2 31 14 0 115 851 6 253 5696 78 146 2455 2 347 8 126 176 417 11 0 1 165 1677 3 253 3144 0 6 190 0 280 1057 0 4 23 386
0 0 0 0 0 0 0 0 0 0 0 1 0 0 0 0 0 0 0 0 0 0 0 7 0 0 0 5 1 0 0 0 0 3 925 0 0 30 1 14 193 20 14 181 373 36 3 2029 7 0 22 29 18 18 14 0 11 48 1 87 46 280 0 1615 1 174 1414 1862
0 0 0 1 0 0 0 0 2 0 0 0 0 0 0 12 0 0 0 1 16 2 11 8 0 0 0 28 1 0 0 0 1 1 692 0 22 0 1 1 2278 23 4 2 6 1 0 516 28 5 374 6 108 0 2222 0 361 9 0 37 13 1057 1615 0 0 5 263 1749
0 0 0 0 0 0 0 0 0 0 5 0 44 0 0 0 0 0 0 0 0 0 0 0 1 16 28 0 0 0 15 0 0 0 0 0 0 0 0 0 0 1 0 0 49 0 428 7 0 0 0 0 0 0 0 0 0 0 2 184 116 0 1 0 0 1 0 5
0 0 0 0 0 0 0 0 0 0 3 0 6 0 0 0 0 0 0 0 0 0 0 0 0 1 0 0 0 0 0 0 0 0 0 0 0 0 173 25 1 200 0 2 371 0 33 37 1 0 0 1 0 0 1 0 0 1 2 21 5 4 174 5 1 0 0 408
0 0 0 0 0 0 0 0 0 0 0 0 0 0 0 0 0 0 0 1 0 0 0 0 0 0 0 1 0 0 0 0 1 2 4 0 0 1 0 0 12 0 2 0 1 0 0 3 1 0 1 0 0 0 7 0 7 2 0 0 0 23 1414 263 0 0 0 389
0 0 3 4 0 14 0 2 5 0 3 4 13 0 4 2 0 0 0 1 13 0 3 42 6 5 63 36 2 1 2 0 3 99 26 36 34 36 236 115 109 101 25 190 1552 137 526 449 24 4 1265 174 570 40 1209 16 1044 65 298 145 293 386 1862 1749 5 408 389 0
